name	SRX3432753	SRX3432752	SRX3432751	SRX3432750	SRX3432748	SRX3432749	SRX3432755	SRX3432754	SRX3432746	SRX3432747	SRX3432758	SRX3432757	SRX3432760	SRX3432759	SRX3432756
hsa-miR-214-5p	0	0	0	11	0	0	0	0	0	32	0	0	0	0	0
hsa-miR-4640-5p	2	3	0	0	0	0	0	2	0	0	0	0	2	0	2
hsa-miR-1287-3p	101	67	6	0	0	0	18	67	0	0	17	3	16	0	22
hsa-miR-4645-3p	4	0	0	0	0	0	0	0	0	0	0	0	2	0	0
hsa-miR-98-5p	7003	10480	2903	110	0	0	2588	5266	38	20	3259	296	431	536	4854
hsa-miR-6134	0	0	0	0	0	0	0	0	0	0	0	0	0	0	0
hsa-miR-516a-5p	41	4	2	0	0	0	0	0	0	9	9	0	0	0	0
hsa-miR-651-5p	910	511	225	6	0	0	277	238	3	3	105	27	69	29	681
hsa-miR-6505-5p	0	0	0	2	0	0	0	0	0	5	0	0	0	0	0
hsa-miR-6131	2	0	2	8	0	0	0	0	0	15	0	0	0	0	2
hsa-miR-6866-5p	48	11	2	0	0	5	2	15	0	11	7	0	15	4	11
hsa-miR-6130	28	6	1	0	0	0	0	3	0	0	2	0	0	1	4
hsa-miR-376a-3p	2	2	0	0	0	0	0	0	0	0	0	0	0	0	2
hsa-miR-6750-5p	0	0	0	0	6	0	0	0	0	15	0	0	0	0	0
hsa-miR-148a-5p	21300	9087	1481	37	8	59	2249	6450	5	181	3940	1094	4351	7857	2050
hsa-miR-618	0	0	0	2	6	0	16	0	0	0	0	0	0	0	2
hsa-miR-185-5p	1021	1410	435	8868	199	2453	688	525	442	29218	350	151	70	73	801
hsa-miR-30b-3p	51	67	20	0	0	0	10	39	0	13	14	13	5	17	10
hsa-miR-1468-5p	55	22	0	6	0	4	6	15	4	45	5	4	17	23	2
hsa-miR-610	0	0	0	2	0	2	0	0	0	23	0	0	0	0	0
hsa-miR-150-3p	3	0	0	37	0	53	0	0	4	173	0	0	0	0	0
hsa-miR-342-3p	1068	2240	169	73	20	0	388	1027	13	23	920	159	176	401	828
hsa-miR-6744-5p	4	0	0	0	0	0	0	0	0	0	0	0	0	0	0
hsa-miR-6129	0	2	0	0	0	0	0	0	0	0	0	0	0	0	0
hsa-miR-7-5p	8425	1910	1188	1129	4	221	1514	3211	173	3113	1255	438	1800	950	2960
hsa-miR-548a-3p	15	20	2	3	0	0	9	7	0	0	5	0	0	0	16
hsa-miR-6820-5p	4	0	0	0	0	0	0	0	0	3	0	0	0	0	0
hsa-miR-4797-5p	0	0	0	0	0	0	0	0	0	0	2	0	0	0	0
hsa-miR-4754	0	0	0	0	0	2	0	0	0	0	0	0	0	0	0
hsa-miR-144-3p	0	0	0	995	0	44	0	0	23	1996	0	0	0	0	0
hsa-miR-331-5p	88	132	15	4	0	4	15	50	0	4	45	10	9	8	50
hsa-miR-4709-3p	3	0	0	0	0	0	0	0	0	0	0	0	0	0	0
hsa-miR-4762-3p	0	0	0	0	0	0	0	0	3	0	0	0	0	0	0
hsa-miR-523-5p	1	0	0	2	0	0	0	0	0	6	0	0	0	0	0
hsa-miR-6791-5p	0	0	0	0	0	0	0	0	0	2	0	0	0	0	0
hsa-miR-26b-5p	55435	74777	12054	1607	28	6	9045	26638	299	369	12373	936	3907	4725	12894
hsa-miR-889-3p	7	6	0	3	0	0	0	0	7	0	0	0	0	0	0
hsa-miR-5189-5p	0	0	0	11	0	48	0	0	2	15	0	0	0	0	0
hsa-miR-603	0	3	0	0	0	0	0	0	0	0	0	0	0	0	0
hsa-miR-3120-3p	2	0	0	3	0	0	0	0	0	2	0	0	0	0	0
hsa-miR-3622a-3p	23	44	4	0	0	0	4	13	0	0	21	2	3	0	11
hsa-miR-181c-5p	154	615	105	0	0	0	157	113	0	13	72	17	16	2	211
hsa-miR-3661	3	0	0	0	0	0	0	0	0	4	0	0	0	3	0
hsa-miR-1224-5p	0	0	0	18	0	69	0	0	0	220	0	0	0	0	0
hsa-miR-191-3p	10	3	2	0	0	0	3	5	3	45	0	0	2	0	2
hsa-miR-6785-5p	0	0	0	0	0	3	0	0	0	0	0	0	0	0	0
hsa-miR-4640-3p	0	0	0	0	0	0	0	2	0	0	0	0	0	0	2
hsa-miR-214-3p	0	0	0	8	0	5	0	0	0	7	0	0	0	0	0
hsa-miR-93-5p	5328	10449	1495	1386	34	44	2535	5304	61	1338	2401	1191	716	437	4446
hsa-miR-4744	0	2	0	0	0	0	0	0	0	0	0	0	0	0	0
hsa-miR-98-3p	50	40	7	0	0	0	5	5	0	0	0	2	2	0	16
hsa-miR-33b-5p	39	55	25	0	0	0	26	9	0	4	3	0	2	0	63
hsa-miR-4741	6	0	0	0	0	0	0	0	0	19	0	0	0	0	0
hsa-miR-296-5p	24	12	5	4	0	0	8	6	0	2	27	0	2	6	16
hsa-miR-148a-3p	9203775	2033786	642879	17059	1363	1109	611566	2871408	6998	15348	598147	161173	2590729	2562791	1035938
hsa-miR-127-5p	3	0	0	0	0	0	0	0	0	22	0	0	0	0	0
hsa-miR-4745-5p	0	0	0	0	2	26	0	0	2	20	2	0	0	0	0
hsa-miR-185-3p	108	35	8	117	35	199	21	48	8	1445	9	10	31	44	15
hsa-miR-1271-5p	40	42	13	4	0	0	6	9	0	0	33	0	0	7	15
hsa-miR-377-3p	0	0	0	0	0	0	0	0	0	4	0	0	0	0	0
hsa-miR-6779-5p	0	0	0	0	0	8	0	0	0	0	0	0	0	0	0
hsa-let-7a-2-3p	4	1	0	0	0	0	0	0	0	0	0	0	0	0	0
hsa-miR-6855-5p	2	0	0	17	0	47	0	3	0	70	0	0	0	0	0
hsa-miR-3654	3	0	0	0	0	0	0	0	0	0	0	2	6	0	5
hsa-miR-19b-3p	34396	20754	6740	364	6	12	5891	5795	0	211	2893	773	1844	860	15732
hsa-miR-130a-5p	6	2	0	0	0	0	0	3	0	2	2	0	2	0	8
hsa-miR-6820-3p	0	2	0	0	0	0	0	0	0	0	0	0	0	0	0
hsa-miR-4797-3p	0	0	0	6	0	0	0	0	0	4	0	0	0	0	0
hsa-miR-4734	0	2	0	5	0	0	0	0	0	3	0	0	0	0	0
hsa-miR-1260b	352	516	147	16	77	0	154	327	10	33	209	42	121	54	174
hsa-miR-1260a	170	197	80	8	75	0	105	103	3	21	78	18	62	22	56
hsa-miR-3074-5p	10	40	0	6	3	2	4	10	0	34	7	0	0	3	0
hsa-miR-18a-5p	102	279	39	11	0	0	59	82	0	24	33	8	5	2	111
hsa-miR-331-3p	125	149	17	9	6	2	72	73	0	25	92	30	47	38	72
hsa-miR-6733-5p	27	2	5	0	0	0	2	4	0	2	0	0	2	4	10
hsa-miR-499a-5p	7817	12947	1550	33	0	0	1378	5891	4	3	1072	246	440	310	4288
hsa-miR-523-3p	5	0	0	0	0	0	0	0	0	0	0	0	0	0	0
hsa-miR-26b-3p	92	98	9	5	0	0	20	24	0	0	35	2	11	6	80
hsa-miR-5189-3p	0	0	0	0	0	2	0	0	0	0	0	0	0	0	0
hsa-miR-944	15	9	2	0	0	0	0	2	0	3	0	0	2	0	7
hsa-miR-4786-5p	0	0	0	0	0	0	0	0	0	2	0	0	0	0	0
hsa-miR-943	0	0	0	0	0	3	0	0	0	0	0	0	0	2	0
hsa-miR-941	2273	2498	561	435	91	467	699	2031	97	3089	1276	605	1072	1552	801
hsa-miR-4670-5p	0	2	0	0	0	0	0	0	0	0	0	0	0	0	0
hsa-miR-940	18	10	2	0	0	0	10	5	0	0	5	2	0	0	20
hsa-miR-519a-5p	3	0	0	4	0	0	0	3	0	6	4	0	0	0	0
hsa-miR-628-5p	38	119	21	0	0	0	14	28	0	0	19	0	4	0	25
hsa-miR-494-3p	0	2	0	3	0	0	0	3	5	0	0	0	0	0	0
hsa-miR-181c-3p	185	162	40	2	4	0	126	47	0	26	57	17	23	0	132
hsa-miR-873-5p	3	2	0	14	0	4	0	0	0	42	0	0	3	0	0
hsa-miR-6727-5p	2	0	0	0	0	0	0	0	0	0	0	0	0	0	0
hsa-miR-570-3p	3	12	0	0	0	0	0	0	0	0	0	0	0	0	2
hsa-miR-93-3p	20	59	2	19	5	7	14	19	2	42	25	5	4	2	19
hsa-miR-5009-5p	0	0	0	0	0	5	2	3	0	9	0	0	0	0	0
hsa-let-7c-5p	45039	25116	5194	266	6	48	6036	15969	216	251	11445	2398	18848	22577	7967
hsa-miR-6808-3p	0	0	0	0	0	0	0	2	0	0	0	0	0	0	0
hsa-miR-4721	0	0	0	0	0	0	0	0	0	11	0	0	0	0	0
hsa-miR-6500-3p	0	3	0	0	0	0	0	2	0	2	0	0	0	0	2
hsa-miR-33b-3p	517	179	49	0	0	0	47	231	0	0	179	33	36	19	91
hsa-miR-4664-5p	2	4	0	0	0	0	0	0	0	0	0	0	0	0	2
hsa-miR-1295a	14	5	0	0	0	0	0	3	0	0	2	0	8	0	9
hsa-miR-518e-5p	1	0	0	2	0	0	0	0	0	6	0	0	0	0	0
hsa-miR-483-5p	2	0	0	18	42	458	0	0	2	342	0	0	0	0	0
hsa-miR-296-3p	204	6	12	0	0	5	23	43	0	14	24	15	16	25	83
hsa-miR-122-5p	346	89	4	51886	82	33028	8	65	120863	378564	3	22	14	24	67
hsa-miR-675-5p	0	0	0	0	4	5	0	0	0	6	0	0	0	0	0
hsa-miR-488-3p	0	9	0	0	0	0	0	0	0	0	0	0	0	0	5
hsa-miR-127-3p	217	33	4	333	21	425	8	23	376	2605	40	5	15	144	11
hsa-miR-323b-3p	0	0	0	14	0	4	0	0	37	12	0	0	0	0	0
hsa-miR-4745-3p	0	0	0	0	0	0	0	0	0	0	0	0	0	0	2
hsa-miR-372-3p	0	0	0	0	0	0	0	0	0	15	0	0	0	0	0
hsa-miR-526a-5p	0	1	0	0	0	0	0	0	0	1	0	0	0	0	0
hsa-miR-4286	14	4	0	0	0	0	4	0	0	0	2	0	0	4	2
hsa-miR-934	650	315	387	0	0	0	455	231	0	0	201	54	36	15	1203
hsa-miR-933	3	3	0	0	0	0	0	2	0	13	0	0	0	0	0
hsa-miR-450b-5p	49	5	2	4	0	0	87	2	6	6	3	2	0	0	36
hsa-miR-6850-5p	0	0	0	3	0	5	0	0	0	18	0	0	0	0	0
hsa-miR-200b-5p	1642	1902	218	2	0	0	402	963	0	10	606	196	407	592	431
hsa-miR-130a-3p	263	476	125	29	0	0	122	116	0	28	123	36	13	2	262
hsa-miR-361-5p	1746	2089	380	17	2	0	525	896	4	14	771	184	244	250	1137
hsa-miR-492	0	0	0	0	0	0	4	0	0	0	2	2	2	0	4
hsa-miR-3199	2	0	0	5	0	2	0	3	0	0	2	0	0	0	0
hsa-miR-3198	0	0	0	2	0	6	0	0	0	43	0	0	0	0	0
hsa-miR-3196	0	0	2	0	0	4	0	2	0	0	6	3	3	0	0
hsa-miR-3195	0	0	0	0	0	0	0	0	0	0	0	0	3	0	0
hsa-miR-3074-3p	2	6	0	0	0	0	0	0	0	0	0	0	0	0	0
hsv2-miR-H12	0	0	0	0	0	0	0	0	0	2	0	0	0	0	0
hsa-miR-18a-3p	96	69	2	38	29	0	11	33	0	72	27	4	18	12	27
hsv2-miR-H10	0	0	0	13	886	79	2	2	3	685	2	0	0	0	0
hsa-miR-499a-3p	3	9	2	0	0	0	0	3	0	0	4	0	0	0	7
hsa-miR-5010-5p	2	0	0	5	0	41	0	0	2	24	0	0	0	0	0
hsa-miR-3913-5p	285	78	22	8	0	14	20	49	3	74	18	11	54	42	42
hsa-miR-365b-5p	181	56	6	2	0	4	11	62	0	7	26	4	56	144	14
hsa-miR-431-5p	0	0	0	3	0	0	0	0	0	8	0	0	0	0	0
hsa-miR-6838-5p	0	2	0	0	0	0	0	0	0	0	0	0	0	0	0
hsa-miR-519a-3p	10	4	0	0	0	0	0	0	0	0	2	0	0	0	0
hsa-miR-6891-5p	0	0	0	0	0	2	0	0	0	6	0	0	0	0	0
hsa-miR-628-3p	19	16	2	11	0	0	3	17	2	4	12	2	5	2	2
hsa-miR-873-3p	0	0	0	5	0	54	0	0	0	176	0	0	0	0	0
hsa-miR-512-3p	6	2	0	6	0	0	0	3	0	36	2	0	0	0	4
hsa-miR-3144-3p	6	17	0	0	0	0	0	4	0	0	0	0	0	0	2
hsa-miR-484	1600	3002	312	1160	1003	20	392	759	105	854	1048	117	161	339	682
hsa-miR-4706	0	0	0	0	0	0	0	0	0	8	0	0	0	0	0
hsa-miR-99a-5p	57142	234978	23034	4835	50	379	44175	135563	747	9406	129926	19288	26970	29958	34951
hsa-miR-4705	0	2	0	0	0	0	0	0	0	0	0	0	0	0	0
hsa-miR-6803-3p	0	0	0	0	8	0	0	0	0	7	0	0	0	0	0
hsa-miR-3188	0	7	0	0	0	0	0	0	0	14	2	2	0	0	0
hsa-let-7c-3p	17	34	3	0	0	0	2	14	0	0	5	0	0	2	5
hsa-miR-4664-3p	13	4	2	0	0	4	0	9	0	15	0	0	7	27	0
hsa-miR-425-5p	1720	2960	225	707	131	43	764	2504	57	1606	1163	371	621	653	1381
hsa-miR-3182	537	923	613	4	3	2	504	700	3	126	670	66	345	33	618
hsa-miR-483-3p	0	0	0	12	0	0	0	0	10	2	0	0	0	0	0
hsa-miR-518e-3p	0	2	0	0	0	0	0	0	0	0	2	0	0	0	0
hsa-miR-3180	1	1	0	1	0	8	0	0	0	7	0	0	0	1	0
hsa-miR-520c-5p	0	0	0	0	0	0	0	0	0	1	0	0	0	0	0
hsa-miR-675-3p	2	0	0	0	0	0	0	0	0	0	0	0	0	0	0
hsa-miR-501-5p	10	17	0	2	0	0	4	2	0	9	8	0	7	15	24
hsa-miR-3191-3p	2	0	0	3	0	2	0	0	0	10	0	0	0	4	0
hsa-miR-200b-3p	181173	340011	34531	84	34	0	46135	134529	14	58	100193	18315	23349	53898	57955
hsa-miR-3615	857	987	74	1321	1252	1128	199	581	198	5568	641	132	281	634	275
hsa-miR-7108-5p	0	0	0	0	0	2	0	0	0	0	0	0	0	0	0
hsa-miR-3611	0	3	2	0	0	0	0	0	0	3	0	0	0	0	2
hsa-miR-3127-5p	47	6	2	0	0	2	7	10	2	12	2	0	3	16	3
hsa-miR-361-3p	30828	15975	1613	321	95	157	4960	14154	36	2010	14230	3536	9721	11343	8788
hsa-miR-3179	0	4	0	0	0	0	0	0	0	0	0	0	0	0	2
hsa-miR-3178	2	3	0	0	11	6	0	12	2	12	17	0	4	0	5
hsa-miR-29b-3p	411	1131	138	38	0	5	179	102	0	15	118	12	29	22	225
hsa-miR-3176	10	4	4	0	0	0	0	15	0	47	0	0	0	0	26
hsa-miR-937-3p	12	2	0	0	2	0	0	0	2	14	0	2	0	0	0
hsa-miR-3175	2	0	0	0	0	0	0	2	0	0	0	0	0	0	0
hsa-miR-3174	31	38	2	2	0	0	2	4	0	0	0	0	2	11	5
hsa-miR-3170	5	5	0	0	0	0	0	2	0	0	0	0	0	0	0
hsa-miR-125b-1-3p	36	20	0	7	0	6	7	42	0	21	2	0	2	153	21
hsa-miR-4536-3p	0	3	0	0	0	0	0	0	0	0	0	0	0	0	0
hsa-miR-4723-5p	2	0	0	2	4	0	0	0	0	0	0	0	0	0	0
hsa-miR-7155-5p	0	0	0	0	0	0	0	0	0	0	2	0	0	0	0
hsa-miR-4728-3p	0	7	0	0	0	0	0	2	0	0	0	0	0	0	0
hsa-miR-5010-3p	3	7	0	20	4	0	0	0	3	16	7	0	3	6	3
hsa-miR-4781-3p	2	3	0	0	0	0	0	2	0	9	0	0	0	0	0
hsa-miR-365b-3p	2338	3257	91	3	0	0	249	686	0	0	1129	98	198	710	686
kshv-miR-K12-3-5p	0	0	0	2	0	0	0	0	0	5	0	0	0	0	0
hsa-miR-431-3p	0	0	0	0	0	0	0	0	0	4	0	0	0	0	0
hsa-miR-30d-5p	189184	305096	29582	15316	1004	1271	50361	94109	2347	18247	90557	17348	24015	63136	67358
hsa-miR-5697	2	4	0	0	0	0	0	0	0	0	0	0	0	0	0
hsa-miR-5696	0	7	0	0	0	0	0	8	0	0	0	0	0	0	0
hsa-miR-29b-2-5p	62	64	12	5	0	0	13	30	0	12	29	5	5	4	20
hsa-miR-5695	0	0	0	2	0	0	0	0	0	0	0	0	0	0	0
hsa-miR-30c-2-3p	1378	368	101	3	0	0	132	337	0	8	224	49	272	520	224
hsa-miR-107	1243	1652	288	164	9	0	406	584	8	190	748	86	77	110	914
hsa-miR-3692-3p	0	0	0	0	0	0	0	0	0	0	0	0	0	0	2
hsa-miR-4699-3p	2	0	0	0	0	0	0	0	0	0	0	0	0	0	0
hsa-miR-152-5p	24	16	0	0	0	2	0	2	0	0	0	0	0	0	0
hsa-miR-4717-5p	0	0	0	0	0	0	0	0	0	0	0	0	0	2	0
hsa-miR-5690	2	3	0	0	0	0	0	2	0	0	0	0	0	0	0
hsa-miR-12136	8	21	8	11	0	5	35	4	0	23	4	10	0	0	39
hsa-miR-99a-3p	97	277	41	0	0	0	57	63	0	0	47	9	15	10	233
hsa-miR-3168	0	0	0	4	66	0	0	0	0	16	0	0	0	0	0
hsa-miR-6511a-5p	5	0	0	0	0	0	0	0	0	10	0	0	0	0	0
hsa-miR-3166	2	0	0	0	0	0	0	4	0	0	0	0	0	0	0
hsa-miR-3164	0	0	0	2	0	0	0	0	0	26	0	0	0	0	0
hsa-miR-425-3p	931	1389	244	53	0	4	364	709	0	286	343	102	115	142	608
hsa-miR-3163	0	2	0	0	0	0	0	0	0	3	0	0	0	0	0
hsa-miR-6827-5p	6	0	0	0	0	0	0	0	0	5	0	0	0	0	0
hsa-miR-3161	0	0	0	0	0	0	2	0	0	2	0	0	0	0	0
hsa-miR-4662a-5p	5	7	0	0	0	0	0	5	0	0	0	0	0	0	0
hsa-miR-520c-3p	9	3	0	0	0	0	0	0	0	0	0	0	0	0	4
hsa-miR-501-3p	473	350	56	198	51	81	95	197	45	752	203	49	70	175	269
hsa-miR-6716-3p	2	0	0	0	0	0	0	0	0	0	0	0	0	0	0
hsa-miR-24-3p	24500	60087	15927	4506	31	121	19678	27408	277	5073	15524	5835	4761	2298	19376
hsa-miR-664b-5p	212	23	4	4	0	5	6	24	0	8	15	6	41	63	19
hsa-miR-133a-3p	0	0	0	7	0	0	0	0	2	11	0	0	0	0	0
hsa-miR-338-5p	7	7	0	27	0	0	93	9	10	33	6	11	8	0	21
hsa-miR-190b-5p	723	806	218	0	3	0	193	483	0	2	134	37	61	45	365
hsa-miR-222-5p	11	2	2	0	0	0	2	2	0	0	10	0	2	0	0
hsa-miR-6513-5p	0	6	0	0	0	0	0	0	0	0	0	0	0	0	0
hsa-miR-5684	0	9	0	0	0	0	0	0	0	0	0	0	0	0	0
hsa-miR-3675-5p	0	0	0	0	0	4	0	0	0	2	0	0	0	0	0
hsa-miR-5683	24	0	2	0	0	0	0	0	0	0	0	0	0	0	0
hsa-miR-3180-3p	6	3	0	3	0	41	2	0	0	36	0	0	0	7	2
hsa-miR-12125	22	16	0	0	0	0	0	11	0	0	11	0	0	0	3
hsa-miR-422a	0	0	0	0	0	0	0	0	0	0	0	0	0	0	2
hsa-miR-4758-5p	0	0	0	0	0	4	0	0	0	0	0	0	0	0	0
hsa-miR-12120	0	0	0	2	0	0	0	0	0	0	0	0	0	0	0
hsa-miR-3154	3	0	0	0	0	2	0	0	0	0	0	0	0	0	0
hsa-miR-1307-5p	769	1080	483	22	0	13	570	504	4	442	87	102	182	53	1486
hsa-miR-769-5p	4131	948	314	64	0	110	591	729	6	860	569	171	708	907	1011
hsa-miR-100-5p	21166	8085	1404	534	0	338	2184	4857	229	2103	2043	804	1431	10529	2250
hsa-miR-653-5p	0	0	0	0	0	0	0	6	0	0	0	0	0	0	4
hsa-miR-6507-5p	0	0	0	0	0	0	0	0	2	0	0	0	0	0	0
hsa-miR-7155-3p	0	2	0	0	0	0	0	0	0	7	0	0	0	0	0
hsa-miR-542-3p	11	4	0	2	0	0	63	0	4	18	0	0	0	0	29
hsa-miR-2861	0	0	0	0	0	0	0	0	0	3	0	0	0	0	0
hsa-miR-187-5p	0	2	0	2	0	0	0	0	0	0	0	0	0	0	0
hsa-miR-379-5p	29	7	5	25	0	0	0	11	26	86	4	0	3	7	2
hsa-miR-6833-3p	0	2	0	0	0	0	0	0	0	0	2	0	0	0	0
hsa-miR-30d-3p	742	782	129	0	6	0	211	496	0	11	123	29	149	135	280
hsa-miR-6715a-3p	0	0	0	0	0	6	0	0	0	0	0	0	0	0	0
hsa-miR-455-5p	1302	2479	410	3	0	0	523	964	5	29	402	166	162	46	817
hsa-miR-301b-3p	0	10	0	0	0	0	0	0	0	0	0	0	0	0	0
hsa-miR-448	5	4	0	0	0	0	0	0	0	0	0	0	2	0	2
hsa-miR-152-3p	9767	6468	1541	189	0	27	1423	1966	26	506	940	340	778	2643	2276
hsa-miR-6746-5p	0	2	0	0	0	2	0	0	0	0	0	0	0	0	0
hsa-miR-3149	3	0	2	0	0	0	0	4	0	0	0	0	2	2	2
hsa-miR-9-5p	54	23	7	3	0	4	21	16	2	8	4	4	4	0	21
hsa-miR-10a-5p	14812	9248	2204	1241	6	99	5488	6039	813	738	2229	924	2576	12229	2347
hsa-miR-6511a-3p	0	6	0	5	2	0	0	3	0	5	4	0	0	3	2
hsa-miR-3146	2	0	0	0	0	0	0	0	0	0	0	0	0	0	0
hsa-miR-6822-5p	2	0	0	0	0	0	0	0	0	0	0	0	0	0	0
hsa-miR-4799-5p	0	2	0	0	0	0	0	0	0	0	0	0	0	0	0
hsa-miR-550a-5p	24	24	6	52	0	29	3	13	12	455	3	5	2	1	11
hsa-miR-10527-5p	183	138	32	32	0	17	48	103	3	85	72	17	27	24	64
hsa-miR-10393-3p	0	0	0	0	0	0	0	0	0	4	0	0	0	0	2
hsa-miR-3143	0	0	0	4	0	0	0	0	0	0	0	0	0	0	0
hsa-miR-203b-3p	96	12	21	0	0	0	10	19	0	0	3	0	23	12	30
hsa-miR-7854-3p	7	2	0	0	0	7	0	0	0	10	0	0	0	0	0
hsa-miR-141-5p	260	993	213	0	0	0	240	583	0	0	100	29	49	10	442
hsa-miR-92b-5p	39	19	0	33	0	387	12	14	11	453	8	4	16	13	6
hsa-miR-664b-3p	20	33	5	0	6	0	10	8	0	0	15	0	0	3	5
hsa-miR-3157-5p	0	0	0	2	0	0	2	0	0	0	2	0	0	0	0
hsa-miR-525-5p	4	0	0	0	0	0	0	0	0	8	0	0	0	0	0
hsa-miR-338-3p	6	6	0	0	0	0	7	5	0	4	0	0	0	0	0
hsa-miR-6793-5p	3	0	0	0	0	5	0	0	0	6	0	0	2	0	0
hsa-miR-3939	2	8	3	0	0	0	0	2	0	0	5	0	4	0	0
hsa-miR-222-3p	5739	4130	1666	1043	10	42	1480	2873	135	671	2120	422	757	386	3318
hsa-miR-3936	19	3	0	0	0	0	0	0	0	0	0	0	0	6	0
hsa-miR-3617-5p	0	5	0	0	0	0	0	0	0	2	0	2	0	0	2
hsa-miR-6513-3p	2	8	2	0	0	0	0	2	0	0	0	0	0	0	0
hsa-miR-6874-3p	2	0	0	0	0	0	0	0	0	0	0	0	0	2	0
hsa-miR-7848-3p	0	0	0	0	0	0	0	0	0	2	0	0	0	0	0
hsa-miR-1226-5p	16	5	0	0	0	0	8	16	0	0	15	5	7	0	16
hsa-miR-4758-3p	0	0	0	0	0	0	0	0	0	0	0	0	0	0	3
hsa-miR-3138	3	2	0	2	0	5	0	3	0	2	0	0	0	2	3
hsa-miR-211-5p	0	0	0	0	0	0	0	2	0	3	0	0	0	4	0
hsa-miR-6745	3	0	0	0	0	0	0	0	0	7	0	0	0	4	0
hsa-miR-3133	3	0	0	0	0	0	0	2	0	0	0	0	0	0	2
hsa-miR-1307-3p	2363	5945	738	2082	45	1057	1049	4953	374	16628	2019	857	801	710	1847
hsa-miR-769-3p	14	17	0	0	0	0	4	6	0	0	0	0	4	0	6
hsa-miR-3132	2	0	0	0	0	0	0	0	0	0	0	0	0	0	0
hsa-miR-6502-5p	5	0	0	2	0	0	0	0	0	0	0	0	0	0	0
hsa-miR-6868-3p	2	5	0	3	0	0	0	0	0	0	0	0	6	0	0
hsa-miR-3664-5p	2	3	0	0	0	0	0	0	0	0	0	0	0	0	0
hsa-miR-548t-5p	0	0	0	0	0	0	2	0	0	0	0	0	0	0	0
hsa-miR-129-5p	7	0	0	31	0	64	2	0	2	131	0	0	3	10	0
hsa-miR-182-5p	94015	38372	5763	1512	14	31	6706	17642	202	1174	7531	2382	12161	49618	11081
hsa-miR-187-3p	202	439	9	0	0	0	26	34	0	0	47	6	11	31	41
hsa-miR-205-5p	10530	14609	2374	66	6	0	3730	5335	0	58	11763	1605	1451	4070	10937
hsa-miR-5587-3p	0	0	0	0	0	0	0	0	0	2	0	0	0	0	0
hsa-miR-455-3p	242	326	25	0	0	0	35	136	0	3	166	29	33	157	102
hsa-miR-429	12732	56147	3786	14	6	0	4322	10214	0	9	5657	893	1031	1301	6761
hsa-miR-3920	5	0	0	0	0	0	0	2	0	0	0	0	0	0	0
hsa-miR-147b-5p	0	4	0	0	0	0	2	0	0	0	0	0	0	0	0
hsa-miR-6741-5p	3	4	0	6	2	17	0	5	2	247	0	0	6	4	2
hsa-miR-3128	3	9	0	0	0	0	0	0	0	0	0	0	0	0	2
hsa-miR-421	403	1022	115	52	0	0	209	250	2	15	139	35	33	15	275
hsa-miR-9-3p	0	7	0	0	0	0	2	2	0	0	0	0	0	0	3
hsa-miR-10a-3p	25	115	17	5	0	0	65	21	0	0	8	4	0	0	31
hsa-miR-3125	0	0	0	0	0	0	0	0	0	3	0	0	0	0	0
hsa-miR-550a-3p	5	4	0	11	4	0	0	0	5	45	5	0	0	0	2
hsa-miR-193b-5p	1093	607	156	31	0	598	142	475	19	353	218	154	185	262	361
hsa-miR-3122	0	0	0	0	0	0	0	0	0	8	0	0	0	0	0
hsa-miR-1343-5p	0	0	0	0	0	0	0	0	0	0	2	0	0	0	0
hsa-miR-4701-5p	5	2	0	0	0	0	0	0	0	0	0	0	0	2	2
hsa-miR-374a-5p	2612	8886	813	40	0	0	920	2462	2	3	732	161	187	88	2086
hsa-miR-141-3p	35300	166387	28102	35	42	0	30722	56165	4	18	16662	4330	4705	1522	82396
hsa-miR-92b-3p	646	824	109	346	396	19	197	309	143	111	483	62	108	124	251
hsa-miR-3152-5p	0	4	0	0	0	0	0	2	0	0	4	0	0	0	0
hsa-miR-26a-1-3p	6	11	0	0	0	0	0	0	0	0	0	0	0	0	2
hsa-miR-6735-5p	3	0	0	0	0	6	0	0	2	2	0	0	0	2	0
hsa-miR-3157-3p	5	2	0	0	0	0	0	0	0	0	0	0	0	0	2
hsa-miR-6793-3p	0	0	0	2	2	0	0	0	0	0	0	0	0	0	0
hsa-miR-3919	0	0	0	0	0	0	0	6	0	0	0	2	0	0	2
hsa-miR-3918	0	0	0	0	0	0	0	0	0	6	2	0	2	0	0
hsa-miR-1185-2-3p	0	0	1	0	0	0	0	0	0	3	0	0	0	0	0
hsa-miR-3917	0	3	0	0	0	4	0	2	0	0	0	0	0	0	0
hsa-miR-10400-5p	0	0	0	0	0	0	0	0	0	0	0	0	2	0	2
hsa-miR-3914	0	0	0	0	0	2	0	0	0	0	0	0	0	0	0
hsa-miR-4485-3p	0	2	2	2	0	0	2	0	0	6	0	2	0	0	0
hsa-miR-4677-3p	138	36	11	4	0	0	8	19	0	0	8	0	19	39	12
hsa-miR-3911	0	0	0	0	0	0	0	0	2	7	0	0	0	0	2
hsa-miR-519c-5p	1	0	0	2	0	0	0	0	0	6	0	0	0	0	0
hsa-miR-491-5p	20	21	8	0	0	2	4	21	0	3	4	5	3	2	44
hsa-miR-3910	0	8	0	0	0	0	0	0	0	0	0	0	0	0	0
hsa-miR-1226-3p	5	4	0	0	3	0	0	0	0	0	0	0	0	0	0
hsa-miR-6729-5p	17	4	0	0	0	0	0	4	0	14	0	2	0	0	0
hsa-miR-6782-5p	0	0	0	0	0	4	0	0	0	0	0	0	0	0	0
hsa-miR-3116	5	0	0	0	0	0	0	0	0	0	2	0	0	2	0
hsa-miR-3115	3	0	0	0	0	0	0	0	0	0	2	0	0	0	0
hsa-miR-95-3p	161	192	37	26	0	0	38	93	12	8	75	4	13	5	80
hsa-miR-6805-5p	10	8	0	7	0	7	2	9	0	8	2	0	4	2	2
hsa-let-7e-5p	10056	4236	2252	37	0	0	890	3981	30	17	1189	386	565	1416	1344
hsa-miR-7-1-3p	92	204	8	0	0	0	16	60	0	0	45	2	13	13	16
hsa-miR-3664-3p	58	88	4	0	0	0	2	23	0	0	15	0	2	0	19
hsa-miR-485-5p	0	0	0	41	0	91	0	0	97	225	0	0	2	0	0
hsa-miR-182-3p	14	16	0	0	0	0	0	12	0	3	0	0	0	0	6
hsa-miR-561-5p	17	46	19	0	0	0	8	9	0	0	3	0	2	0	54
hsa-miR-3909	30	35	3	4	0	0	2	12	0	0	20	0	2	8	6
hsa-miR-205-3p	2	8	0	0	0	0	0	0	0	0	0	0	0	0	2
hsa-miR-758-3p	0	0	0	0	0	0	0	2	0	11	0	0	0	0	0
hsa-miR-6852-5p	0	4	0	27	0	16	0	4	3	206	0	0	0	0	0
hsa-miR-518b	63	2	0	0	0	0	0	0	0	2	7	2	0	4	0
hsa-miR-6741-3p	0	0	0	5	0	0	0	0	4	0	0	0	0	0	0
hsa-miR-147b-3p	342	140	113	6	0	19	94	163	0	100	44	49	73	27	270
hsa-miR-363-5p	0	0	0	14	0	0	0	0	0	37	0	0	0	0	0
hsa-miR-3187-5p	2	0	0	0	0	2	0	0	0	3	0	0	0	0	2
hsa-miR-760	84	45	4	30	0	22	21	42	0	261	24	5	15	6	20
hsa-miR-193b-3p	8102	10604	1410	7	0	0	1645	4079	0	20	2705	804	873	1785	4263
hsa-miR-939-5p	12	0	0	57	3	267	0	2	10	243	0	2	4	0	0
hsa-miR-1343-3p	3	3	0	6	0	0	0	0	0	42	0	0	0	0	4
hsa-miR-5193	0	0	0	2	0	0	0	0	0	0	0	0	0	2	0
hsa-miR-374a-3p	3574	908	429	8	5	0	530	365	0	9	98	47	260	128	808
hsa-miR-6730-5p	0	0	0	0	0	0	0	2	0	0	0	0	0	0	0
hsa-miR-146a-5p	177120	101826	37954	1696	59	140	74463	96873	265	4440	59313	32206	37304	11526	148408
hsa-miR-20a-5p	5803	12308	2524	574	15	0	2791	4284	34	151	3123	461	459	274	6252
hsa-miR-5190	0	0	0	0	0	0	0	0	2	0	0	0	0	0	0
hsa-miR-1297	0	0	2	0	0	0	2	0	0	0	0	0	0	0	0
hsa-miR-4433b-5p	0	0	0	136	8	0	0	0	9	30	0	0	0	0	0
hsa-miR-1294	8	0	0	9	0	3	0	4	8	43	4	0	0	0	2
hsa-miR-1291	6	7	13	5	0	2	7	11	0	23	0	0	0	0	8
hsa-miR-1290	0	0	0	0	0	0	0	0	0	0	0	0	0	0	2
hsa-miR-3065-5p	56	171	8	0	0	0	16	78	0	0	37	0	2	11	55
hsa-miR-2114-5p	0	2	0	0	0	0	0	0	0	0	0	0	0	0	0
hsa-miR-625-5p	7	22	2	3	0	0	0	5	0	13	4	0	0	2	2
hsa-miR-1908-5p	0	0	0	108	6	23	0	0	9	352	0	0	0	0	0
hsa-miR-6724-5p	2	5	0	0	2	0	0	9	0	4	0	0	0	0	0
hsa-miR-32-5p	1202	2354	1494	20	0	0	1020	508	0	11	185	44	52	14	2020
hsa-miR-5188	0	0	0	0	0	0	0	2	0	0	0	0	0	0	0
hsa-let-7e-3p	33	51	5	0	0	0	4	10	0	0	23	0	4	11	10
hsa-miR-550a-3-5p	18	12	0	10	0	0	3	4	0	58	5	0	0	5	1
hsa-miR-4474-3p	0	0	3	0	0	0	0	0	0	0	0	0	0	0	7
hsa-miR-4661-5p	4	2	0	0	0	2	0	0	0	4	3	0	3	2	0
hsa-miR-2277-5p	22	67	2	0	0	2	8	16	0	21	18	2	6	4	22
hsa-miR-548j-5p	0	0	0	4	0	0	0	0	0	5	0	0	0	0	0
hsa-miR-548o-3p	168	74	19	14	4	0	45	83	0	29	25	13	23	23	34
hsa-miR-485-3p	0	0	0	0	6	0	0	0	15	5	0	0	0	0	0
hsa-miR-1289	3	0	0	0	0	0	0	0	0	3	0	0	0	3	0
hsa-miR-6887-5p	2	2	0	0	0	0	0	0	0	0	0	0	0	0	0
hsa-miR-503-5p	0	0	2	38	0	6	6	0	4	43	0	4	0	0	2
hsa-miR-4742-3p	8	4	0	0	0	0	0	0	0	0	0	0	0	0	2
hsa-miR-508-3p	5	2	4	0	0	0	0	2	0	0	0	0	3	0	2
hsa-miR-561-3p	0	0	0	0	0	0	0	0	0	0	0	0	0	0	3
hsa-miR-1284	0	0	0	3	0	0	0	0	0	5	0	0	0	0	0
hsa-miR-4533	6	2	0	0	0	0	0	0	3	13	0	0	0	2	0
ebv-miR-BART13-5p	0	0	0	4	0	0	0	0	0	7	0	0	0	0	0
hsa-miR-6852-3p	0	0	0	0	4	0	0	0	0	2	0	0	0	0	0
hsa-miR-4655-5p	0	0	0	0	0	0	0	0	0	3	0	0	0	0	0
hsa-miR-196b-5p	181	445	204	10	0	0	133	143	0	15	102	43	66	14	156
hsa-miR-363-3p	60	101	14	1161	81	44	86	65	74	2166	10	23	13	15	74
hsa-miR-6765-5p	0	0	0	0	0	3	0	0	0	0	0	0	0	0	0
hsa-miR-451a	126	67	7	120981	3244	1695	36	41	8873	83898	30	14	176	33	64
hsa-miR-3187-3p	0	0	0	4	0	11	0	0	0	41	0	0	0	0	0
hsa-miR-216b-5p	0	0	0	3	0	0	0	0	0	0	0	0	0	0	0
hsa-miR-514a-3p	18	21	4	0	0	0	18	6	0	0	5	3	9	0	7
hsa-miR-891a-5p	2	5	0	0	0	0	0	0	0	12	0	0	0	0	0
hsa-miR-4649-5p	0	0	0	0	3	0	0	0	0	0	0	0	0	0	0
Hsa-Mir-599_5p	2	0	0	0	0	0	0	0	0	0	0	0	0	0	0
hsa-miR-146a-3p	2	13	2	0	0	0	6	4	0	0	22	5	0	0	4
hsa-miR-20a-3p	19	34	3	0	0	0	2	8	0	0	3	0	0	0	10
hsa-miR-1278	13	27	3	8	0	0	5	8	0	4	0	0	3	0	4
hsa-miR-4526	0	2	0	0	0	0	0	3	0	0	0	0	0	0	0
hsa-miR-4525	2	0	0	0	0	0	4	0	0	0	0	0	0	0	0
hsa-miR-1276	26	9	2	0	0	0	0	5	0	0	0	4	0	4	4
hsa-miR-1275	0	0	2	0	15	0	0	4	0	5	0	0	0	0	0
hsa-miR-1251-5p	24	11	2	0	0	0	2	22	0	0	3	0	0	0	15
hsa-miR-378i	100	53	30	0	0	2	39	33	0	30	27	0	18	25	30
hsa-miR-4433b-3p	0	0	0	809	4	123	0	0	231	916	0	0	0	0	0
hsa-miR-378h	5	2	0	0	0	0	2	0	0	0	0	0	0	0	0
hsa-miR-378g	857	406	199	0	0	37	245	384	0	131	178	57	179	200	340
hsv1-miR-H2-3p	0	0	0	0	0	0	0	0	0	6	0	0	0	0	0
hsa-miR-6759-5p	0	0	0	0	0	4	0	0	0	0	0	0	0	0	0
hsa-miR-4521	0	4	0	0	0	0	2	2	0	0	5	0	0	0	0
hsa-miR-378f	91	48	28	0	0	2	24	37	0	3	13	0	10	12	48
hsa-miR-378e	164	66	70	0	0	0	69	47	0	2	22	4	27	22	280
hsv1-miR-H18	0	0	0	0	0	0	0	0	0	0	2	0	0	0	2
hsa-miR-1270	13	2	0	0	6	3	0	8	7	14	0	0	0	0	3
hsa-miR-378d	4481	2349	1005	8	2	106	1669	1706	1	286	669	270	618	702	2075
hsa-miR-9983-3p	232	368	33	0	0	0	28	85	0	0	27	3	15	14	180
hsa-miR-378c	15669	8686	3540	31	18	254	5287	6464	7	755	3061	873	2347	3011	7723
hsa-miR-433-3p	0	0	0	30	0	18	0	0	28	66	0	0	0	0	0
hsa-miR-3065-3p	3	19	0	0	0	0	3	9	0	0	0	0	0	2	5
hsa-miR-378b	121	63	31	0	0	3	20	41	0	8	10	0	13	13	36
hsv1-miR-H15	0	0	0	0	0	0	0	0	0	0	0	0	0	0	2
hsa-miR-625-3p	96	204	33	288	5	0	30	140	70	28	66	10	13	11	79
hsa-miR-1908-3p	0	0	0	0	0	0	0	0	0	3	0	0	0	0	0
hsa-miR-32-3p	71	106	37	2	0	0	38	38	0	0	14	0	16	4	42
hsa-miR-5001-5p	15	0	2	0	0	0	0	0	0	12	0	0	2	0	0
hsa-miR-4772-5p	0	0	0	3	0	3	3	0	0	0	0	0	0	0	0
hsa-miR-5006-3p	0	3	0	0	0	0	0	3	0	0	0	0	2	0	0
hsa-miR-4777-3p	0	4	0	0	0	0	0	2	0	0	0	0	0	0	0
hsa-miR-3150b-3p	2	4	0	4	0	20	0	0	0	40	0	4	2	0	7
hsa-miR-548e-5p	0	3	0	0	0	0	0	0	0	0	0	0	0	0	0
hsa-miR-2277-3p	28	16	0	0	0	0	6	7	0	3	2	2	0	2	24
hsa-miR-548j-3p	0	0	0	0	0	0	2	0	0	2	0	0	0	0	0
hsa-miR-6829-5p	0	0	0	0	0	4	0	0	0	4	0	0	0	0	0
hsa-miR-125b-5p	5921	17517	1798	280	8	41	4111	7801	57	599	11858	1689	3133	3331	3233
hsa-miR-6882-5p	11	2	0	0	0	0	0	7	0	2	0	0	0	0	2
hsa-miR-21-5p	301190	476075	216409	22626	216	398	206344	209508	3325	18741	70279	37640	35142	21367	344673
hsa-miR-4516	18	45	33	0	2	0	29	58	4	27	21	13	13	6	50
hsa-miR-24-1-5p	143	519	92	3	0	0	131	303	3	0	186	35	40	9	64
hsa-miR-3688-3p	65	34	0	0	0	3	2	14	0	3	4	0	4	2	23
hsa-miR-4511	0	3	0	0	0	11	0	0	0	21	0	0	0	0	0
hsa-miR-1273h-3p	6	37	0	35	0	18	2	6	26	172	0	0	0	3	2
hsa-miR-1262	9	0	0	0	0	0	0	0	0	0	0	0	0	0	0
hsa-miR-1292-5p	24	35	2	41	5	41	3	50	4	276	15	0	0	12	15
hsa-miR-4510	57	33	0	0	0	0	5	19	0	0	4	2	8	16	13
hsa-miR-224-5p	6980	12663	839	119	0	4	812	4091	50	61	3245	406	816	4397	2530
hsa-miR-500b-5p	10	15	8	2	0	0	5	13	1	0	5	1	2	3	14
hsa-miR-6515-5p	47	14	5	0	0	3	3	20	0	19	2	0	6	7	7
hsa-miR-3124-5p	2	2	0	8	0	0	2	2	2	18	2	2	0	0	0
hsa-miR-3129-3p	2	2	0	0	0	0	0	0	0	0	0	0	2	0	0
hsa-miR-23a-5p	2	3	2	0	0	7	4	4	0	51	2	5	0	0	0
hsa-miR-3200-5p	0	0	0	5	0	0	0	0	0	9	0	0	0	0	0
hsa-miR-195-5p	6244	11395	2001	0	10	0	2619	2619	0	0	1802	202	470	156	3803
hsa-miR-579-5p	2	5	3	3	0	3	0	7	3	74	8	0	0	0	2
hsa-miR-218-5p	761	851	75	7	0	0	96	311	2	2	59	18	32	79	169
hsa-miR-4508	0	9	2	242	212	1073	0	21	105	10794	2	2	9	1	6
hsa-miR-6509-5p	12	2	0	0	0	0	2	2	0	0	0	2	2	9	2
hsa-miR-4725-3p	0	3	0	0	0	0	0	2	0	0	0	0	0	0	0
hsa-miR-4504	28	4	2	15	0	8	5	17	0	13	0	0	5	5	4
hsa-miR-1273c	6	8	0	0	0	2	3	4	0	10	0	0	0	0	0
hsa-miR-4501	0	0	0	0	0	0	0	0	0	0	0	0	0	2	0
hsa-miR-30a-5p	1098568	623693	206323	1816	272	156	302810	498413	189	2103	141700	90666	163512	122817	478200
hsa-miR-5589-5p	0	0	0	0	0	0	0	0	0	2	0	0	0	0	0
hsa-miR-4638-5p	0	0	0	0	0	0	0	0	0	8	0	0	0	0	0
hsa-miR-4999-5p	0	6	0	0	0	0	0	2	0	8	0	0	0	0	2
hsa-miR-320a-5p	2	0	0	0	0	0	0	0	0	0	0	0	0	0	0
hsa-miR-5001-3p	41	17	4	0	6	4	3	2	0	7	13	0	5	4	44
hsa-miR-4772-3p	0	0	0	0	0	0	0	0	0	2	0	0	0	0	0
hsa-miR-106b-5p	1317	3361	500	198	0	8	851	1263	2	240	325	112	237	27	1917
hsa-miR-6748-5p	2	0	0	0	0	0	0	0	0	0	0	0	0	0	0
hsa-miR-27b-5p	99	104	37	5	0	0	61	95	0	12	75	32	49	10	86
hsa-miR-548e-3p	161	176	34	7	0	0	53	44	0	10	18	10	8	0	90
hsa-miR-548u	4	2	2	0	0	0	2	2	0	0	0	0	0	0	9
hsa-miR-548s	8	2	0	0	0	0	0	0	0	0	0	0	0	0	0
hsa-miR-10395-3p	3	0	20	0	13	0	4	2	0	9	4	0	0	0	0
hsa-miR-6882-3p	0	0	0	0	7	0	0	0	0	0	0	0	0	0	0
hsa-miR-548q	6	0	0	6	0	0	0	3	0	2	0	0	0	0	2
hsa-miR-3130-3p	0	0	2	21	0	2	0	2	0	4	0	0	0	0	0
hsa-miR-1248	0	0	0	0	0	0	0	0	0	0	0	2	0	0	0
hsa-miR-199b-5p	646	1050	85	18	0	0	384	114	0	16	80	33	5	37	189
hsa-miR-21-3p	1078	516	292	15	0	6	576	569	0	80	105	157	78	19	1365
hsa-miR-548n	6	1	1	0	0	0	0	0	0	0	0	0	0	0	2
hsa-miR-143-5p	7	22	0	88	0	8	17	9	0	417	2	0	0	0	11
hsa-miR-1246	218	120	35	29	2	44	264	97	11	263	51	76	101	51	1351
hsa-miR-548l	7	11	2	2	0	0	2	3	0	0	2	0	0	0	0
hsa-miR-1244	3	4	0	0	0	0	0	3	0	0	2	0	4	2	2
hsa-miR-335-5p	7984	22408	3782	29	0	0	4506	6735	0	5	3001	720	731	354	13580
hsa-miR-548k	88	106	33	5	0	0	41	55	0	5	41	5	6	9	62
hsa-miR-4766-3p	0	0	0	2	0	0	0	0	0	0	0	0	0	0	0
hsa-miR-548i	17	2	3	0	0	0	0	0	0	0	0	0	0	0	5
hsa-miR-411-5p	2	4	2	9	0	0	0	11	2	15	2	0	0	2	0
hsa-miR-224-3p	114	285	27	0	4	0	26	45	0	0	32	8	4	7	74
hsa-miR-219b-5p	2	0	0	0	0	0	0	0	0	0	0	0	0	0	0
hsa-miR-517a-3p	19	4	3	0	0	0	0	2	0	0	3	0	0	2	5
hsa-miR-6510-5p	0	2	0	0	0	0	0	5	0	0	2	0	0	0	2
hsa-miR-500b-3p	3	0	0	0	0	0	1	2	0	8	0	0	0	0	2
hsa-miR-3677-3p	0	0	2	0	0	0	2	6	0	7	2	0	0	0	5
hsa-miR-23a-3p	13266	12339	3382	221	8	2	8861	5295	22	398	5311	1917	3276	1691	10461
hsa-miR-4755-5p	0	0	0	0	4	0	0	0	0	0	0	0	0	0	0
hsa-miR-1228-5p	0	0	0	64	20	286	0	0	70	314	0	3	0	0	4
hsa-miR-3200-3p	63	53	0	2	6	0	6	11	0	2	8	3	2	2	33
hsa-miR-382-5p	16	6	0	78	0	21	0	20	72	392	0	0	3	0	0
hsa-miR-195-3p	636	378	78	11	0	0	175	301	0	15	218	55	208	140	168
hsa-miR-3940-5p	2	0	0	0	0	0	0	0	2	5	0	0	0	0	0
hsa-miR-766-5p	0	0	2	10	0	0	0	0	0	47	0	0	2	0	2
hsa-miR-579-3p	2	10	0	0	0	0	0	0	0	0	2	2	0	0	6
hsa-miR-1304-5p	53	63	2	9	0	0	16	40	6	57	16	3	7	3	21
hsa-miR-655-3p	0	0	0	0	0	0	0	2	0	0	0	0	0	0	0
hsa-miR-6509-3p	0	2	0	0	0	0	0	2	0	0	0	0	0	0	0
hsa-miR-4749-5p	0	0	0	0	0	0	0	0	0	0	0	0	0	2	0
hsa-miR-5584-5p	0	0	0	0	0	0	0	0	0	4	0	0	0	0	0
hsa-miR-30a-3p	126230	17468	3656	66	7	15	6429	12597	21	96	6245	2415	23866	33283	5244
hsa-miR-3934-5p	5	6	0	2	0	4	3	0	0	5	0	0	2	0	3
hsa-miR-4446-3p	4	0	0	32	0	15	2	4	9	167	0	0	0	15	0
hsa-miR-4638-3p	0	2	0	0	0	0	0	0	0	0	0	0	0	0	0
hsa-miR-452-5p	3140	6973	880	22	0	6	833	1971	0	43	821	296	148	474	3480
hsa-miR-548aw	0	8	0	0	0	0	0	3	0	0	0	0	0	0	2
hsa-miR-6859-5p	16	8	5	4	0	4	0	5	0	31	0	0	5	5	3
hsa-miR-320a-3p	33787	18497	14113	18793	1847	35341	10289	28681	1202	197520	11579	12453	6131	4338	19541
hsa-miR-106b-3p	18267	3038	625	1400	120	747	1018	2497	230	5960	2380	570	3485	6529	2190
hsa-miR-27b-3p	170497	82944	52587	1472	59	53	53615	51192	418	990	49405	10180	24709	8375	71720
hsa-miR-4796-5p	6	0	0	0	0	0	0	0	0	0	2	0	0	0	0
hsa-miR-548al	0	4	0	0	0	0	2	0	0	5	0	0	0	0	2
hsa-miR-4680-5p	0	0	0	0	0	0	4	0	0	0	4	0	0	0	0
hsa-miR-7851-3p	2	0	0	0	0	0	0	0	0	0	0	0	0	0	0
hsa-miR-4685-3p	6	4	0	6	13	0	0	2	2	25	2	0	4	8	3
hsa-miR-199b-3p	393	494	47	150	0	2	287	103	24	142	45	22	22	27	177
hsa-miR-548ag	109	20	4	0	0	0	21	35	0	0	5	0	164	12	36
hsa-miR-330-5p	57	147	14	10	0	0	37	118	0	50	32	18	10	8	37
hsa-miR-143-3p	12403	6153	1096	15130	24	755	6328	3505	707	12694	986	925	3017	2903	6460
hsa-miR-374c-5p	10	8	0	0	0	0	0	3	0	0	3	0	0	0	0
hsa-miR-4761-3p	0	0	0	0	0	0	0	2	0	0	0	0	0	0	0
hsa-miR-522-5p	1	0	0	2	0	0	0	0	0	6	0	0	0	0	0
hsa-miR-335-3p	7743	8760	691	6	0	0	2044	3533	14	11	3828	485	2290	2929	2406
hsa-miR-1234-3p	7	2	0	0	0	0	0	0	0	0	2	0	0	0	4
hsa-miR-548ab	6	1	3	0	0	0	0	0	0	0	0	0	0	0	2
hsa-miR-26a-5p	361473	543242	65848	9359	228	73	62119	167303	1022	3107	129255	13635	31526	95578	96527
hsa-miR-580-3p	0	2	0	4	0	0	2	0	0	11	0	0	0	0	4
hsa-miR-135b-5p	145	97	23	0	0	0	47	33	0	0	8	12	10	2	41
hsa-miR-411-3p	0	0	0	0	0	0	0	0	0	4	0	0	0	0	0
hsa-miR-6813-5p	2	0	0	0	0	0	0	0	0	0	0	0	0	0	0
hsa-miR-4482-5p	0	0	0	0	0	0	0	6	0	0	0	0	0	0	0
hsa-miR-6510-3p	919	1112	118	0	0	0	388	1763	0	2	708	168	217	305	271
hsa-miR-3614-5p	61	2	5	15	0	6	16	0	0	40	0	3	6	7	8
hsa-miR-23c	8	2	2	0	0	0	4	3	0	0	8	2	1	0	1
hsa-miR-181b-5p	12850	12397	3213	174	5	21	3865	8224	16	478	6244	1542	2059	1570	7049
hsa-miR-493-5p	31	4	0	5	0	0	2	6	17	13	2	0	2	3	0
hsa-miR-132-5p	37	38	2	4	0	2	47	42	2	10	22	5	5	7	17
hsa-miR-137-3p	0	0	0	0	0	0	2	0	0	0	0	0	0	0	0
hsa-miR-4750-5p	3	0	0	0	0	0	0	2	0	2	0	0	0	0	0
hsa-miR-324-5p	305	388	111	10	7	0	175	144	0	64	158	31	60	39	239
hsa-miR-4755-3p	0	0	0	0	0	0	0	0	0	3	0	0	0	0	0
hsa-miR-1228-3p	0	0	0	3	0	0	0	0	3	0	0	0	0	0	0
hsa-miR-877-5p	266	151	26	0	0	18	28	95	2	27	102	14	41	46	87
hsa-miR-382-3p	5	0	0	0	0	0	0	0	13	3	0	0	0	0	0
hsa-miR-3940-3p	33	15	0	3	31	3	0	0	0	11	5	0	2	0	4
hsa-miR-708-5p	32	4	0	0	0	0	3	19	0	0	0	0	0	2	7
hsa-miR-574-3p	1745	2814	243	64	18	0	340	715	9	29	710	137	270	803	795
hsa-miR-1304-3p	85	19	0	18	0	13	2	10	4	24	13	2	24	30	12
hsa-miR-766-3p	17	66	0	14	10	0	15	4	0	35	7	2	0	4	12
hsa-miR-6807-5p	0	0	0	0	0	0	0	0	0	15	0	0	0	0	0
hsa-let-7g-5p	298318	217029	49062	10593	356	154	47706	126404	2572	5181	69788	12454	31866	37755	67714
hsa-miR-33a-5p	19	64	21	0	0	0	20	6	0	3	0	0	0	0	14
hsa-miR-4668-5p	2	3	0	0	0	0	2	0	2	2	3	2	0	0	2
hsa-miR-16-2-3p	261	393	36	996	58	18	116	165	167	507	158	16	67	34	173
hsa-miR-126-5p	0	0	0	164	0	0	0	0	29	40	0	0	0	0	2
hsa-miR-4633-3p	0	0	0	0	0	0	0	0	0	0	2	0	0	0	2
hsa-miR-6854-5p	0	0	0	0	0	0	0	0	0	0	0	0	0	2	0
hsa-miR-19a-3p	816	1645	399	104	0	2	383	332	5	31	220	20	32	19	964
hsa-miR-6859-3p	0	0	0	0	3	0	0	0	0	3	0	0	0	0	0
hsa-miR-3160-3p	0	0	0	0	0	0	0	0	0	0	0	0	0	0	2
hsa-miR-181a-2-3p	6068	2786	342	52	12	47	497	1603	12	312	1025	256	1094	2728	1099
hsa-miR-4796-3p	0	5	0	0	0	0	0	2	0	0	0	0	0	0	0
hsa-miR-3928-3p	91	46	12	0	0	9	7	35	0	63	9	8	17	20	18
hsa-miR-3620-3p	2	0	0	0	0	0	0	0	0	0	0	0	0	0	0
hsa-miR-4680-3p	0	0	0	0	0	0	3	0	0	0	2	0	0	0	6
hsa-miR-6848-5p	0	0	0	0	0	0	0	0	0	5	0	2	0	0	0
hsa-miR-5100	20	28	4	3	0	0	2	9	2	0	30	4	34	11	3
hsa-miR-330-3p	81	138	15	179	0	15	29	85	25	469	40	15	14	17	22
hsa-miR-6732-5p	0	0	2	0	0	0	0	0	0	0	0	0	0	0	0
hsa-miR-592	0	2	0	0	0	0	0	0	0	0	0	0	0	0	0
hsa-miR-135a-2-3p	191	150	31	0	0	0	27	77	0	0	29	13	11	70	41
hsa-miR-522-3p	32	5	2	3	0	0	0	0	0	0	13	0	0	0	2
hsa-miR-4482-3p	0	0	0	0	0	0	0	3	0	0	0	0	0	0	0
hsa-miR-627-5p	0	11	0	0	0	0	2	4	0	0	0	5	0	0	13
hsa-miR-181b-3p	46	39	3	0	0	3	8	7	0	0	17	0	4	3	29
hsa-miR-493-3p	13	4	0	19	0	0	0	12	7	158	0	0	0	3	0
hsa-miR-132-3p	595	488	106	4	0	0	443	437	0	6	273	61	91	128	170
hsa-miR-511-5p	599	1579	26	76	0	5	31	121	11	56	106	12	37	417	6
hsa-miR-324-3p	421	440	82	17	23	7	131	165	0	213	184	41	61	41	336
hsa-miR-6726-5p	0	0	0	0	0	0	0	0	0	7	0	0	2	0	0
hsa-miR-708-3p	83	0	0	4	0	0	6	32	0	3	0	0	8	11	21
hsa-let-7b-5p	410910	123643	31061	12767	696	9576	40418	84901	4743	24337	63266	14298	133151	118994	67352
hsa-let-7f-2-3p	86	86	55	2	0	0	30	23	0	0	4	3	4	5	76
hsa-let-7g-3p	302	161	65	0	0	0	45	73	0	0	14	10	22	16	441
hsa-miR-33a-3p	245	274	38	0	0	0	29	88	0	0	9	4	16	29	43
hsa-miR-598-5p	0	0	0	0	0	0	0	2	0	0	0	0	0	0	0
hsa-miR-518d-5p	0	0	0	0	0	0	0	0	0	1	0	0	0	0	0
hsa-miR-126-3p	0	6	0	7205	4	100	9	5	660	6932	0	0	0	0	8
hsa-miR-581	0	6	0	2	0	0	0	0	0	0	0	0	0	0	0
hsa-miR-323a-3p	7	2	0	4	0	7	0	0	13	7	2	0	0	0	2
hsa-miR-505-5p	15	4	0	18	2	0	4	9	3	21	14	0	3	2	3
hsa-miR-28-5p	828	3119	344	34	0	0	471	910	3	86	511	117	106	66	407
hsa-miR-202-3p	0	0	0	0	0	3	0	0	0	5	0	0	0	0	0
hsa-miR-450a-5p	0	2	0	13	0	0	37	0	5	19	0	3	0	0	3
hsa-miR-942-5p	54	48	4	86	19	0	12	17	3	106	24	0	10	18	33
hsa-miR-200a-5p	29870	13586	2213	8	0	0	3051	15899	6	2	3568	1917	9040	12119	2702
hsa-miR-7977	76	61	25	0	6	0	7	31	0	0	25	0	15	20	12
hsa-miR-7976	0	3	0	24	13	18	0	0	3	221	4	0	0	0	0
hsa-miR-7975	0	0	0	0	0	0	0	0	0	7	0	0	0	0	0
hsa-miR-6499-5p	52	21	3	0	0	0	4	15	0	0	9	3	13	7	0
hsa-miR-1-3p	19	59	2	173	0	14	2	3	139	39	0	0	2	8	5
hsa-miR-4738-3p	8	0	0	2	0	32	0	0	0	39	0	0	0	0	0
hsa-miR-6767-5p	0	0	0	2	0	0	0	0	0	3	0	0	0	0	0
hsa-miR-744-5p	815	1125	172	1189	36	870	342	528	200	9819	371	156	176	208	211
hsa-miR-29a-5p	27	33	10	0	0	0	12	10	0	0	2	0	2	2	32
hsa-miR-577	49	190	13	0	0	0	11	43	0	0	31	0	2	15	142
hsa-miR-365a-5p	356	272	24	2	0	6	35	419	0	19	122	32	112	240	78
hsa-miR-548ar-3p	4	9	2	0	0	0	2	0	0	0	0	0	0	0	4
hsa-miR-513b-5p	0	0	0	0	0	0	0	0	0	4	0	0	0	0	0
hsa-miR-519a-2-5p	0	0	0	0	0	0	0	0	0	0	0	0	0	1	0
hsa-miR-2116-3p	0	4	0	0	0	5	0	0	0	3	3	0	0	0	0
hsa-miR-627-3p	8	5	0	0	0	0	0	0	0	0	0	0	0	0	0
hsa-miR-6721-5p	0	0	0	5	0	0	0	0	0	0	0	0	0	0	0
hsa-miR-511-3p	65	325	12	0	0	0	9	6	0	0	15	3	0	0	9
hsa-miR-3691-5p	33	9	2	3	0	8	6	12	0	58	0	3	11	10	4
hsa-miR-6802-3p	0	0	0	0	5	0	0	0	0	0	0	0	0	0	0
hsa-let-7b-3p	778	730	116	57	0	0	149	293	11	14	407	48	114	363	371
hsa-miR-598-3p	921	909	126	7	0	0	248	405	0	0	217	29	111	52	324
hsa-miR-424-5p	23	14	5	2	0	0	226	3	0	0	0	6	6	0	73
hsa-miR-206	19	6	0	218	0	180	3	5	65	56	2	0	6	3	13
hsa-miR-616-5p	19	16	0	0	0	0	7	5	0	0	3	0	0	5	2
hsa-miR-1538	0	0	0	0	3	0	0	0	0	4	0	0	0	0	0
hsa-miR-6884-5p	6	3	0	2	0	14	2	0	0	45	3	2	0	0	3
hsa-miR-520b-5p	0	0	0	0	0	0	0	0	0	0	0	0	0	1	0
hsa-miR-2355-3p	0	0	0	18	0	0	6	0	0	18	0	0	0	0	0
hsa-miR-505-3p	81	83	3	12	9	0	27	32	0	19	27	0	9	21	50
hsa-miR-520g-3p	15	0	0	0	0	0	0	2	0	0	2	0	0	4	0
hsa-miR-3190-3p	17	9	0	0	0	0	0	0	0	18	8	0	5	2	0
hsa-miR-28-3p	26875	6738	1480	528	11	420	2713	5908	104	2461	4388	1699	8019	14799	3567
hsa-miR-509-3-5p	0	0	0	0	0	0	0	0	0	7	2	0	0	0	0
hsa-miR-942-3p	2	0	0	0	0	0	0	0	0	3	0	2	0	3	2
hsa-miR-200a-3p	649418	718944	123785	348	158	14	155155	349692	34	228	131930	42832	80251	51965	289417
hsa-miR-6878-5p	0	0	0	0	0	0	0	0	0	5	0	0	0	0	0
hsa-miR-151b	203	252	48	1	0	0	56	147	2	5	89	10	33	28	114
hsa-miR-6762-5p	2	2	0	0	0	0	0	0	0	4	0	0	0	0	0
hsa-miR-3679-5p	4	2	0	0	0	2	2	0	0	2	0	0	2	0	2
hsa-miR-17-5p	3274	8918	1221	448	7	10	1534	2892	30	419	2418	360	259	311	4112
hsa-miR-552-3p	0	0	0	0	0	0	0	2	0	0	0	0	0	0	4
hsa-miR-744-3p	23	54	2	0	0	0	13	21	0	0	20	0	2	4	7
hsa-miR-29a-3p	23172	31944	8158	333	16	3	7616	6374	15	187	7774	1110	1561	1323	18247
hsa-miR-197-5p	2	2	0	0	0	23	0	0	0	4	0	0	0	0	0
hsa-miR-6843-3p	71	12	4	0	0	0	11	29	0	6	11	0	29	30	2
hsa-miR-4646-5p	0	0	0	0	0	18	0	0	0	0	0	0	0	0	0
hsa-miR-103a-2-5p	17	24	0	0	0	0	3	0	0	0	0	0	0	0	15
hsa-miR-181b-2-3p	8	40	7	2	0	0	2	8	0	0	11	0	0	2	10
hsa-miR-10396b-5p	0	0	0	1	6	0	0	0	0	3	0	0	0	0	0
hsa-miR-3173-5p	3	0	0	6	4	0	0	0	0	7	2	0	0	0	0
hsa-miR-548ah-5p	46	22	0	0	0	0	12	20	0	0	5	2	15	3	7
hsa-miR-3912-3p	33	64	11	5	0	0	7	17	0	0	7	0	2	0	24
hsa-miR-365a-3p	2338	3257	91	3	0	0	249	686	0	0	1129	98	198	710	686
hsa-miR-30c-5p	23281	35960	4548	375	171	3	6563	11546	48	169	13658	1820	4979	6359	11125
hsa-miR-4698	0	0	0	0	0	0	0	2	0	0	0	0	0	0	0
hsa-miR-6837-3p	5	0	0	0	0	2	0	0	0	0	0	0	0	0	0
hsa-miR-6068	0	0	0	0	0	0	0	0	0	4	0	0	0	0	0
hsa-miR-29b-1-5p	19	0	0	0	0	0	4	0	0	0	4	0	2	0	2
hsa-miR-4696	6	9	0	0	0	0	0	4	0	0	0	0	0	0	0
hsa-miR-301a-5p	2	2	0	0	0	0	0	4	0	0	0	0	0	0	2
hsa-miR-30c-1-3p	33	18	6	0	0	0	5	18	0	5	14	0	2	2	6
hsa-miR-4529-3p	0	0	0	0	2	0	0	0	0	0	0	0	0	0	0
hsa-miR-5003-3p	0	0	0	2	0	0	0	0	0	0	0	0	0	0	0
hsa-miR-1247-3p	0	0	0	0	0	7	0	0	0	4	0	0	0	0	0
hsa-miR-424-3p	0	0	0	152	27	16	0	0	32	253	0	0	0	0	0
hsa-miR-6826-5p	0	0	0	0	0	0	0	2	0	0	0	0	0	0	0
hsa-miR-616-3p	3	2	0	0	0	0	2	0	0	2	3	0	0	0	2
hsa-miR-543	0	0	0	41	4	0	0	0	63	38	0	0	0	0	0
hsa-miR-145-5p	74	78	13	133	0	0	59	19	0	128	24	14	14	22	75
hsa-miR-664a-5p	2467	785	207	38	0	19	323	594	4	120	474	182	389	662	426
hsa-miR-337-5p	0	0	0	0	0	0	0	0	0	2	0	0	0	0	0
Hsa-Mir-544_5p	0	0	0	0	0	0	0	0	0	0	0	0	0	0	2
hsa-miR-190a-5p	287	122	118	0	0	0	98	88	0	6	26	0	18	2	262
hsa-miR-582-5p	284	94	31	0	0	0	99	36	0	0	15	4	14	7	122
hsa-miR-221-5p	490	619	58	17	0	0	141	224	0	8	243	41	84	54	77
hsa-miR-6797-5p	0	2	0	0	0	0	0	0	0	0	0	0	0	0	0
hsa-miR-4689	0	0	0	0	0	0	0	4	0	0	0	0	0	0	0
hsa-miR-4688	3	0	0	0	0	0	3	0	0	0	0	0	3	3	2
hsa-miR-15b-5p	1379	2252	360	84	28	5	412	921	9	12	565	63	180	148	611
hsa-miR-4326	90	0	19	47	11	23	25	54	0	106	64	5	31	52	36
hsa-miR-4686	0	0	0	0	0	0	0	0	2	0	0	0	0	0	0
hsa-miR-3622b-5p	0	0	0	0	0	0	2	2	0	0	0	0	0	0	2
hsa-miR-4683	0	2	0	0	0	0	0	0	0	0	0	0	0	0	0
hsa-miR-4682	0	0	0	0	0	3	0	0	0	0	0	0	0	0	0
hsa-miR-6762-3p	0	5	0	0	0	0	2	0	0	0	0	0	0	0	0
hsa-miR-1255a	15	22	0	7	0	0	6	21	3	7	2	0	0	2	4
hsa-miR-17-3p	104	163	50	0	0	0	77	130	0	39	55	6	12	2	115
hsa-miR-139-5p	0	2	0	202	4	0	2	3	45	158	0	0	0	0	0
hsa-miR-151a-5p	897	1216	164	27	6	0	306	609	25	40	431	53	166	144	400
hsa-miR-192-5p	10095	4550	831	4528	53	584	1179	3129	904	13826	1110	381	1128	756	2486
hsa-miR-197-3p	422	1160	44	221	74	0	327	169	53	107	322	69	110	384	321
hsa-miR-3942-5p	2	0	0	0	0	0	0	0	0	0	0	0	0	0	0
hsa-miR-1288-3p	3	0	0	0	0	3	2	2	0	0	0	0	0	3	2
hsa-miR-215-5p	305	177	25	180	0	7	21	66	20	339	13	2	23	30	47
hsa-miR-576-5p	287	244	15	12	11	0	37	175	0	5	84	12	28	38	86
hsa-miR-1306-5p	5	8	0	22	37	0	0	4	12	12	5	0	5	11	0
hsa-miR-516b-5p	40	9	0	30	0	0	0	0	7	46	4	4	0	0	0
hsa-miR-652-5p	0	2	0	0	0	0	0	0	0	0	0	0	0	2	2
hsa-miR-6867-5p	0	0	0	0	0	0	0	0	0	0	0	0	2	0	0
hsa-miR-4666a-5p	0	0	0	0	0	0	0	0	0	7	0	0	0	0	0
hsa-miR-6751-5p	0	0	0	0	0	0	0	0	0	5	0	0	0	0	0
hcmv-miR-US29-5p	0	0	0	0	0	0	0	0	0	9	0	0	0	0	0
hsa-miR-148b-5p	620	1317	208	37	0	0	222	616	0	37	192	75	86	68	293
hsa-miR-3173-3p	0	0	2	0	0	0	0	0	0	0	0	0	0	0	0
hsa-miR-548ah-3p	25	11	0	0	0	0	2	2	0	0	2	0	2	0	6
hsa-miR-186-5p	22524	29368	5361	1969	54	144	10063	12327	80	3341	6953	2335	2725	1934	22218
hsa-miR-4679	3	9	0	0	0	0	0	0	0	0	2	0	0	0	0
hsa-miR-454-5p	2	9	0	2	0	0	3	3	4	0	2	0	0	0	2
hsa-miR-301a-3p	0	0	0	0	0	0	2	0	0	0	0	0	0	0	0
hsa-miR-4716-3p	0	0	0	0	0	0	0	2	0	0	0	0	0	0	0
hsa-miR-3162-5p	2	0	0	0	0	0	0	0	0	0	0	0	0	0	0
hsa-miR-548b-3p	20	8	0	0	0	0	2	0	0	0	5	0	0	0	2
hsa-miR-6821-5p	6	2	7	0	0	0	19	15	0	7	0	5	16	0	9
hsa-miR-6826-3p	0	0	0	0	0	0	0	0	0	0	2	0	0	0	0
hsa-miR-203a-3p	6533	3620	1450	163	0	4	2580	3496	185	246	2374	729	1038	410	3023
hsa-miR-4687-3p	0	0	0	0	0	0	0	0	0	8	0	0	0	0	2
hsa-miR-521	2	0	0	0	0	0	0	0	0	0	0	0	0	0	0
hsa-miR-140-5p	151	548	107	63	0	5	360	144	5	65	81	35	14	5	180
hsa-miR-145-3p	15	39	0	601	0	0	67	16	11	296	0	10	4	3	39
hsa-miR-664a-3p	661	708	100	5	2	0	186	241	0	0	415	86	170	123	147
hsa-miR-885-5p	703	770	33	7	0	0	8	90	17	5	318	38	71	370	32
hsa-miR-6739-5p	2	0	0	0	0	0	0	0	0	0	0	0	0	0	0
hsa-miR-6792-5p	2	0	0	0	0	0	0	2	0	0	0	0	0	0	0
hsa-miR-190a-3p	7	4	2	0	0	0	2	3	0	0	0	0	0	0	4
hsa-miR-582-3p	198	33	20	8	0	0	211	63	0	54	8	9	33	2	116
hsa-miR-221-3p	3511	4263	1288	1248	3	36	1789	2254	110	2051	2305	418	462	280	4217
hsa-miR-4659a-3p	0	0	0	2	2	0	0	0	0	0	0	0	0	0	0
hsa-miR-4669	0	0	0	15	0	50	0	0	0	4	0	0	0	0	0
hsa-miR-15b-3p	305	324	66	58	0	0	55	144	12	10	58	19	42	11	277
hsa-miR-4306	0	0	0	3	1	0	0	2	0	15	0	3	0	0	3
hsa-miR-3616-5p	0	0	0	0	0	0	2	2	0	0	0	0	0	0	0
hsa-miR-4676-5p	0	0	0	0	0	0	0	0	0	0	2	0	0	0	0
hsa-miR-3121-3p	0	0	0	0	0	0	0	2	0	0	0	0	0	0	0
hsa-miR-3622b-3p	4	7	2	0	0	0	0	6	0	0	4	0	2	0	2
hsa-miR-134-5p	29	8	6	182	6	430	0	13	204	1875	0	0	0	2	2
hsa-miR-320e	34	20	19	11	2	33	10	30	1	264	12	12	11	4	30
hsa-miR-181d-5p	457	368	113	20	0	0	242	232	0	72	136	45	114	16	274
hsa-miR-320d	481	176	175	67	15	214	115	287	9	820	128	106	90	67	350
hsa-miR-139-3p	0	0	0	143	0	275	0	0	36	665	0	0	0	0	0
hsa-miR-320c	947	268	557	255	61	542	294	612	34	2366	342	218	180	159	1150
hsa-miR-4660	8	3	0	0	0	0	0	0	0	5	3	0	0	0	2
hsa-miR-192-3p	2	6	0	0	0	0	0	3	0	2	0	0	0	3	3
hsa-miR-320b	3094	1164	1564	1057	209	1927	1077	2435	93	12781	1164	1163	589	409	2849
hsa-miR-151a-3p	131752	49539	11855	8809	110	2714	15688	70346	1537	23447	19575	11288	56418	89677	21832
hsa-miR-4757-3p	0	0	0	0	0	0	0	0	0	4	0	0	0	0	0
hsa-miR-210-5p	2	7	0	0	6	0	0	0	0	0	0	0	0	0	2
hsa-miR-1306-3p	3	4	0	17	4	11	0	2	3	177	2	0	0	4	0
hsa-miR-6809-5p	0	0	0	0	0	0	0	0	0	2	0	2	0	0	0
hsa-let-7i-5p	427381	161611	63437	18429	474	1172	58349	147034	2710	29288	51678	21636	82847	43201	132449
hsa-miR-6501-5p	0	0	0	2	0	5	4	0	2	50	0	0	0	0	3
hsa-miR-6862-5p	7	0	0	0	0	10	0	0	0	3	0	0	0	0	0
hsa-miR-652-3p	6476	5592	1632	128	68	10	2147	3466	8	489	2829	729	1203	1437	6100
hsa-miR-148b-3p	86357	25887	7058	1180	49	117	8640	15430	220	1475	7302	1549	17794	17640	10136
hsa-miR-1843	2152	593	153	60	0	11	265	783	11	230	275	104	495	455	312
hsa-miR-4746-5p	4	0	0	29	12	41	0	0	3	155	0	0	0	8	0
hsa-miR-186-3p	0	2	0	0	0	0	0	0	0	0	0	0	0	0	11
hsa-miR-204-5p	0	2	0	23	0	0	2	3	0	6	0	0	0	3	6
hsa-miR-1277-3p	2	9	2	0	0	0	3	0	0	0	0	0	0	0	4
hsa-miR-4658	0	0	0	10	0	8	0	2	0	13	0	0	0	0	0
hsa-miR-4657	0	0	0	0	0	0	0	0	0	9	0	2	0	0	0
hsa-miR-4656	0	0	0	0	0	0	0	2	0	0	0	0	0	0	0
hsa-miR-454-3p	163	152	33	0	0	0	43	66	0	0	56	8	25	17	89
hsa-miR-4654	2	0	0	0	0	2	0	0	0	0	0	0	0	0	0
hsa-miR-4651	2	0	0	0	0	0	0	0	0	0	0	0	0	0	0
hsa-miR-130b-5p	140	42	4	33	38	0	11	26	28	38	36	0	24	42	5
hsa-miR-1266-5p	123	49	2	0	0	0	14	35	0	0	22	12	23	39	32
hsa-miR-3925-5p	0	0	0	0	0	0	0	0	0	5	0	0	0	0	0
hsa-miR-193a-5p	3926	7639	1462	571	7	391	1606	3635	98	3464	3209	1043	758	1133	2464
hsa-miR-18b-5p	1	0	1	2	0	0	2	2	0	0	0	0	0	0	5
hsa-miR-4700-5p	6	0	0	0	0	0	0	2	0	0	2	0	0	0	0
hsa-miR-92a-3p	63883	41925	14120	37966	24140	2141	15604	23202	16841	15487	38730	4844	12082	10943	30054
hsa-miR-140-3p	9659	5493	1129	6748	592	2411	3281	2697	568	18891	1480	1207	1504	1376	2713
hsa-miR-6734-5p	11	4	0	0	0	16	0	0	3	8	0	0	0	2	0
hsa-miR-885-3p	499	123	13	2	0	8	2	29	5	14	61	17	39	171	3
hsa-miR-3202	0	0	0	0	0	0	0	0	0	3	0	0	0	0	0
hsa-miR-6810-5p	0	0	0	2	0	0	0	0	0	0	0	0	0	0	0
hsa-miR-1185-1-3p	0	0	1	0	0	0	0	0	0	8	0	0	0	0	0
hsa-miR-4648	0	0	0	0	0	0	0	0	0	6	0	0	0	0	0
hsa-miR-4671-5p	0	0	0	0	0	0	0	0	0	7	0	0	0	0	0
hsa-miR-4647	11	4	0	0	0	18	0	0	0	13	0	0	0	6	5
hsa-miR-3616-3p	0	2	0	0	0	0	0	0	0	0	0	0	0	0	0
hsa-miR-548ay-3p	0	6	0	0	0	0	0	2	0	0	0	0	0	0	0
hsa-miR-519b-5p	1	0	0	2	0	0	0	0	0	6	0	0	0	0	0
hsa-miR-629-5p	1577	580	494	1020	6	3083	621	740	242	9720	330	264	410	480	1572
hsa-miR-9985	564	427	428	0	0	0	296	386	2	0	226	39	190	30	725
hsa-miR-495-3p	7	7	0	6	0	0	0	22	4	11	0	0	0	2	10
hsa-miR-874-5p	4	0	0	0	0	0	2	0	0	0	0	0	0	0	2
hsa-miR-6781-5p	0	0	0	0	0	0	0	0	0	3	0	0	0	0	0
hsa-miR-210-3p	325	758	112	52	19	39	144	122	2	672	173	50	64	46	237
hsa-miR-6786-3p	0	0	0	2	0	0	0	0	0	0	0	0	0	0	0
hsa-miR-1301-3p	218	207	42	124	15	25	64	111	6	313	107	26	39	40	92
hsa-let-7d-5p	10863	12049	1801	1117	68	18	1762	6547	157	662	6311	717	1137	1713	3027
hsa-let-7i-3p	467	787	202	9	0	0	203	254	0	18	117	53	54	45	574
hsa-miR-3605-5p	25	10	2	4	0	15	3	11	2	38	5	0	0	2	5
hsa-miR-4665-5p	2	0	0	10	0	11	0	0	0	132	0	0	0	0	0
hsa-miR-2110	554	231	111	419	43	975	118	156	62	3966	183	73	98	147	192
hsa-miR-1827	4	0	0	0	0	0	0	0	0	0	0	0	0	0	0
hsa-miR-518f-5p	0	0	0	0	0	0	0	0	0	1	0	0	0	0	0
hsa-miR-489-3p	0	0	0	0	0	0	0	2	0	0	0	0	0	0	0
hsa-miR-676-5p	4	0	0	0	0	0	0	0	0	0	0	0	0	0	0
hsa-miR-128-3p	671	816	107	964	77	38	275	618	278	584	573	34	176	111	306
hsa-miR-378a-5p	219	368	60	9	6	0	159	205	0	12	267	53	83	53	268
hsa-miR-3192-5p	2	0	0	0	0	0	0	0	0	3	0	0	0	0	0
hsa-miR-526b-5p	3	0	0	0	0	0	0	0	0	0	3	0	0	0	0
hsa-miR-5581-3p	0	0	0	0	0	0	0	0	0	0	0	0	0	2	0
hsa-miR-204-3p	0	0	0	20	0	17	0	0	0	170	0	0	0	0	0
hsa-miR-4637	2	0	0	0	0	0	0	0	0	0	0	0	0	0	0
hsa-miR-200c-5p	104	119	34	0	0	0	41	106	0	0	25	12	21	7	77
hsa-miR-128-1-5p	13	0	2	0	0	0	2	6	0	6	4	2	0	8	0
hsa-miR-130b-3p	397	676	114	14	0	2	175	267	2	33	150	100	37	38	243
hsa-miR-362-5p	40	56	13	0	0	0	8	21	0	7	5	6	2	13	51
hsa-miR-3186-5p	0	0	0	0	0	0	0	0	0	3	0	0	0	0	0
hsa-miR-29c-5p	1321	826	171	8	0	0	411	747	0	21	193	110	238	96	412
hsa-miR-193a-3p	1280	1055	550	0	0	0	471	447	0	0	195	72	127	86	1149
hsa-miR-6845-5p	0	0	0	0	0	7	0	0	0	0	0	0	0	0	0
hsa-miR-4700-3p	0	0	0	0	0	0	0	2	0	0	0	0	0	0	0
hsa-miR-18b-3p	0	0	0	0	4	0	0	0	0	0	0	0	0	0	0
hsa-miR-92a-1-5p	38	55	4	2	0	8	26	67	0	19	46	11	3	10	19
hsa-miR-4433a-5p	0	0	0	0	0	0	0	0	0	0	2	0	0	0	0
hsa-miR-4787-3p	0	0	0	3	0	0	0	0	0	0	0	0	0	0	0
hsa-miR-432-5p	3	0	0	33	0	11	0	0	63	49	0	0	0	2	0
hsa-miR-3064-5p	29	10	2	2	0	5	2	6	0	44	2	0	6	0	16
hsa-miR-624-5p	6	24	4	0	0	0	3	9	0	0	0	0	0	0	3
hsa-miR-490-3p	0	0	0	0	0	0	0	0	0	5	0	0	0	0	0
hsa-miR-6839-5p	0	2	0	0	0	0	0	3	0	2	0	0	0	0	0
hsa-miR-519b-3p	2	0	0	0	0	0	0	0	0	0	0	0	0	0	2
hsa-miR-629-3p	4	10	0	4	0	0	0	0	0	3	0	0	0	2	2
hsa-miR-3140-5p	2	0	0	0	0	0	0	0	0	0	0	0	0	0	2
hsa-miR-874-3p	174	142	65	11	0	3	52	74	4	68	48	14	17	8	111
hsa-miR-31-5p	34	55	28	0	0	0	7	75	0	0	20	7	0	3	61
hsa-miR-99b-5p	68002	32592	4811	1173	35	945	8631	21510	338	3973	21412	6098	14315	37403	13471
hsa-let-7d-3p	3533	3054	702	281	186	17	844	1760	98	187	1716	174	377	903	2318
hsa-miR-5702	2	0	0	0	0	0	0	0	0	0	0	0	0	0	0
hsa-miR-3605-3p	9	11	0	5	4	3	0	2	8	4	6	0	4	34	6
hsa-miR-518f-3p	2	0	0	0	0	0	0	0	0	0	0	0	0	0	2
hsa-miR-10399-5p	80	48	11	4	0	0	26	47	0	0	5	11	2	6	21
hsa-miR-671-5p	265	560	53	23	10	3	160	178	0	30	142	16	31	6	306
hsa-miR-676-3p	2	6	0	0	0	0	2	0	0	0	0	0	0	0	4
hsa-miR-502-5p	2	0	0	0	0	0	0	2	0	0	2	0	0	0	0
hsa-miR-6717-5p	2	2	0	0	0	3	0	0	0	0	0	0	0	0	0
hsa-miR-378a-3p	158496	95492	33165	1690	135	12412	49751	77860	453	26765	39185	18065	35788	51751	67160
hsa-miR-6770-5p	0	0	0	0	0	0	0	0	0	2	0	0	0	0	0
hsa-miR-25-5p	44	19	5	12	15	43	16	47	4	242	31	8	15	0	22
hsa-miR-1296-5p	32	65	6	0	0	5	15	7	0	0	14	11	2	6	14
hsa-miR-200c-3p	188864	353563	41330	146	67	5	76267	203772	24	59	204729	38478	38398	62829	74260
hsa-miR-589-5p	421	268	58	41	5	13	113	222	10	244	89	53	88	47	154
hsa-miR-196a-5p	4860	2284	160	0	0	0	720	483	2	0	301	138	190	121	528
hsa-miR-642a-3p	0	0	0	0	0	0	0	0	0	4	0	0	0	0	0
hsa-miR-362-3p	11	13	3	0	0	0	2	2	0	0	0	0	0	0	40
hsa-miR-6764-5p	0	2	0	0	0	0	0	0	0	0	0	0	0	0	0
hsa-miR-8072	0	0	0	0	0	0	0	2	0	0	0	2	0	0	0
hsa-miR-3186-3p	0	0	0	0	0	0	2	0	0	0	0	0	0	0	0
hsa-miR-29c-3p	1127	1435	344	11	0	0	342	137	0	1	117	46	67	48	1115
hsa-miR-216a-5p	6	2	4	0	0	0	2	9	0	2	3	0	0	0	2
hsa-miR-6840-5p	0	0	0	2	0	2	0	0	0	0	0	0	0	0	0
hsa-miR-125b-2-3p	3309	3483	686	50	0	0	729	1936	6	84	1409	339	1090	2154	1778
hsa-miR-659-5p	27	24	0	4	0	7	2	20	0	32	11	7	13	4	6
hsa-miR-1250-5p	0	0	0	0	0	0	4	2	0	3	0	0	0	0	0
hsa-miR-19b-1-5p	0	0	0	0	0	0	2	0	0	0	0	0	0	0	4
hsa-miR-4433a-3p	0	0	0	2	0	0	0	0	2	5	0	0	0	0	0
hsa-miR-4800-5p	0	0	0	0	0	11	0	0	0	0	0	0	0	0	0
hsa-miR-548ao-3p	5	0	0	0	0	0	0	0	0	0	0	0	3	0	0
hsa-miR-3064-3p	31	18	0	0	0	0	0	9	0	0	5	0	0	2	4
hsa-miR-30e-5p	29270	69403	18669	5179	23	158	26405	21692	299	4139	8837	2768	2673	1493	39353
hsa-miR-3140-3p	3	3	0	5	0	0	0	2	0	0	0	0	0	0	2
hsa-miR-31-3p	4	2	0	0	0	0	0	2	0	0	0	0	0	0	21
hsa-miR-345-5p	1587	1857	352	48	0	13	831	1036	2	249	943	266	163	61	1334
hsa-miR-99b-3p	5817	1992	538	37	7	38	631	1661	5	156	755	312	898	1390	1771
hsa-miR-1249-3p	0	0	0	2	8	0	0	0	0	2	0	0	0	0	0
hsa-miR-11401	0	0	0	28	0	9	0	0	11	274	0	0	0	0	0
hsa-miR-590-5p	12	6	6	0	0	0	12	0	0	0	0	0	0	0	18
hsa-miR-11400	0	0	0	71	0	4	0	0	23	93	0	0	0	0	0
hsa-miR-6511b-5p	1	0	0	0	0	0	0	0	0	5	0	0	0	0	0
hsa-miR-2276-3p	4	6	0	0	0	0	0	0	0	7	0	2	0	0	0
hsa-miR-10394-5p	0	0	0	0	0	0	0	0	0	0	0	0	2	0	0
hsa-miR-518a-3p	2	0	0	2	0	0	0	0	0	0	0	0	0	0	0
hsa-miR-125a-5p	9663	13981	1293	557	24	52	2559	4148	114	552	11140	1206	1570	2146	3598
hsa-miR-10399-3p	440	77	10	5	4	0	21	88	2	54	49	42	101	166	51
hsa-miR-671-3p	190	53	4	30	10	14	19	41	24	37	27	8	49	98	17
hsa-miR-7855-5p	0	0	0	0	0	0	0	0	0	5	0	0	0	0	0
hsa-miR-103a-3p	16293	25976	4153	2013	139	89	5308	10551	111	3640	10430	2486	1846	3673	7920
hsa-miR-502-3p	342	540	98	54	8	11	112	267	5	111	133	46	44	37	353
hsa-miR-6770-3p	0	0	0	0	0	0	0	0	0	3	0	0	0	0	0
hsa-miR-25-3p	64497	27310	5325	9477	736	583	6724	18409	1348	16859	11017	3408	13224	10780	9968
hsa-miR-339-5p	253	891	24	49	30	0	88	169	2	177	317	38	30	33	204
hsa-miR-584-5p	64	55	5	452	9	149	4	2	219	880	0	0	4	24	9
hsa-miR-223-5p	153	422	45	380	0	14	934	301	107	443	40	153	41	23	229
hsa-miR-1296-3p	11	12	10	0	0	0	2	21	0	0	14	0	3	0	13
hsa-miR-589-3p	0	6	0	0	0	0	0	5	0	0	0	0	0	0	2
hsa-miR-1180-3p	352	239	117	438	229	86	156	304	45	1712	214	82	154	85	496
hsa-miR-196a-3p	30	13	0	0	0	0	2	2	0	0	0	0	8	0	2
hsa-miR-371b-5p	0	0	0	2	0	0	0	0	0	0	0	0	0	0	0
hsa-miR-500a-5p	23	28	11	2	0	0	5	24	1	0	5	3	4	15	27
hsa-miR-660-5p	2166	1562	558	73	0	0	836	834	3	82	530	131	191	131	1847
hsa-miR-6875-5p	12	0	0	2	0	3	0	2	0	0	6	3	0	2	0
hsa-miR-6514-5p	12	2	0	0	0	10	0	2	2	4	0	0	0	2	0
hsa-miR-194-5p	590	1553	138	216	2	0	226	647	16	186	275	64	45	61	651
hsa-miR-216a-3p	0	0	0	0	0	0	0	0	0	4	0	0	0	0	0
hsa-miR-3944-5p	2	0	0	0	0	0	0	0	0	0	0	0	0	0	0
hsa-miR-217-5p	23	11	15	0	0	0	2	2	0	0	0	0	0	0	3
hsa-miR-409-5p	0	0	0	0	0	0	0	0	0	14	0	0	0	0	0
hsa-miR-101-5p	16	33	7	0	0	0	12	8	0	3	2	2	0	2	42
hsa-miR-654-5p	0	0	3	22	2	36	0	0	30	225	0	0	0	2	2
hsa-miR-188-5p	0	7	5	0	0	0	5	3	0	0	0	2	0	0	7
hsa-miR-5588-5p	9	6	0	0	0	0	0	0	0	0	0	0	0	8	0
hsa-miR-30e-3p	82382	12050	2604	181	9	12	5192	9127	51	124	4684	1360	15545	18782	3518
hsa-miR-6715b-3p	9	14	0	0	0	0	0	3	0	3	0	2	0	0	2
hsa-miR-449a	0	3	0	0	0	0	0	0	0	0	0	0	0	0	0
hsa-miR-153-3p	0	0	0	0	0	0	0	0	0	0	0	0	0	0	4
hsa-miR-340-5p	3698	4635	1169	199	3	3	2453	1378	22	51	563	151	202	108	2635
hsa-miR-5000-3p	2	0	0	0	0	0	0	0	0	2	0	0	2	0	0
hsa-miR-532-5p	13818	3134	1248	1530	15	832	1648	3555	381	5305	1788	710	3953	6533	2552
hsa-miR-345-3p	28	14	0	0	0	0	4	23	0	2	5	0	3	0	10
hsa-miR-106a-5p	26	87	11	78	5	3	12	20	0	41	10	0	0	2	43
hsa-miR-6747-5p	0	0	0	0	0	0	0	0	0	2	0	0	0	0	0
hsa-miR-27a-5p	420	195	81	21	0	11	307	227	0	99	83	153	187	54	224
hsa-miR-590-3p	163	237	86	0	0	0	59	26	0	0	9	2	0	0	106
hsa-miR-10b-5p	183	316	19	3978	0	331	7	21	2007	2044	18	0	52	81	22
hsa-miR-6511b-3p	5	11	0	4	5	0	0	2	0	0	0	0	0	2	3
hsa-miR-7110-3p	0	0	0	2	0	0	0	0	0	0	0	0	0	0	0
hsa-miR-10394-3p	5	2	0	0	0	5	0	6	0	0	7	6	6	2	7
hsa-miR-125a-3p	740	387	154	21	0	9	136	295	3	63	219	59	126	235	197
hsa-miR-7850-5p	2	0	0	0	0	0	0	2	0	0	0	0	0	0	0
hsa-miR-199a-5p	0	0	0	293	0	3	0	4	15	599	2	0	0	0	4
hsa-miR-3682-3p	0	0	0	0	0	0	0	0	0	5	0	0	0	0	0
hsa-miR-142-5p	268	355	190	2773	23	31	1570	182	268	801	97	212	14	5	813
hsa-miR-550b-2-5p	0	0	0	0	0	0	0	0	0	2	0	0	0	0	0
hsa-miR-4707-5p	0	0	0	0	0	0	0	0	0	8	0	0	0	0	0
hsa-miR-1238-3p	0	0	0	0	0	0	0	0	0	2	0	0	0	0	0
hsa-miR-339-3p	734	1358	179	98	8	69	224	623	2	1195	403	104	108	95	377
hsa-miR-223-3p	898	700	22	367	48	4	1585	184	16	162	38	280	114	167	545
hsa-miR-219a-5p	0	6	5	0	0	0	4	0	0	0	0	0	0	0	2
hsa-miR-34a-5p	1175	696	522	0	0	0	503	275	0	0	223	78	115	132	1526
hsa-miR-500a-3p	503	344	105	56	4	13	145	223	2	186	126	58	106	76	380
hsa-miR-660-3p	12	25	13	0	0	0	12	7	0	4	3	2	0	0	21
hsa-miR-1323	15	2	2	4	0	0	0	0	0	24	4	2	0	0	4
hsa-miR-7849-3p	0	0	0	0	0	0	0	0	0	4	0	0	0	0	0
hsa-miR-136-5p	0	0	0	0	0	0	0	3	0	3	0	0	0	0	0
hsa-miR-497-5p	657	1641	352	0	0	0	515	431	0	0	322	32	41	24	914
hsa-miR-328-5p	0	0	0	0	0	0	0	0	2	2	0	0	0	0	0
hsa-miR-194-3p	3	0	0	0	0	0	0	6	0	0	0	0	2	0	0
hsa-miR-4498	2	0	0	0	0	5	0	0	0	40	0	0	0	4	0
hsa-miR-212-5p	4	0	2	0	0	0	2	0	0	0	3	0	0	2	0
hsa-miR-6788-5p	0	0	0	0	0	6	0	0	0	0	0	0	0	0	0
hsa-miR-4497	0	6	0	2	38	6	5	2	0	35	7	2	11	2	16
hsa-miR-3944-3p	11	0	0	0	0	2	0	2	0	9	0	0	0	0	2
hsa-miR-96-5p	1855	2276	484	7	11	0	543	773	2	8	279	62	88	71	1160
hsa-miR-409-3p	7	0	0	232	20	111	0	2	503	590	0	0	2	2	0
hsa-miR-101-3p	216923	63947	53710	6120	50	980	49174	27708	683	6917	8932	4134	19156	6862	71993
hsa-miR-6503-5p	0	0	0	0	0	0	5	0	0	0	0	0	0	0	0
hsa-miR-4492	2	20	3	0	7	3	2	4	1	68	2	0	0	3	6
hsa-miR-4491	0	0	0	0	0	2	0	0	0	0	0	0	0	0	0
hsa-miR-654-3p	3	0	0	10	0	0	0	2	7	0	2	0	0	0	0
hsa-miR-6508-3p	0	0	0	0	0	0	0	0	0	0	0	0	0	2	0
hsa-miR-7151-3p	0	2	0	0	0	0	0	0	0	0	0	0	0	0	0
hsa-miR-6753-3p	0	0	0	0	0	0	0	0	0	4	0	0	0	0	0
hsa-miR-5699-5p	0	10	0	0	0	0	2	0	0	0	0	0	0	0	4
hsa-miR-183-5p	53474	14306	2299	1208	6	148	2951	7795	278	794	3176	787	7125	19910	4220
hsa-miR-346	0	0	0	7	0	0	0	0	0	0	0	0	0	0	0
hsa-miR-375-5p	0	2	0	0	0	0	0	0	0	0	2	0	0	0	0
hsa-miR-4632-5p	3	0	0	0	0	0	0	0	0	0	0	0	0	0	0
hsa-miR-5588-3p	0	0	0	0	0	0	0	2	0	0	0	0	0	0	0
hsa-miR-4690-3p	2	0	0	4	0	5	0	5	0	27	0	2	0	0	3
hsa-miR-6858-5p	8	8	0	0	4	3	0	0	0	11	0	0	0	4	0
hsa-miR-9903	111	111	24	0	0	0	28	72	0	0	11	5	4	6	59
hsa-miR-340-3p	55	274	8	19	6	0	27	159	2	10	22	9	11	13	10
hsa-miR-532-3p	49	82	25	14	17	2	18	55	0	62	45	10	19	4	54
hsa-miR-6747-3p	0	0	0	2	8	0	0	0	0	0	0	0	0	0	0
hsa-miR-27a-3p	25091	47768	12696	1077	11	9	16182	15255	114	353	8307	1888	2582	1944	21261
hsa-miR-4489	5	0	0	0	0	21	0	0	0	13	0	0	0	2	2
hsa-miR-10b-3p	0	0	0	10	0	0	0	0	0	19	0	0	0	0	0
hsa-miR-4488	9	27	17	23	72	55	13	46	47	401	21	34	61	10	17
hsa-miR-369-5p	0	2	0	6	0	0	0	0	0	3	0	0	0	0	0
hsa-miR-4684-3p	0	0	0	2	0	0	0	0	0	0	0	0	0	0	0
hsa-miR-199a-3p	786	988	95	301	0	4	573	205	47	285	91	44	45	53	353
hsa-miR-374b-5p	16228	12687	1801	29	2	0	2695	5952	0	0	4589	713	1449	2486	4027
hsa-miR-142-3p	19	19	61	94	0	0	359	22	0	90	0	18	6	0	216
hsa-miR-4707-3p	7	0	0	0	0	0	0	2	0	5	0	2	0	0	0
hsa-miR-26a-2-3p	198	98	52	0	0	0	46	29	0	0	12	3	19	4	181
hsa-miR-6736-5p	0	0	0	0	0	0	2	0	0	0	0	0	2	0	0
hsa-miR-887-3p	0	0	0	4	0	0	0	0	0	3	0	0	0	0	0
hsa-miR-3158-3p	50	52	5	234	92	564	13	116	70	3334	18	4	79	27	31
hsa-miR-5187-5p	32	4	0	0	0	19	0	3	0	15	0	0	6	5	2
hsa-miR-135a-5p	2931	2884	730	2	0	0	856	753	0	0	286	111	111	116	856
hsa-miR-410-3p	0	0	0	0	0	0	0	0	0	0	0	0	0	0	4
hsa-miR-4789-5p	0	2	0	0	0	0	0	0	0	0	0	0	0	0	2
hsa-miR-6817-3p	0	0	0	0	0	0	0	2	0	0	0	0	0	0	0
hsa-miR-548av-5p	0	0	0	0	0	0	0	0	0	0	0	0	0	0	1
hsa-miR-3613-5p	23	50	42	8	0	0	89	10	2	0	3	3	0	0	56
hsa-miR-34a-3p	26	13	0	0	0	0	6	0	0	0	2	7	0	0	16
hsa-miR-10401-5p	0	4	0	0	0	0	0	2	0	0	0	0	0	0	0
hsa-miR-1303	23	0	6	0	0	0	0	0	0	0	17	0	3	0	0
hsa-miR-181a-5p	45211	64800	14193	1621	199	98	18009	32547	115	3554	29787	6867	6969	5143	27459
hsa-miR-497-3p	0	2	0	0	0	0	0	0	0	0	0	0	0	0	0
hsa-miR-136-3p	5	0	0	6	0	0	0	0	5	4	0	0	0	0	2
hsa-miR-328-3p	103	153	13	281	144	29	32	46	36	298	99	17	19	66	68
hsa-miR-381-3p	53	43	7	37	0	2	6	67	42	70	7	16	15	14	13
hsa-miR-6783-5p	0	0	0	0	0	0	0	0	0	5	0	0	0	0	0
hsa-miR-4479	0	0	0	0	0	0	0	2	0	15	0	0	0	0	0
hsa-miR-212-3p	19	7	2	0	0	0	12	3	0	0	5	0	2	0	2
hsa-miR-487b-5p	0	0	0	2	0	0	0	0	0	0	0	0	0	0	0
hsa-miR-96-3p	16	6	0	0	0	0	0	0	0	0	0	0	0	0	0
hsa-miR-4475	2	0	0	0	0	0	0	0	0	0	0	0	0	0	0
hsa-let-7f-5p	608347	177743	62601	3870	324	52	63583	146493	2119	893	85720	14907	58163	71172	80034
hsa-miR-4473	0	3	0	0	0	0	0	2	0	0	0	0	4	0	2
hsa-miR-6503-3p	0	0	0	2	0	0	2	0	2	24	0	0	0	0	0
hsa-miR-4667-5p	2	0	0	0	0	8	0	0	0	0	0	0	0	0	0
hsa-miR-4470	8	5	2	0	0	0	0	3	0	3	0	0	0	0	3
hsa-miR-7-2-3p	0	0	0	0	0	0	0	0	0	0	2	0	0	0	0
hsa-miR-16-1-3p	5	3	0	0	0	0	4	6	0	0	2	0	0	0	6
hsa-miR-486-5p	2023	16	9	191226	185956	159950	10	180	54943	373019	29	47	115	20	27
hsa-miR-4743-5p	8	0	0	0	0	0	0	2	0	5	0	2	0	0	0
hsa-miR-183-3p	4	9	0	2	0	0	0	5	0	0	0	0	0	0	0
hsa-miR-326	63	325	8	17	11	2	28	38	2	236	33	8	4	9	30
hsa-miR-375-3p	102875	72629	6926	921	6	484	7778	15263	948	4098	6259	4415	19777	133352	7892
hsa-miR-6777-5p	8	9	0	0	0	0	2	4	0	0	4	0	0	2	3
hsa-miR-6858-3p	0	3	0	0	0	0	0	0	0	0	0	0	0	0	0
hsa-miR-4467	0	0	0	0	0	0	0	0	0	4	0	0	0	0	0
hsa-miR-556-5p	5	41	2	0	0	0	2	10	0	0	9	0	0	0	2
hsa-miR-369-3p	6	0	0	0	0	0	0	0	0	0	0	0	0	0	0
hsa-miR-4466	3	2	0	2	11	10	0	6	2	8	2	0	0	0	4
hsa-miR-6847-5p	6	0	0	2	0	3	0	0	0	3	0	0	0	0	0
hsa-miR-1269a	0	0	0	0	0	0	0	0	0	4	0	0	0	0	0
hsa-miR-374b-3p	47	51	10	0	0	0	8	17	0	0	10	0	2	7	6
hsa-miR-20b-5p	16	36	4	126	1	0	8	6	4	40	12	5	0	0	26
hsa-miR-146b-5p	834726	929638	172766	1633	182	106	168484	407540	473	3257	178624	58479	87312	93982	382188
hsa-miR-4423-5p	9	23	0	0	0	0	0	6	0	0	0	0	0	0	2
hsa-miR-548av-3p	0	1	0	0	0	0	0	1	0	0	0	0	0	0	0
hsa-miR-3613-3p	9	15	0	10	0	0	11	3	0	5	6	2	0	2	6
hsa-miR-10401-3p	40	14	5	6	3	9	6	44	0	76	23	3	2	0	46
hsa-miR-2115-5p	5	59	4	0	0	0	3	35	0	0	5	2	0	2	14
hsa-miR-181a-3p	774	739	131	24	0	0	165	445	2	53	409	84	108	248	310
hsa-miR-519d-3p	17	7	0	0	0	0	0	0	2	0	0	2	0	0	0
hsa-miR-6894-5p	0	0	0	0	0	0	0	0	0	2	0	0	0	0	0
hsa-miR-6783-3p	0	0	0	2	0	0	0	0	0	0	0	0	0	0	0
hsa-miR-487b-3p	0	0	0	2	0	0	0	0	0	0	0	0	0	0	0
hsa-let-7a-5p	323021	153004	33331	4539	514	134	33106	141065	2604	2035	84085	10325	50419	83968	31763
hsa-let-7f-1-3p	241	269	35	2	0	0	38	153	0	0	63	4	14	25	73
hsa-miR-7706	73	59	5	122	11	163	15	25	22	610	32	6	43	48	15
hsa-miR-7705	4	4	2	0	0	0	0	0	0	0	0	0	2	0	0
hsa-miR-6806-3p	5	2	0	2	0	2	3	9	0	5	0	0	2	2	0
hsa-miR-7704	160	129	62	6	10	61	70	126	3	359	88	90	114	41	58
hsa-miR-7703	2	0	0	0	0	0	0	0	0	0	0	0	0	0	0
hsa-miR-4454	2	0	0	0	0	0	0	0	0	0	0	0	0	0	0
hsa-miR-597-5p	2	0	0	0	0	0	0	0	0	4	0	0	0	0	0
hsa-miR-1268b	0	2	0	0	0	0	0	0	0	0	0	0	0	0	0
hsa-miR-4450	8	0	0	0	0	0	0	4	0	0	2	0	2	0	0
hsa-miR-486-3p	2	0	0	1539	0	450	0	0	1502	1642	0	0	0	0	0
hsa-miR-3136-5p	2	9	0	2	0	0	0	0	0	0	0	0	0	0	5
hsa-miR-504-5p	16	20	0	5	0	0	7	2	0	3	15	0	2	8	9
hsa-miR-370-3p	6	0	2	240	4	148	0	11	87	2966	5	5	0	2	2
hsa-miR-509-3p	0	0	0	0	0	0	0	0	0	0	2	0	0	0	0
hsa-miR-6777-3p	0	3	0	0	0	0	0	0	0	0	0	0	0	0	0
hsa-miR-1298-5p	0	2	0	0	0	0	0	2	0	16	0	0	0	0	0
hsa-miR-4732-5p	0	0	0	105	2	12	0	0	8	180	0	0	0	0	0
hsa-miR-4449	0	0	0	0	0	0	0	0	0	5	0	0	0	0	0
hsa-miR-551a	0	0	0	0	0	0	3	0	0	0	0	0	0	0	0
hsa-miR-4448	0	0	0	3	0	0	0	0	0	0	0	0	0	0	0
hsa-miR-556-3p	0	0	0	0	0	0	2	0	0	0	0	0	0	0	2
hsa-miR-5090	0	0	0	0	0	0	2	0	0	10	0	0	0	0	0
hsa-miR-6842-5p	3	2	0	0	0	0	0	0	0	31	0	0	0	2	0
hsa-miR-4443	163	62	89	0	5	2	98	117	2	62	78	15	50	36	93
hsa-miR-4440	0	0	0	4	0	0	0	0	0	14	2	0	0	0	0
hsa-miR-20b-3p	0	0	0	0	0	0	0	0	0	3	0	0	0	0	0
hsa-miR-146b-3p	8736	4914	1024	32	6	13	1479	3355	2	110	2531	789	4573	2871	1727
hsa-miR-2278	2	0	0	0	0	0	0	0	0	2	0	0	2	0	0
hsa-miR-4726-5p	4	0	0	0	0	0	3	0	0	17	0	0	0	0	2
hsa-miR-658	5	0	3	0	3	0	0	7	0	8	0	2	0	7	0
hsa-miR-4423-3p	23	9	3	0	0	0	0	0	0	0	0	0	2	0	0
hsa-miR-4802-5p	2	15	0	0	0	0	2	0	0	0	0	0	0	0	3
hsa-miR-6836-5p	0	0	0	0	0	0	0	0	0	2	0	0	0	0	0
hsa-miR-2115-3p	32	119	7	2	0	0	6	56	0	0	13	2	2	4	16
hsa-miR-1909-3p	3	0	0	0	0	5	0	0	0	0	0	0	0	0	0
hsa-miR-155-5p	1037	1130	497	80	5	5	647	1403	18	39	663	260	181	315	762
hsa-miR-5002-5p	2	0	0	0	0	0	0	0	0	4	0	0	0	0	0
hsa-let-7a-3p	979	1123	460	47	0	0	356	396	4	0	131	20	66	43	572
hsa-miR-539-5p	0	0	0	3	0	0	0	0	0	0	0	0	0	0	0
hsa-miR-4435	0	0	0	0	0	0	0	0	0	11	0	0	0	0	0
hsa-miR-597-3p	0	5	0	0	0	4	0	0	0	37	0	2	0	0	0
hsa-miR-4794	2	0	0	0	0	0	0	0	0	0	0	0	0	0	0
hsa-miR-423-5p	60536	11028	4309	17029	2519	129297	4632	13575	5082	154213	6034	3797	13571	16554	9695
hsa-miR-4791	0	3	36	2	0	0	10	4	18	8	0	0	2	0	8
hsa-miR-518c-3p	4	3	0	0	0	0	0	0	0	0	0	0	0	0	2
hsa-miR-22-5p	2737	3910	406	158	0	5	428	1310	7	141	310	105	246	297	492
hsa-miR-520f-3p	27	10	0	0	0	0	0	0	0	0	4	0	0	0	7
hsa-miR-24-2-5p	129	537	76	94	0	9	153	294	0	146	80	58	31	9	144
hsa-miR-149-5p	13	32	4	2	0	0	5	6	0	4	9	2	4	2	17
hsa-miR-643	0	11	0	0	0	0	3	7	0	0	0	0	0	0	2
hsa-miR-1976	2	0	0	4	9	0	0	0	0	7	0	0	0	0	0
hsa-miR-641	13	16	0	7	0	0	4	5	0	0	0	0	2	0	6
hsa-miR-6516-5p	45	57	11	0	0	0	22	35	2	12	16	3	8	4	25
hsa-miR-6877-5p	11	8	0	5	3	8	0	0	0	50	0	0	0	0	0
hsa-miR-4732-3p	0	0	0	54	114	82	0	0	15	236	0	0	0	0	0
hsa-miR-6761-5p	0	0	0	0	0	0	0	0	0	3	0	0	0	0	0
hsa-miR-23b-5p	231	25	19	6	0	2	35	31	5	26	70	15	83	53	44
hsa-miR-16-5p	15478	29864	6471	1764	15	36	9103	7309	119	569	4793	1026	1277	762	18733
hsa-miR-4429	11	11	7	8	1	2	2	8	0	117	6	4	3	0	14
hsa-miR-1179	3	0	0	0	0	0	0	0	0	0	0	0	0	0	0
hsa-miR-4427	0	0	0	0	0	0	0	0	0	0	0	0	0	0	9
hsa-miR-4426	2	0	0	0	0	0	0	2	0	0	0	0	0	0	0
hsa-miR-4785	2	0	0	0	0	0	0	2	0	6	0	0	0	0	2
hsa-miR-1287-5p	1687	1350	375	15	9	7	596	820	0	112	467	176	281	108	899
hsa-miR-4784	0	0	0	0	0	2	0	2	0	3	0	0	0	0	0
hsa-miR-6842-3p	11	9	0	11	12	22	3	8	2	167	2	2	11	7	0
hsa-miR-103a-1-5p	3	0	0	0	0	0	0	0	0	0	0	0	0	0	0
hsa-miR-4780	4	6	0	0	0	0	0	0	0	0	0	0	3	0	0
hsa-miR-3135a	0	0	0	8	0	0	0	0	0	61	0	0	0	0	0
hsa-miR-10396a-5p	0	0	0	1	3	0	0	0	0	1	0	0	0	0	0
hsa-miR-6755-5p	14	2	0	0	0	0	0	0	0	2	2	0	0	6	0
hsa-miR-636	0	0	0	15	14	0	0	0	0	35	2	0	2	0	0
hsa-miR-3177-3p	25	6	0	21	0	17	0	2	7	107	0	0	13	13	2
hsa-miR-4802-3p	15	10	0	0	0	0	0	7	0	0	2	0	2	0	0
hsa-miR-30b-5p	32883	45180	4448	98	2	0	5474	9322	2	39	7020	1039	3151	4438	8264
hsa-miR-6836-3p	0	0	0	0	0	0	0	0	0	5	0	0	0	0	0
hsa-miR-4639-5p	8	3	0	0	0	0	0	0	0	0	2	0	3	0	2
hsa-miR-219a-1-3p	144	21	12	4	0	2	10	58	2	40	20	12	31	36	25
hsa-miR-150-5p	106	61	18	933	261	60	104	64	201	936	48	13	25	26	90
hsa-miR-342-5p	187	290	92	138	4	42	115	220	34	982	104	54	31	16	96
hsa-miR-3690	11	6	0	0	8	4	2	12	0	8	0	2	4	5	0
hsa-miR-6780a-5p	0	0	0	0	0	18	0	0	0	14	2	0	2	0	0
hsa-miR-4775	15	15	0	0	0	0	0	2	0	0	2	0	0	2	6
hsa-miR-423-3p	5676	9939	2651	4605	982	993	3000	4821	445	18381	3987	1090	1365	924	4535
hsa-miR-6825-5p	4	2	0	0	0	4	0	0	0	3	0	0	0	0	0
hsa-miR-615-3p	14	18	0	19	0	0	2	0	2	10	4	0	2	2	3
hsa-miR-6883-3p	2	0	0	0	0	0	0	0	0	0	0	0	0	0	0
hsa-miR-520a-3p	14	0	2	0	0	4	0	0	0	28	2	5	0	0	7
hsa-miR-22-3p	63155	236560	25900	13218	284	2842	30930	47772	978	31417	32459	8317	4789	9769	60373
hsa-miR-144-5p	0	0	0	110	0	0	0	0	2	32	0	0	0	0	0
hsa-miR-6796-5p	0	0	0	0	0	0	0	0	0	0	0	0	0	2	0
hsa-miR-412-5p	0	0	0	3	0	2	0	0	8	0	0	0	0	0	0
hsa-miR-15a-5p	761	787	237	29	0	0	319	354	6	7	113	16	62	17	759
hsa-miR-517b-3p	19	4	3	0	0	0	0	2	0	0	3	0	0	2	5
hsa-miR-34c-5p	8	0	0	0	0	0	15	0	0	3	0	0	0	2	3
hsa-miR-3120-5p	0	0	0	0	0	3	0	0	0	0	0	0	0	0	0
hsa-miR-6516-3p	47	81	14	0	0	0	18	42	0	8	4	2	3	0	28
hsa-miR-3622a-5p	172	21	17	0	0	0	12	44	0	3	34	16	77	74	12
hsa-miR-208b-3p	0	0	0	2	0	0	0	0	0	0	0	0	0	0	0
hsa-miR-23b-3p	11338	7187	2933	57	0	2	6451	5132	6	119	9114	1753	4360	1600	5476
hsa-miR-138-5p	0	0	0	0	0	0	0	0	0	0	0	0	0	0	3
hsa-miR-191-5p	54286	66042	5596	8066	2212	528	9819	28815	381	10867	28417	4121	6149	15742	11051
hsa-miR-184	4587	219	614	156	0	68	541	1058	15	181	2077	329	451	2547	688
hsa-miR-4767	2	0	0	0	0	0	0	0	0	0	0	0	2	0	3
