name	SRX3432753	SRX3432752	SRX3432751	SRX3432750	SRX3432748	SRX3432749	SRX3432755	SRX3432754	SRX3432746	SRX3432747	SRX3432758	SRX3432757	SRX3432760	SRX3432759	SRX3432756
tRNA#antisense	0.0	0.0	0.0	0.0	0.01	0.0	0.0	0.0	0.01	0.0	0.0	0.0	0.0	0.0	0.0
IG_C_pseudogene#sense	0.0	0.0	0.0	0.0	0.0	0.0	0.0	0.0	0.0	0.0	0.0	0.0	0.0	0.0	0.0
processed_transcript#sense	0.08	0.05	0.08	0.17	0.35	0.35	0.11	0.08	0.43	0.34	0.1	0.04	0.1	0.07	0.08
processed_pseudogene#antisense	0.38	0.25	0.46	0.24	0.26	0.22	0.81	0.19	0.17	0.17	0.72	0.15	0.42	0.31	0.45
rnase#sense	0.0	0.0	0.0	0.0	0.0	0.0	0.0	0.0	0.0	0.0	0.0	0.0	0.0	0.0	0.0
IG_V_pseudogene#antisense	0.0	0.0	0.0	0.0	0.0	0.0	0.0	0.0	0.0	0.0	0.0	0.0	0.0	0.0	0.0
ribozyme#antisense	0.0	0.0	0.0	0.0	0.0	0.0	0.0	0.0	0.0	0.0	0.0	0.0	0.0	0.0	0.0
Y_RNA #sense	2.64	8.27	6.95	18.31	2.67	11.26	7.72	8.74	16.6	29.37	8.96	8.73	5.93	16.95	6.9
retained_intron#sense	0.28	0.14	0.37	0.22	1.01	0.49	0.32	0.19	0.53	0.57	0.35	0.09	0.18	0.14	0.34
antisense_RNA#sense	0.36	0.15	0.29	2.9	3.38	5.01	0.44	0.43	4.87	3.78	0.56	0.18	0.51	0.33	0.35
Mt_tRNA#antisense	0.0	0.0	0.0	0.0	0.0	0.01	0.0	0.0	0.01	0.0	0.0	0.0	0.0	0.0	0.0
hairpin#antisense	0.0	0.0	0.0	0.0	0.01	0.01	0.0	0.0	0.01	0.01	0.0	0.0	0.0	0.0	0.0
sense_overlapping#sense	0.02	0.01	0.02	0.06	0.17	0.16	0.02	0.02	0.23	0.16	0.03	0.0	0.01	0.02	0.01
piRNA#antisense	0.0	0.0	0.0	0.0	0.0	0.0	0.0	0.0	0.0	0.0	0.0	0.0	0.0	0.0	0.0
lncRNA#antisense	0.08	0.06	0.07	0.56	1.31	1.02	0.1	0.1	1.34	0.97	0.09	0.06	0.07	0.07	0.05
transcribed_unitary_pseudogene#sense	0.0	0.0	0.0	0.0	0.0	0.0	0.0	0.0	0.0	0.0	0.0	0.0	0.0	0.0	0.0
processed_transcript#antisense	0.03	0.01	0.02	0.26	0.14	0.33	0.04	0.03	0.39	0.31	0.06	0.01	0.03	0.02	0.03
asRNA#sense	0.0	0.0	0.0	0.0	0.0	0.0	0.0	0.0	0.01	0.0	0.0	0.0	0.0	0.0	0.0
unprocessed_pseudogene#antisense	0.0	0.0	0.0	0.0	0.01	0.0	0.0	0.0	0.02	0.01	0.0	0.0	0.0	0.0	0.01
protein_coding#antisense	0.51	0.39	0.78	1.14	1.37	1.52	1.09	0.36	1.5	1.53	1.08	0.47	1.16	0.27	0.99
vaultRNA#sense	0.0	0.0	0.0	0.0	0.0	0.0	0.0	0.0	0.0	0.0	0.0	0.0	0.0	0.0	0.0
bidirectional_promoter_lncRNA#sense	0.0	0.0	0.0	0.01	0.02	0.01	0.0	0.0	0.01	0.01	0.0	0.0	0.0	0.0	0.0
TR_V_gene#antisense	0.0	0.0	0.0	0.0	0.0	0.0	0.0	0.0	0.0	0.0	0.0	0.0	0.0	0.0	0.0
unitary_pseudogene#sense	0.0	0.0	0.0	0.0	0.0	0.0	0.0	0.0	0.0	0.0	0.0	0.0	0.0	0.0	0.0
protein_coding#sense	0.66	0.45	0.58	1.54	2.13	2.93	0.74	0.68	2.13	3.17	0.8	0.34	0.78	0.6	0.64
pseudogene#sense	0.0	0.0	0.0	0.0	0.0	0.0	0.0	0.0	0.0	0.0	0.0	0.0	0.0	0.0	0.0
bidirectional_promoter_lncRNA#antisense	0.0	0.0	0.0	0.0	0.0	0.0	0.0	0.0	0.01	0.0	0.0	0.0	0.0	0.0	0.0
rRNA#sense	4.3	2.85	5.43	34.6	6.66	22.06	7.68	4.18	22.08	11.8	9.35	1.9	3.7	2.46	5.62
rRNA#antisense	0.0	0.0	0.0	0.17	0.01	0.07	0.0	0.01	0.07	0.06	0.01	0.0	0.0	0.0	0.0
tRNA#sense	11.2	40.16	21.1	0.58	1.58	0.36	22.02	31.26	0.33	0.76	25.13	72.85	33.73	20.89	22.39
IG_J_gene#antisense	0.0	0.0	0.0	0.0	0.0	0.0	0.0	0.0	0.0	0.0	0.0	0.0	0.0	0.0	0.0
IG_V_gene#antisense	0.0	0.0	0.0	0.0	0.01	0.02	0.0	0.0	0.0	0.01	0.0	0.0	0.0	0.0	0.0
TR_C_gene#antisense	0.0	0.0	0.0	0.0	0.0	0.0	0.0	0.0	0.0	0.0	0.0	0.0	0.0	0.0	0.0
misc_RNA#antisense	0.0	0.0	0.0	0.01	0.01	0.01	0.0	0.0	0.02	0.02	0.0	0.0	0.0	0.0	0.0
guide_RNA #sense	0.0	0.0	0.0	0.0	0.0	0.01	0.0	0.0	0.0	0.0	0.0	0.01	0.0	0.0	0.0
Mt_rRNA#sense	0.0	0.0	0.02	0.05	0.02	0.03	0.02	0.0	0.06	0.07	0.0	0.01	0.0	0.0	0.0
ribozyme#sense	0.0	0.0	0.0	0.0	0.0	0.0	0.0	0.0	0.0	0.0	0.0	0.0	0.0	0.0	0.0
transcribed_unitary_pseudogene#antisense	0.0	0.0	0.0	0.0	0.0	0.0	0.0	0.0	0.0	0.0	0.0	0.0	0.0	0.0	0.0
sense_intronic#sense	0.27	0.15	0.18	0.63	0.12	0.24	0.2	0.43	0.27	0.24	0.39	0.28	0.62	0.54	0.18
TEC#sense	0.0	0.0	0.0	0.0	0.0	0.0	0.0	0.0	0.01	0.0	0.0	0.0	0.01	0.0	0.0
IG_C_gene#sense	0.0	0.0	0.0	0.0	0.0	0.0	0.0	0.0	0.0	0.0	0.0	0.0	0.0	0.0	0.0
Mt_tRNA#sense	0.0	0.0	0.05	0.01	0.0	0.01	0.12	0.0	0.05	0.02	0.01	0.06	0.01	0.01	0.02
pseudogene#antisense	0.0	0.0	0.0	0.0	0.0	0.0	0.0	0.0	0.0	0.0	0.0	0.0	0.0	0.0	0.0
otherRNA#sense	0.13	0.14	0.23	0.05	0.35	0.06	0.29	0.14	0.09	0.15	0.39	0.07	0.18	0.12	0.17
TR_V_pseudogene#antisense	0.0	0.0	0.0	0.0	0.0	0.0	0.0	0.0	0.0	0.0	0.0	0.0	0.0	0.0	0.0
vault_RNA #sense	0.0	0.0	0.0	0.0	0.0	0.0	0.0	0.0	0.0	0.0	0.0	0.0	0.0	0.0	0.0
mature#sense	68.99	42.3	54.17	4.36	52.45	18.14	43.62	46.91	10.33	15.14	38.34	9.94	41.13	50.5	52.7
gRNA#sense	0.0	0.0	0.0	0.0	0.0	0.0	0.0	0.0	0.0	0.0	0.0	0.0	0.0	0.0	0.0
microRNA#sense	0.0	0.0	0.0	0.0	0.0	0.01	0.0	0.0	0.01	0.01	0.0	0.0	0.0	0.0	0.0
otherRNA#antisense	0.0	0.0	0.0	0.0	0.01	0.01	0.0	0.0	0.01	0.01	0.0	0.0	0.0	0.0	0.0
non_coding#antisense	0.0	0.0	0.0	0.0	0.0	0.0	0.0	0.0	0.0	0.0	0.0	0.0	0.0	0.0	0.0
IG_J_pseudogene#antisense	0.0	0.0	0.0	0.0	0.0	0.0	0.0	0.0	0.0	0.0	0.0	0.0	0.0	0.0	0.0
polymorphic_pseudogene#sense	0.0	0.0	0.0	0.0	0.0	0.0	0.0	0.0	0.0	0.0	0.0	0.0	0.0	0.0	0.0
non_stop_decay#sense	0.0	0.0	0.0	0.0	0.0	0.0	0.0	0.0	0.0	0.0	0.0	0.0	0.0	0.0	0.0
processed_pseudogene#sense	0.02	0.01	0.02	0.04	0.04	0.04	0.03	0.02	0.08	0.04	0.03	0.01	0.02	0.02	0.02
Mt_rRNA#antisense	0.0	0.0	0.0	0.0	0.0	0.0	0.0	0.0	0.0	0.0	0.0	0.0	0.0	0.0	0.0
lincRNA#sense	0.27	0.22	0.35	1.2	3.1	2.98	0.31	0.36	3.19	2.89	0.43	0.13	0.27	0.22	0.33
IG_C_gene#antisense	0.0	0.0	0.0	0.0	0.0	0.0	0.0	0.0	0.0	0.0	0.0	0.0	0.0	0.0	0.0
sense_overlapping#antisense	0.01	0.0	0.0	0.03	0.04	0.04	0.01	0.01	0.1	0.05	0.01	0.0	0.0	0.0	0.0
retained_intron#antisense	0.07	0.02	0.05	0.15	0.3	0.46	0.12	0.02	0.31	0.32	0.09	0.01	0.03	0.03	0.05
transcribed_unprocessed_pseudogene#sense	0.0	0.0	0.0	0.0	0.02	0.0	0.0	0.0	0.01	0.0	0.0	0.0	0.0	0.0	0.0
TR_V_pseudogene#sense	0.0	0.0	0.0	0.0	0.0	0.0	0.0	0.0	0.0	0.0	0.0	0.0	0.0	0.0	0.0
snRNA#sense	0.04	0.01	0.04	0.08	0.04	0.25	0.1	0.03	0.13	0.1	0.03	0.05	0.05	0.02	0.18
lncRNA#sense	0.53	0.27	0.36	1.23	1.76	2.36	0.42	0.55	2.87	2.14	0.39	0.2	0.5	0.32	0.26
hairpin#sense	0.01	0.01	0.01	0.01	0.02	0.01	0.01	0.02	0.01	0.01	0.01	0.01	0.01	0.01	0.01
non_coding#sense	0.0	0.0	0.0	0.0	0.0	0.0	0.0	0.0	0.0	0.0	0.0	0.0	0.0	0.0	0.0
antisense_RNA#antisense	0.14	0.09	0.15	0.44	1.34	1.29	0.15	0.16	1.2	0.96	0.23	0.05	0.13	0.09	0.15
macro_lncRNA#sense	0.0	0.0	0.0	0.03	0.04	0.01	0.0	0.0	0.05	0.02	0.0	0.0	0.0	0.0	0.0
miRNA#antisense	0.0	0.0	0.0	0.0	0.0	0.0	0.0	0.0	0.03	0.01	0.0	0.0	0.0	0.0	0.0
unitary_pseudogene#antisense	0.0	0.0	0.0	0.0	0.0	0.0	0.0	0.0	0.0	0.0	0.0	0.0	0.0	0.0	0.0
miRNA#sense	0.22	0.11	0.2	0.02	0.64	0.19	0.16	0.12	0.12	0.37	0.13	0.03	0.12	0.18	0.23
mature#antisense	0.0	0.0	0.0	0.0	0.01	0.0	0.0	0.0	0.0	0.0	0.0	0.0	0.0	0.0	0.0
snoRNA#sense	0.06	0.03	0.4	0.02	0.44	0.08	0.14	0.07	0.04	0.11	0.03	0.08	0.04	0.03	0.12
TR_V_gene#sense	0.0	0.0	0.0	0.0	0.0	0.0	0.0	0.0	0.0	0.0	0.0	0.0	0.0	0.0	0.0
3prime_overlapping_ncRNA#antisense	0.0	0.0	0.0	0.01	0.0	0.0	0.0	0.0	0.02	0.0	0.0	0.0	0.0	0.0	0.0
un-assigned	5.757710540598399	3.0178024015574003	5.295604784877811	27.33555762062293	15.269172700322898	24.43392800418598	9.310095768147155	3.7331542085900247	25.583460098348606	20.437816477465077	8.920538545171425	3.3357791618668378	7.95493901513067	3.97201487593085	5.770009945117684
nonsense_mediated_decay#sense	0.03	0.02	0.03	0.08	0.13	0.13	0.04	0.04	0.29	0.13	0.05	0.02	0.06	0.03	0.05
non_stop_decay#antisense	0.0	0.0	0.0	0.0	0.0	0.0	0.0	0.0	0.0	0.0	0.0	0.0	0.0	0.0	0.0
translated_processed_pseudogene#sense	0.0	0.0	0.0	0.0	0.0	0.0	0.0	0.0	0.0	0.0	0.0	0.0	0.0	0.0	0.0
asRNA#antisense	0.0	0.0	0.0	0.0	0.01	0.0	0.0	0.0	0.0	0.0	0.0	0.0	0.0	0.0	0.0
scaRNA#antisense	0.0	0.0	0.0	0.0	0.0	0.0	0.0	0.0	0.0	0.0	0.0	0.0	0.0	0.0	0.0
piRNA#sense	0.09	0.02	0.03	0.01	0.01	0.02	0.04	0.02	0.04	0.03	0.07	0.01	0.09	0.15	0.05
srpRNA#antisense	0.0	0.0	0.0	0.0	0.0	0.0	0.0	0.0	0.0	0.0	0.0	0.0	0.0	0.0	0.0
transcribed_unprocessed_pseudogene#antisense	0.0	0.0	0.0	0.0	0.0	0.0	0.0	0.0	0.01	0.0	0.0	0.0	0.0	0.0	0.0
scRNA#sense	0.0	0.0	0.0	0.0	0.0	0.0	0.0	0.0	0.0	0.0	0.0	0.0	0.0	0.0	0.0
transcribed_processed_pseudogene#sense	0.0	0.0	0.0	0.0	0.0	0.0	0.0	0.0	0.0	0.0	0.0	0.0	0.0	0.0	0.0
nonsense_mediated_decay#antisense	0.02	0.02	0.03	0.11	0.08	0.15	0.04	0.02	0.11	0.11	0.03	0.01	0.02	0.01	0.03
sRNA#sense	0.0	0.0	0.0	0.0	0.0	0.0	0.0	0.0	0.0	0.0	0.0	0.0	0.0	0.0	0.0
snRNA#antisense	0.0	0.0	0.0	0.0	0.0	0.0	0.0	0.0	0.0	0.0	0.0	0.0	0.0	0.0	0.0
srpRNA#sense	0.0	0.0	0.0	0.0	0.0	0.0	0.0	0.0	0.01	0.0	0.0	0.0	0.0	0.0	0.0
unprocessed_pseudogene#sense	0.01	0.0	0.01	0.03	0.04	0.03	0.01	0.0	0.04	0.02	0.01	0.0	0.01	0.01	0.01
TR_J_gene#sense	0.0	0.0	0.0	0.0	0.0	0.0	0.0	0.0	0.0	0.0	0.0	0.0	0.0	0.0	0.0
macro_lncRNA#antisense	0.0	0.0	0.0	0.0	0.01	0.0	0.0	0.0	0.03	0.01	0.0	0.0	0.0	0.0	0.0
transcribed_processed_pseudogene#antisense	0.0	0.0	0.0	0.0	0.0	0.0	0.0	0.0	0.0	0.0	0.0	0.0	0.0	0.0	0.0
3prime_overlapping_ncRNA#sense	0.0	0.0	0.0	0.01	0.0	0.0	0.0	0.0	0.01	0.01	0.0	0.0	0.0	0.0	0.0
lincRNA#antisense	2.5	0.51	1.89	2.68	2.2	2.69	3.39	0.73	3.36	2.6	2.65	0.57	1.79	0.86	1.42
IG_V_pseudogene#sense	0.0	0.0	0.0	0.0	0.0	0.0	0.0	0.0	0.0	0.0	0.0	0.0	0.0	0.0	0.0
sense_intronic#antisense	0.04	0.01	0.03	0.07	0.05	0.15	0.03	0.02	0.2	0.13	0.04	0.0	0.03	0.01	0.01
misc_RNA#sense	0.12	0.19	0.21	0.5	0.3	0.24	0.26	0.22	0.54	0.77	0.4	0.26	0.24	0.67	0.24
snoRNA#antisense	0.0	0.0	0.01	0.01	0.0	0.0	0.02	0.0	0.02	0.01	0.01	0.0	0.0	0.0	0.01
scaRNA#sense	0.11	0.05	0.08	0.0	0.01	0.0	0.06	0.06	0.0	0.0	0.05	0.01	0.05	0.05	0.11
polymorphic_pseudogene#antisense	0.0	0.0	0.0	0.0	0.0	0.0	0.0	0.0	0.0	0.0	0.0	0.0	0.0	0.0	0.0
IG_V_gene#sense	0.0	0.0	0.0	0.0	0.0	0.0	0.0	0.0	0.0	0.0	0.0	0.0	0.0	0.0	0.0
TEC#antisense	0.0	0.0	0.0	0.0	0.0	0.0	0.0	0.0	0.0	0.0	0.0	0.0	0.0	0.0	0.0
