name	SRX3313436	SRX3313437	SRX3313434	SRX3313435	SRX3313432	SRX3313433	SRX3313430	SRX3313431	SRX3313454	SRX3313455	SRX3313456	SRX3313457	SRX3313443	SRX3313441	SRX3313438	SRX3313439	SRX3313440	SRX3313447	SRX3313446	SRX3313445	SRX3313442	SRX3313444	SRX3313425	SRX3313424	SRX3313427	SRX3313426	SRX3313421	SRX3313420	SRX3313423	SRX3313422	SRX3313450	SRX3313449	SRX3313448	SRX3313429	SRX3313428	SRX3313451	SRX3313452	SRX3313453	SRX3313418	SRX3313419	SRX3313458	SRX3313412	SRX3313413	SRX3313414	SRX3313415	SRX3313416	SRX3313417
hsa-miR-214-5p	0	0	0	0	5	0	0	0	3	0	0	0	0	0	0	0	0	0	0	0	0	0	0	0	0	0	0	0	0	0	0	0	0	0	0	0	5	0	0	0	0	0	0	0	0	0	0
hsa-miR-4645-3p	0	0	0	0	0	0	0	0	0	0	4	0	0	0	0	0	0	0	0	0	0	0	0	0	0	0	0	0	0	0	0	0	0	0	0	0	0	0	0	0	0	0	0	0	0	0	0
hsa-miR-98-5p	52	16	53	6	143	429	965	5	12	7	839	0	9	180	3236	7	17	31	24	39	17	20	23	100	41	19	21	12	15	53	51	17	18	17	8	26	1	42	22	65	13	2010	36	41	71	5	16
hsa-miR-767-5p	0	3	0	0	0	0	11	0	0	0	2	0	0	0	13	0	0	4	0	2	0	26	0	0	0	0	0	0	0	0	4	0	3	0	0	0	0	0	14	23	2	4	0	0	0	0	0
hsa-miR-651-5p	0	0	0	0	7	0	0	0	0	0	3	0	0	0	0	0	0	0	0	0	0	0	0	0	0	0	0	0	0	0	0	0	0	0	0	0	0	0	0	0	0	0	0	0	0	0	0
hsa-miR-656-3p	0	0	0	0	0	3	10	0	0	0	5	0	0	2	10	0	0	0	0	0	0	0	0	0	0	0	0	0	0	0	0	0	0	0	0	0	0	0	0	0	0	14	0	0	0	0	0
hsa-miR-376a-3p	0	0	0	0	0	3	5	0	0	0	5	0	0	0	24	0	0	0	0	0	0	0	0	0	0	0	0	0	0	0	0	0	0	0	0	0	0	0	0	0	0	6	0	0	0	0	0
hsa-miR-148a-5p	5	0	0	0	20	5	8	8	2	0	14	0	0	0	30	0	0	0	2	3	0	0	9	5	0	0	8	6	7	0	5	0	0	0	2	8	0	0	8	0	2	5	0	0	2	0	8
hsa-miR-618	0	0	0	0	0	0	0	0	0	0	0	0	0	0	2	0	0	0	0	0	0	0	0	0	0	0	0	0	0	0	0	0	0	0	0	0	0	0	0	0	0	0	0	0	0	0	0
hsa-miR-185-5p	0	0	0	0	0	3	10	0	0	0	6	0	0	0	19	0	0	0	0	0	0	0	0	0	0	0	0	0	0	0	0	0	0	0	0	0	0	0	0	0	0	16	0	0	0	0	0
hsa-miR-377-5p	0	0	0	0	0	3	8	0	0	0	0	0	0	2	16	0	0	0	0	0	0	0	0	0	0	0	0	0	0	0	0	0	0	0	0	0	0	0	0	0	0	9	0	0	0	0	0
hsa-miR-30b-3p	0	0	0	0	0	0	0	0	0	0	0	0	0	0	0	0	0	0	0	0	0	0	0	0	0	0	0	0	8	0	0	0	0	0	0	0	0	0	0	0	0	0	0	0	0	0	0
hsa-miR-1468-5p	0	7	13	8	10	0	0	0	0	0	10	0	0	0	2	0	0	7	0	0	0	0	0	0	0	0	2	0	0	0	0	0	0	0	0	0	0	0	0	0	0	5	0	0	0	0	2
hsa-miR-150-3p	0	0	63	0	2	0	0	0	0	0	176	4	0	11	31	0	0	0	0	0	2	0	0	6	0	10	0	3	0	0	0	0	0	0	2	0	0	0	0	17	14	0	0	0	0	0	13
hsa-miR-342-3p	3	0	95	4	8	50	108	11	5	4	605	6	0	18	415	2	0	4	0	11	29	4	0	14	6	4	22	0	0	14	2	0	0	0	6	0	2	3	9	51	9	171	10	5	8	0	2
hsa-miR-7-5p	0	0	0	0	0	8	27	0	0	0	17	0	0	4	98	0	0	0	0	0	0	0	0	4	0	0	0	0	0	0	6	0	0	0	0	0	0	0	0	0	0	41	0	0	3	0	0
hsa-miR-138-2-3p	0	0	0	0	0	0	0	0	0	0	0	0	0	0	0	0	0	0	0	0	0	0	0	0	0	0	0	0	0	0	0	0	0	0	0	0	0	0	0	0	0	2	0	0	0	0	0
hsa-miR-144-3p	7	0	0	0	979	6	40	0	3	0	30	0	0	5	106	0	0	0	73	25	0	9	0	4	5	0	10	2	0	335	0	0	8	0	0	0	0	11	44	0	4	37	0	0	0	0	7
hsa-miR-331-5p	0	0	0	0	0	0	2	0	0	0	5	0	0	0	0	0	0	0	0	0	0	0	0	0	0	0	0	0	0	0	0	0	0	0	0	0	0	0	0	0	0	0	0	0	0	0	0
hsa-miR-523-5p	0	0	0	0	0	0	0	0	0	0	0	0	0	0	0	0	0	1	0	0	0	0	0	0	0	0	0	0	0	0	0	0	0	0	0	0	0	0	0	0	0	0	0	0	0	0	0
hsa-miR-26b-5p	87	71	417	29	216	584	1263	51	8	23	2650	40	25	253	4023	29	15	82	153	83	77	141	194	124	64	85	221	26	39	523	106	30	55	55	45	59	15	70	121	259	53	2412	37	83	59	38	33
hsa-miR-889-3p	3	6	0	0	9	72	153	0	0	0	133	0	0	36	650	0	11	2	0	0	0	0	4	18	7	4	0	0	0	0	9	0	4	0	0	0	0	5	0	0	0	383	3	5	7	0	0
hsa-miR-5189-5p	0	0	0	0	3	0	0	0	0	0	0	0	0	0	0	0	0	0	0	0	0	0	0	0	0	0	0	0	0	0	0	0	0	0	0	0	0	0	0	0	0	0	0	0	0	0	0
hsa-miR-34c-3p	0	0	5	0	4	10	2	0	0	0	0	0	5	2	4	4	0	0	0	0	0	0	0	0	0	0	8	0	8	36	0	0	0	0	0	3	0	0	0	0	0	5	0	0	0	0	0
hsa-miR-181c-5p	59	37	72	5	69	574	1119	15	2	4	1233	8	6	225	3955	6	13	28	30	18	19	12	56	113	47	14	29	12	18	56	70	21	8	25	11	11	29	46	22	53	5	2392	40	44	84	5	25
hsa-miR-1224-5p	0	0	0	0	7	2	4	0	0	0	0	0	0	7	7	0	0	0	0	0	0	0	0	0	0	0	5	0	0	0	0	0	0	0	0	0	0	0	0	0	0	7	0	0	0	0	0
hsa-miR-191-3p	0	0	0	0	4	0	0	0	0	0	0	0	0	0	0	0	0	0	0	0	0	0	0	0	0	0	0	0	0	0	0	0	0	0	0	7	0	0	0	0	0	0	0	0	0	0	0
hsa-miR-214-3p	0	0	0	0	6	0	0	0	0	0	0	0	0	0	0	0	0	0	0	0	0	0	0	0	0	0	0	0	0	0	0	4	0	0	0	0	0	0	4	0	0	2	0	0	0	0	0
hsa-miR-4640-3p	0	0	2	0	0	0	0	0	0	0	0	0	0	0	0	0	0	0	0	3	0	0	0	0	0	0	0	0	0	0	0	0	0	0	0	0	0	0	0	0	0	0	0	0	0	0	0
hsa-miR-93-5p	7	7	53	0	307	52	103	2	7	0	251	8	2	19	375	2	0	6	83	29	24	29	19	16	4	0	8	3	6	313	5	0	8	0	2	0	6	13	44	41	7	212	5	4	9	9	5
hsa-miR-98-3p	0	0	0	0	0	0	4	0	0	0	0	0	4	0	4	0	0	6	0	2	0	0	0	0	0	0	12	0	0	0	0	0	0	4	0	0	0	0	0	0	0	2	0	0	0	0	0
hsa-miR-33b-5p	0	0	0	0	0	15	19	0	0	0	39	6	0	3	101	0	0	2	0	4	0	0	0	3	0	0	0	0	0	0	0	0	0	0	0	0	0	2	0	0	0	55	0	0	2	0	0
hsa-miR-296-5p	0	0	0	0	0	0	0	0	0	0	0	0	0	0	2	0	0	0	0	0	0	0	0	0	0	0	0	0	0	0	0	0	0	0	0	0	0	0	0	0	0	0	0	0	0	0	0
hsa-miR-148a-3p	364	214	307	141	1424	439	814	310	200	58	724	78	182	306	1409	118	117	250	123	168	188	556	766	89	63	247	928	155	226	1489	241	84	107	269	135	180	75	136	449	543	110	794	71	161	75	135	288
hsa-miR-488-5p	0	0	0	0	0	0	0	0	0	0	0	0	0	0	0	0	0	0	0	0	0	0	0	0	0	0	0	0	0	0	0	0	0	0	0	0	0	0	0	0	0	0	2	0	0	0	0
hsa-miR-127-5p	0	0	0	0	0	2	12	5	0	0	10	0	0	6	66	0	0	0	0	0	0	0	2	0	0	0	0	0	0	0	0	0	0	0	0	0	2	0	0	0	0	31	0	0	0	0	0
hsa-miR-185-3p	0	5	0	0	4	3	2	0	0	0	2	0	4	0	2	0	0	0	7	0	0	0	0	0	0	0	0	0	0	0	0	0	0	0	0	0	0	0	0	0	0	2	0	0	0	0	0
hsa-miR-377-3p	0	0	0	0	0	0	2	3	0	0	2	0	0	0	5	0	0	0	0	0	0	0	0	0	0	0	0	0	0	0	0	0	0	0	0	0	0	0	0	0	0	2	0	0	0	0	0
hsa-miR-3085-3p	0	0	0	0	0	0	0	0	0	0	0	0	0	0	1	0	0	0	0	0	0	0	0	0	0	0	0	0	0	0	0	0	0	0	0	0	0	0	0	0	0	0	0	0	0	0	0
hsa-miR-2682-5p	0	0	0	0	0	0	0	0	0	0	0	0	0	0	4	0	0	0	0	0	0	0	0	0	0	0	0	0	0	0	0	0	0	0	0	0	0	0	0	0	0	6	0	0	0	0	0
hsa-miR-19b-3p	55	23	50	6	155	36	122	6	6	2	100	9	30	57	231	11	23	4	12	41	23	39	12	9	8	8	17	8	9	197	6	12	22	17	0	4	9	13	51	54	8	100	12	5	3	9	8
hsa-miR-3651	0	0	9	0	0	0	0	0	0	0	0	0	0	0	0	0	0	0	0	0	0	0	0	0	0	0	0	0	0	0	0	0	0	0	0	0	0	0	0	0	0	0	0	0	0	0	0
hsa-miR-1260b	0	0	2	0	6	2	2	0	0	2	9	0	0	2	14	0	0	0	0	0	1	4	0	0	0	3	0	0	1	1	0	0	0	0	0	0	0	0	0	10	0	8	1	0	0	0	0
hsa-miR-1260a	0	0	7	0	3	6	2	0	0	0	5	0	0	2	13	0	0	0	0	0	1	4	0	0	0	10	5	0	1	11	0	3	0	0	0	0	0	0	0	3	0	15	1	0	0	0	0
hsa-miR-18a-5p	0	0	0	0	0	0	0	0	0	0	2	0	0	0	6	0	0	0	0	0	0	0	0	0	0	0	0	0	0	0	0	0	0	0	0	0	0	0	0	0	0	0	0	0	0	0	0
hsa-miR-331-3p	0	0	0	0	0	19	32	0	0	0	29	0	0	0	108	0	0	0	0	6	0	0	2	0	0	0	0	0	0	0	0	0	0	0	0	5	0	0	0	0	0	74	0	4	4	0	0
hsa-miR-499a-5p	6	0	0	0	0	4	2	0	0	0	0	0	0	0	7	0	0	0	4	0	0	0	0	0	0	0	0	0	0	0	0	0	0	0	0	0	0	0	0	0	0	8	0	0	0	0	0
hsa-miR-26b-3p	0	0	6	0	3	6	3	0	0	0	16	0	0	0	11	0	0	2	0	0	0	0	0	0	0	0	5	2	0	10	0	0	2	0	2	6	0	0	0	0	0	0	0	0	0	0	0
hsa-miR-944	0	0	0	0	0	3	2	0	0	0	4	0	0	0	0	0	0	0	0	0	9	0	0	0	0	0	0	0	0	0	0	0	0	0	0	0	0	0	0	0	0	0	0	0	0	0	0
hsa-miR-941	6	0	28	6	7	17	37	0	2	0	67	6	0	4	137	0	0	0	0	8	5	3	7	6	0	2	3	0	0	59	5	0	0	0	3	12	0	2	7	23	7	84	0	4	3	0	0
hsa-miR-940	0	0	0	0	0	0	0	0	0	0	3	0	0	0	3	0	0	0	0	0	0	0	0	0	0	0	0	0	0	0	0	0	0	0	0	0	0	0	0	0	0	2	0	0	0	0	0
hsa-miR-519a-5p	0	0	0	0	0	0	0	0	0	0	0	0	0	0	0	0	0	1	0	0	0	0	0	0	0	0	0	0	0	0	0	0	0	0	0	0	0	0	0	0	0	0	0	0	0	0	0
hsa-miR-628-5p	0	0	0	0	0	2	17	0	0	0	5	0	0	0	32	0	0	0	0	0	0	0	0	0	2	0	0	0	0	0	0	0	0	0	0	0	0	0	0	2	0	27	0	0	0	0	0
hsa-miR-494-3p	0	0	0	0	0	0	0	0	0	0	0	0	0	0	0	0	0	0	0	0	0	0	0	0	0	0	0	0	0	0	0	0	0	0	0	0	0	0	0	0	0	2	0	0	0	0	0
hsa-miR-181c-3p	14	13	10	0	5	51	112	17	0	0	76	8	0	8	350	2	0	0	0	0	9	2	12	6	10	2	0	0	0	10	2	8	2	11	0	0	0	0	0	0	0	242	3	3	6	2	0
hsa-miR-873-5p	0	2	0	0	8	14	47	5	0	0	55	0	0	0	163	0	0	0	0	0	2	0	0	6	0	0	0	0	0	0	0	0	0	0	0	5	3	3	0	0	0	113	0	0	3	0	0
hsa-miR-4729	0	0	0	0	0	0	0	0	0	0	0	0	0	0	0	2	0	0	0	0	0	0	0	0	0	0	0	0	0	0	0	0	0	0	0	0	0	0	0	0	0	0	0	0	0	0	0
hsa-let-7c-5p	231	148	840	75	1313	766	1647	195	31	24	1054	133	130	331	4750	49	108	337	102	120	92	498	494	163	85	126	427	51	160	442	274	145	131	190	63	138	32	104	159	361	76	3316	75	123	120	32	319
hsa-miR-6500-3p	0	0	0	0	0	0	0	0	0	0	0	0	0	0	3	0	0	0	0	0	0	0	0	0	0	0	0	0	0	0	0	0	0	0	0	0	0	0	0	0	0	0	0	0	0	0	0
hsa-miR-1295a	0	0	0	0	0	0	0	0	0	0	0	0	0	0	0	0	0	0	0	0	0	0	0	0	0	0	0	0	0	0	0	0	0	0	0	0	0	0	0	0	0	6	0	0	0	0	0
hsa-miR-518e-5p	0	0	0	0	0	0	0	0	0	0	0	0	0	0	0	0	0	1	0	0	0	0	0	0	0	0	0	0	0	0	0	0	0	0	0	0	0	0	0	0	0	0	0	0	0	0	0
hsa-miR-483-5p	0	0	0	0	2	0	0	0	0	0	0	0	0	0	0	0	0	0	0	0	0	8	0	0	0	0	0	0	2	0	0	0	0	3	0	0	0	0	0	0	0	0	0	0	0	0	3
hsa-miR-488-3p	0	0	0	0	0	5	9	0	0	0	7	0	0	0	30	0	0	0	0	0	0	0	0	2	0	0	0	0	0	0	0	0	0	0	0	0	0	0	0	0	0	16	0	0	0	0	5
hsa-miR-127-3p	221	89	69	21	246	1909	4393	43	13	3	3221	38	17	799	16243	7	26	142	20	16	7	104	97	469	124	81	60	13	57	68	239	33	29	30	19	41	7	135	56	59	12	10018	112	122	204	4	4
hsa-miR-323b-3p	0	0	0	0	5	19	30	0	4	0	25	0	0	4	96	0	0	0	0	0	0	0	0	3	0	3	6	0	6	9	0	0	5	9	0	0	2	0	6	12	0	64	0	0	2	9	0
hsa-miR-935	0	0	0	0	0	4	9	0	0	0	5	0	0	5	29	0	0	0	0	0	0	0	0	0	0	0	0	0	0	0	0	0	0	0	0	0	0	0	0	0	0	23	2	0	0	0	0
hsa-miR-450b-5p	0	0	0	0	2	0	0	7	0	0	3	0	0	0	2	0	0	0	0	0	0	0	0	0	0	4	5	0	0	0	0	0	0	4	0	0	0	0	0	0	0	0	0	0	0	0	0
hsa-miR-130a-3p	53	41	97	42	238	69	149	198	19	4	65	32	25	47	320	23	21	35	27	35	57	64	95	18	13	68	65	16	97	145	29	37	41	113	24	13	24	13	70	107	10	155	4	6	6	17	51
hsa-miR-496	0	0	0	0	0	0	3	0	0	0	0	0	0	0	0	0	0	0	0	0	0	0	0	0	0	0	0	0	0	0	0	0	0	0	0	0	0	0	0	0	0	0	0	0	0	0	0
hsa-miR-361-5p	8	12	20	0	14	39	57	0	0	2	74	0	0	15	183	16	0	0	2	7	21	11	0	3	4	11	13	0	0	0	0	2	6	0	2	3	6	0	7	5	0	94	0	2	0	0	0
hsa-miR-3196	0	0	0	0	5	0	0	0	0	0	0	0	0	0	0	0	0	0	0	0	0	0	0	0	0	0	0	0	0	0	0	0	0	0	0	0	0	0	0	0	0	0	0	0	0	0	0
hsa-miR-18a-3p	0	0	0	0	5	0	0	0	0	0	2	0	0	0	2	0	0	0	0	0	0	0	0	0	0	0	0	0	0	0	0	0	0	0	0	0	0	0	0	0	0	0	0	0	0	0	0
hsv2-miR-H10	0	0	0	0	2	0	0	0	0	0	0	0	0	0	3	0	0	0	0	0	0	0	0	0	0	0	0	0	0	0	0	0	0	0	0	0	0	0	0	0	0	2	0	0	0	0	0
hsa-miR-1912-5p	0	0	0	3	0	0	0	0	0	0	0	0	0	0	0	0	0	2	0	0	0	10	0	0	0	0	0	0	0	0	0	0	0	0	0	0	0	0	0	0	0	0	0	0	0	0	0
hsa-miR-499a-3p	0	0	0	0	0	0	0	0	0	0	0	0	0	0	0	0	0	0	0	0	0	0	0	0	0	0	0	0	0	0	0	0	0	0	0	0	0	0	4	0	0	0	0	0	0	0	0
hsa-miR-5010-5p	0	0	0	0	0	0	0	0	0	0	0	0	0	0	0	0	0	0	0	0	0	0	0	0	0	0	0	0	0	5	0	0	0	0	0	2	0	0	0	0	0	0	0	0	0	0	9
Hsa-Mir-3059_5p	0	0	0	0	0	0	0	0	0	0	0	0	0	0	3	0	0	0	0	0	0	0	0	0	0	0	0	0	0	0	0	0	0	0	0	0	0	0	0	0	0	4	0	0	0	0	0
hsa-miR-365b-5p	0	0	0	0	0	0	2	0	0	0	0	0	0	0	0	0	0	0	0	0	0	0	0	0	0	0	0	0	0	0	0	0	0	0	0	0	0	0	0	0	0	0	0	0	0	0	0
hsa-miR-4670-3p	0	0	0	0	0	0	0	0	0	0	0	0	0	0	0	0	0	8	0	0	0	0	0	0	0	0	0	0	0	0	0	0	0	0	0	0	0	0	0	0	0	0	0	0	0	0	0
hsa-miR-431-5p	0	0	0	0	2	0	0	0	0	0	2	0	0	0	0	0	0	0	0	0	0	0	0	0	0	0	0	0	0	0	0	0	0	0	0	0	0	0	0	0	0	0	0	0	0	0	0
hsa-miR-513c-5p	0	0	0	0	0	0	0	0	0	0	2	0	0	0	0	0	0	0	0	0	0	0	0	0	0	0	0	0	0	0	0	0	0	0	0	0	0	0	0	0	0	0	0	0	0	0	0
hsa-miR-628-3p	0	0	0	0	0	5	4	0	0	0	4	0	0	0	19	0	0	0	0	0	0	0	7	0	0	0	0	0	0	0	0	0	0	0	0	0	0	0	0	0	0	3	0	0	0	0	0
hsa-miR-512-3p	0	0	0	0	0	0	0	0	0	0	0	0	0	0	0	0	0	0	0	0	0	0	0	0	0	0	0	0	0	0	0	0	0	0	0	0	0	0	0	0	2	0	0	0	0	0	0
hsa-miR-873-3p	0	0	0	0	0	3	2	4	0	0	2	0	0	0	21	0	0	0	0	0	5	0	0	0	0	11	4	0	0	0	0	0	0	7	0	0	0	0	2	0	0	13	0	0	0	0	0
hsa-miR-484	8	0	54	0	45	28	56	0	0	3	94	5	0	6	165	0	0	0	0	8	0	4	0	3	0	0	0	0	0	22	0	0	8	0	5	0	0	0	18	9	0	104	0	2	2	0	0
hsa-miR-99a-5p	33	12	58	9	174	153	267	18	6	4	181	13	21	46	1060	23	27	21	29	23	17	37	95	29	20	34	68	7	13	56	46	12	12	24	9	39	16	27	29	10	10	505	3	7	13	0	11
hsa-miR-4705	0	0	0	0	0	0	0	0	0	0	0	0	0	0	2	0	0	0	0	0	0	0	0	0	0	0	0	0	0	0	0	0	0	0	0	0	0	0	0	0	0	4	0	0	0	0	0
hsa-let-7c-3p	0	0	0	0	0	0	0	0	0	0	0	0	0	0	2	0	0	0	0	0	0	0	0	0	0	0	0	0	0	0	0	0	0	0	0	0	0	0	0	0	0	0	0	0	0	0	0
hsa-miR-425-5p	4	0	33	0	303	29	57	13	8	0	181	2	2	9	133	0	0	0	40	11	9	7	2	9	3	0	0	0	0	138	0	0	2	14	5	4	2	5	13	8	4	104	3	0	4	0	5
hsa-miR-2467-5p	0	0	0	0	0	0	6	0	0	0	0	0	0	0	20	0	0	0	0	0	0	0	0	0	0	0	5	0	0	0	0	0	0	0	0	0	0	0	0	0	0	8	0	0	0	0	0
hsa-miR-3182	0	0	0	0	0	0	0	0	0	0	6	0	0	0	3	0	0	0	0	0	0	0	0	0	0	0	0	0	0	0	0	0	0	0	0	0	0	0	0	0	0	0	0	0	0	0	0
hsa-miR-483-3p	3	0	6	0	3	0	0	14	0	0	0	0	0	0	0	0	0	0	0	0	0	0	0	0	0	3	0	0	0	0	0	0	0	0	0	0	0	0	0	0	0	0	0	0	0	0	0
hsa-miR-3180	0	0	0	0	0	0	0	0	0	0	0	0	0	0	0	0	0	0	0	0	0	0	0	0	0	0	0	0	1	0	0	0	0	0	0	0	0	0	0	0	0	0	0	0	0	0	0
hsa-miR-501-5p	0	0	0	0	0	2	0	0	0	0	0	0	0	0	0	0	0	0	0	0	0	0	0	0	0	0	0	0	0	0	0	0	0	0	0	0	0	0	0	0	0	0	0	0	0	0	0
hsa-miR-133a-5p	0	0	0	0	0	0	0	0	0	0	0	0	0	0	0	0	0	0	0	0	0	0	0	0	0	0	0	0	0	5	0	0	0	0	0	0	0	0	0	0	0	0	0	0	0	0	0
hsa-miR-200b-3p	0	0	0	0	0	0	0	0	0	0	0	0	0	0	0	0	0	0	0	0	0	4	9	0	0	0	3	0	0	0	0	0	0	0	0	0	0	0	0	0	0	3	0	0	0	0	0
hsa-miR-3615	0	0	6	0	45	2	11	0	3	0	67	5	0	0	22	0	0	0	4	13	4	9	20	2	2	0	5	3	9	17	5	4	0	10	7	0	0	0	0	5	0	26	0	0	0	0	8
hsa-miR-3127-5p	0	0	4	0	0	0	0	0	0	0	0	0	0	0	0	0	0	0	0	0	0	0	0	0	0	0	7	0	0	0	0	0	0	0	0	0	0	0	0	0	0	0	0	0	0	0	0
hsa-miR-361-3p	14	0	43	4	18	12	15	0	2	2	252	0	0	7	121	0	0	5	4	5	8	5	15	0	2	6	12	0	0	0	0	0	0	6	0	0	0	0	11	2	4	62	0	2	4	5	0
hsa-miR-3180-5p	0	0	0	0	0	0	0	0	0	0	0	0	5	0	2	0	0	0	0	0	0	0	0	0	0	0	0	0	0	0	0	0	0	0	0	0	0	0	0	0	0	0	0	0	0	0	0
hsa-miR-29b-3p	2	0	0	0	0	33	68	0	0	0	83	0	0	5	302	0	0	0	0	0	0	0	2	6	3	4	0	0	6	8	4	1	0	0	0	0	0	4	0	0	0	106	0	2	5	0	0
hsa-miR-937-3p	0	0	14	0	12	0	0	0	4	0	0	0	0	3	0	0	0	0	0	0	0	0	2	0	0	0	0	0	0	9	0	0	4	0	0	0	0	0	0	0	2	0	0	0	0	0	0
hsa-miR-1912-3p	0	0	0	0	0	0	0	0	0	0	0	0	0	0	2	0	0	0	10	0	0	0	0	0	0	0	0	0	0	0	0	0	0	0	0	0	0	0	0	0	0	0	0	0	0	0	0
hsa-miR-105-5p	0	0	0	0	0	0	0	0	0	0	0	0	0	0	2	0	0	0	0	0	0	0	0	0	0	0	0	0	0	0	0	0	0	0	0	0	0	0	0	0	0	0	0	0	0	0	0
hsa-miR-125b-1-3p	4	3	4	4	31	7	29	0	0	0	7	3	13	9	60	0	5	2	9	3	4	17	20	13	0	4	18	3	7	29	8	0	4	0	3	0	0	9	0	12	4	62	0	0	0	3	0
hsa-miR-376c-5p	0	0	0	0	0	0	1	0	0	0	0	0	0	0	0	0	0	0	0	0	0	0	0	0	0	0	0	0	0	0	0	0	0	0	0	0	0	0	0	0	0	0	0	0	0	0	0
hsa-miR-5010-3p	0	0	0	0	0	0	3	0	0	0	0	0	0	0	3	0	0	0	0	0	0	0	0	0	0	0	6	0	0	0	0	0	0	0	0	0	0	0	0	0	0	3	0	0	0	0	0
hsa-miR-365b-3p	0	0	0	0	2	0	4	4	0	0	1	0	4	0	2	0	0	0	0	0	0	0	0	0	0	0	0	0	0	0	0	0	0	0	0	3	0	0	0	0	0	2	0	0	1	0	0
hsa-miR-431-3p	0	0	0	0	0	5	21	0	0	0	8	0	0	2	74	0	0	0	0	0	6	0	0	2	0	0	0	0	0	0	0	0	0	0	0	0	0	0	0	0	0	50	0	0	2	0	0
hsa-miR-30d-5p	403	293	1110	93	1599	1101	2425	377	182	52	2689	71	191	567	5817	161	141	317	274	302	378	515	884	271	179	372	525	40	346	1013	287	142	263	331	138	242	181	165	587	604	119	3512	106	232	139	118	155
hsa-miR-29b-2-5p	0	0	0	0	0	0	0	0	0	0	0	0	0	0	6	0	0	0	0	0	0	0	0	0	0	0	0	0	0	0	0	0	0	0	0	0	0	0	0	0	0	0	0	0	0	0	0
hsa-miR-30c-2-3p	3	0	27	3	6	3	7	0	0	0	3	0	2	15	19	0	8	9	0	0	0	11	10	0	2	0	0	2	25	11	0	4	0	0	2	0	0	0	14	21	0	13	0	5	0	0	0
hsa-miR-107	13	23	86	16	1300	100	160	66	12	12	308	40	26	61	666	15	33	32	111	24	19	33	59	16	14	38	75	6	43	215	25	22	37	19	13	36	51	28	56	77	11	368	6	6	8	14	42
hsa-miR-152-5p	0	0	7	0	0	0	0	0	0	0	0	0	0	0	0	0	0	0	0	0	0	0	9	0	0	0	0	0	0	0	0	0	0	0	4	0	0	0	0	0	0	2	0	0	0	0	0
hsa-miR-5690	0	0	0	0	0	0	0	0	0	0	0	0	0	0	0	0	0	0	0	0	0	0	0	0	0	0	0	0	0	0	0	0	0	0	0	0	0	0	0	0	0	3	0	0	0	0	0
hsa-miR-12136	0	0	9	0	18	8	13	0	0	0	36	0	0	2	51	0	0	5	0	0	0	3	8	2	0	0	0	0	2	9	3	0	0	0	0	0	0	0	0	0	0	32	0	0	0	0	0
hsa-miR-99a-3p	5	0	0	0	10	8	11	0	0	0	7	0	0	5	41	0	0	0	0	0	6	16	0	2	0	0	0	0	0	23	0	0	2	5	0	0	0	0	0	6	0	32	0	0	0	0	0
hsa-miR-12135	0	0	0	0	0	0	0	0	0	0	2	0	0	0	0	0	0	0	0	0	0	0	0	0	0	0	0	0	0	0	0	0	0	0	0	0	0	0	0	0	0	0	0	0	0	0	0
hsa-miR-3168	2	0	12	0	0	0	0	0	0	0	0	0	0	0	5	0	0	4	0	2	0	0	0	0	0	4	12	0	9	29	3	0	2	0	0	0	0	0	6	0	0	0	0	2	0	2	0
hsa-miR-425-3p	0	0	0	0	12	0	5	0	0	0	12	0	0	0	34	0	0	0	0	0	0	0	0	0	0	0	0	0	0	8	0	0	0	0	0	0	0	0	0	0	0	12	0	0	0	0	0
hsa-miR-4662a-5p	0	0	0	0	0	0	0	0	0	0	0	0	0	0	0	0	0	0	13	0	0	0	0	0	0	0	0	0	0	0	0	0	0	0	0	0	0	0	0	0	0	5	0	0	0	0	0
hsa-miR-670-3p	0	0	0	0	0	0	2	0	0	0	2	0	0	0	2	0	0	0	0	0	0	0	0	0	0	0	0	0	0	0	0	0	0	0	0	0	0	0	0	0	0	2	0	0	0	0	0
hsa-miR-501-3p	2	0	10	0	0	6	0	0	0	0	4	0	0	3	50	2	0	0	0	0	0	0	3	0	0	0	9	0	8	0	3	0	3	0	0	0	0	2	7	0	0	5	0	0	0	0	0
hsa-miR-3681-5p	0	0	8	0	0	0	0	0	0	0	0	0	0	0	0	0	0	0	0	0	0	0	0	0	0	0	0	0	0	0	0	0	0	0	0	0	0	0	0	0	0	0	0	0	0	0	0
hsa-miR-6716-3p	0	0	9	0	0	0	2	0	0	0	0	0	0	0	0	0	0	0	0	0	0	0	0	0	0	0	0	0	0	0	0	0	0	0	0	0	0	0	0	0	0	0	0	0	0	0	0
hsa-miR-24-3p	35	25	18	0	40	88	189	36	15	4	182	11	13	47	664	11	7	20	8	14	17	16	36	24	6	17	21	0	36	28	15	14	0	29	7	0	17	22	39	40	7	338	3	3	11	6	18
hsa-miR-664b-5p	0	0	0	0	0	0	0	0	0	0	5	0	0	0	0	0	0	0	0	0	0	0	0	0	0	0	0	0	0	0	0	0	0	0	0	0	0	0	0	0	0	0	0	0	0	0	0
hsa-miR-133a-3p	71	0	0	0	0	15	63	0	0	0	20	0	24	0	56	2	7	0	4	0	17	0	17	0	0	0	0	0	0	67	0	2	0	0	0	5	0	0	789	0	0	32	10	0	0	0	0
hsa-miR-338-5p	12	0	5	0	4	51	110	11	3	3	83	0	0	22	297	3	4	4	17	3	12	18	2	9	5	24	23	2	11	0	3	2	6	0	0	0	3	6	7	9	0	188	6	12	16	0	0
hsa-miR-222-5p	0	0	0	0	0	0	0	0	0	0	0	0	0	0	0	0	0	0	0	0	0	0	0	0	0	0	0	0	0	0	0	0	0	7	0	0	0	0	0	0	0	0	0	0	0	0	0
hsa-miR-190b-5p	0	0	0	0	0	0	0	0	0	0	4	0	0	0	2	0	0	0	0	0	0	0	0	0	0	0	0	0	0	0	0	0	0	0	0	0	2	0	3	0	0	0	0	0	0	0	0
hsa-miR-5683	0	0	0	0	0	0	0	0	0	0	0	0	0	0	7	0	0	0	0	0	0	0	0	0	0	0	0	0	0	0	0	0	0	0	0	0	0	0	0	0	0	4	0	0	0	0	6
hsa-miR-3180-3p	3	0	0	0	0	0	0	0	0	0	0	0	0	0	0	0	0	0	0	0	0	0	0	2	0	0	0	0	7	0	0	0	0	0	0	0	0	0	0	0	0	0	0	0	0	0	0
hsa-miR-5680	0	0	0	0	0	0	0	0	0	0	2	0	0	0	0	0	0	0	0	0	0	0	0	0	0	0	0	0	0	0	0	0	0	0	0	0	0	0	0	0	0	0	0	0	0	0	0
hsa-miR-1307-5p	8	11	93	2	44	81	168	0	0	0	197	3	0	32	642	0	7	2	0	0	0	2	12	20	4	3	14	0	5	0	10	0	0	0	0	21	8	4	18	16	0	425	6	7	11	2	0
hsa-miR-769-5p	53	51	60	26	56	464	992	15	15	6	818	27	5	202	3417	15	5	22	23	24	4	4	37	115	37	70	8	5	28	66	70	15	28	13	5	9	5	52	22	32	7	2130	55	68	107	15	26
hsa-miR-100-5p	112	80	203	34	433	339	781	117	15	8	483	14	18	117	2502	29	76	101	48	38	47	165	336	110	44	111	229	21	107	261	85	25	84	67	36	88	82	41	60	112	32	1453	32	66	58	24	83
hsa-miR-105-3p	0	0	0	0	0	0	0	0	0	0	0	0	0	0	0	0	0	0	0	0	0	0	0	0	0	0	0	0	0	0	0	0	0	0	0	0	0	0	0	0	0	2	0	0	0	0	0
hsa-miR-653-5p	0	0	0	0	0	2	17	0	0	0	0	4	0	0	15	0	0	0	0	4	0	0	8	0	5	0	0	0	0	11	0	0	4	0	2	0	0	0	0	11	0	0	0	0	0	2	0
hsa-miR-376c-3p	0	0	0	0	0	0	5	0	0	0	6	0	0	0	37	0	0	0	0	0	0	0	0	2	0	0	0	0	0	0	0	0	0	0	0	0	0	0	0	0	0	13	0	0	0	0	0
hsa-miR-542-3p	0	0	0	0	2	7	0	0	0	0	0	0	0	0	24	0	0	0	0	0	0	0	0	0	0	3	0	0	6	7	0	0	0	0	0	0	0	0	6	0	0	0	0	0	0	0	0
hsa-miR-379-5p	0	0	0	0	0	5	15	0	0	0	13	0	0	0	71	0	0	0	0	0	0	0	0	0	0	0	0	0	0	0	0	0	0	0	0	0	0	0	0	0	0	23	0	0	0	0	0
hsa-miR-30d-3p	0	10	13	0	10	5	4	0	0	0	24	0	0	8	14	3	0	0	0	0	5	5	0	0	0	0	0	0	0	9	3	0	0	7	0	0	6	0	0	0	0	7	0	0	0	3	0
hsa-miR-551b-3p	0	0	0	0	0	0	0	0	0	0	0	0	0	0	8	0	0	0	0	0	0	0	0	0	0	0	0	0	0	0	0	0	0	0	0	0	0	0	0	0	0	5	0	0	2	0	0
hsa-miR-3943	0	0	0	0	0	0	0	0	0	0	0	0	0	0	10	0	0	0	0	0	0	0	0	0	0	0	0	0	0	0	0	0	0	0	0	0	0	0	0	0	0	6	0	0	0	0	0
hsa-miR-455-5p	0	0	0	0	0	5	8	0	0	0	13	0	0	2	45	0	0	0	0	0	0	0	0	0	0	0	0	0	0	0	0	2	0	5	0	0	3	0	0	0	0	16	0	0	2	2	0
hsa-miR-448	0	3	0	3	3	0	5	9	3	0	4	0	7	0	42	0	0	16	17	4	0	9	17	2	2	9	22	0	0	11	2	0	8	37	2	0	6	0	11	8	0	17	2	0	0	4	0
hsa-miR-301b-3p	0	0	0	0	0	0	3	0	0	0	4	0	0	0	10	0	0	0	0	0	0	0	0	0	0	0	0	0	0	0	0	0	0	0	0	0	0	0	0	0	0	0	0	0	0	0	0
hsa-miR-152-3p	10	10	86	0	107	9	45	0	0	2	12	0	4	12	74	2	0	11	14	0	13	17	46	4	5	13	39	4	29	102	8	0	11	0	0	2	0	0	26	15	19	44	0	5	4	4	16
hsa-miR-4717-3p	0	0	0	0	0	0	0	0	0	0	2	0	0	0	0	0	0	0	0	0	0	0	0	0	0	0	0	0	0	0	0	0	0	0	0	0	0	0	0	0	0	0	0	0	0	0	0
hsa-miR-9-5p	382	202	79	16	55	3403	7748	30	40	7	5511	19	31	1433	24602	38	52	159	46	25	26	48	183	767	262	183	98	20	69	69	517	77	108	40	6	61	55	277	73	42	8	14672	243	263	520	15	51
hsa-miR-10a-5p	2176	1887	4944	694	9588	1536	4027	1960	331	211	681	644	1430	668	2392	1170	1003	1831	469	946	2431	4287	6037	454	665	1227	3108	436	2231	4272	974	708	1003	1262	924	1547	409	487	1423	2342	635	902	297	844	241	434	2123
hsa-miR-6511a-3p	0	0	0	0	0	0	2	0	0	0	6	0	0	0	16	0	0	0	0	0	0	0	0	0	0	0	0	0	0	0	0	0	0	0	0	0	0	0	0	0	0	2	0	0	0	0	0
hsa-miR-550a-5p	0	0	0	0	6	0	0	0	0	0	0	0	0	0	0	0	0	0	0	0	0	0	0	0	0	0	0	0	0	0	0	0	0	0	0	0	0	0	0	0	0	0	0	0	0	0	0
hsa-miR-7854-3p	0	0	0	0	0	0	0	0	0	0	0	0	0	0	0	0	0	0	0	0	0	0	0	0	0	0	0	0	0	0	0	0	0	0	0	0	0	0	0	0	0	0	0	0	0	0	8
hsa-miR-338-3p	58	25	9	17	9	410	848	10	7	2	638	0	0	211	2589	6	5	40	0	8	13	33	42	97	45	48	38	2	9	24	59	9	33	20	14	12	3	33	19	0	0	1338	22	30	67	8	6
hsa-miR-6793-5p	0	0	0	0	0	0	0	0	0	0	2	0	0	0	0	0	0	0	0	0	0	0	0	0	0	0	0	0	0	0	0	0	0	0	0	0	0	0	0	0	0	0	0	0	0	0	0
hsa-miR-222-3p	38	10	152	15	93	81	132	9	22	2	181	50	65	41	392	14	24	13	42	66	71	63	75	42	10	28	85	28	87	39	32	10	27	7	69	21	0	13	34	40	19	284	11	37	30	16	33
hsa-miR-770-5p	0	0	0	0	0	0	0	0	0	0	0	0	0	0	7	0	0	0	0	0	0	0	0	0	0	0	0	0	0	0	0	0	0	0	0	0	0	0	0	0	0	9	0	0	0	0	0
ebv-miR-BART2-5p	6	0	0	3	3	2	2	8	18	0	0	2	2	2	0	0	3	0	2	2	20	0	3	4	3	0	0	6	5	7	2	0	0	5	0	0	6	2	18	18	0	5	2	0	3	10	0
hsa-miR-1226-5p	0	0	0	0	0	0	0	0	0	0	0	0	0	0	0	0	0	0	0	0	0	0	0	0	0	0	0	0	0	0	0	3	0	0	0	0	0	0	0	0	0	0	0	0	0	0	0
hsa-miR-380-5p	0	0	0	0	0	0	0	0	0	0	0	0	0	0	2	0	0	0	0	0	0	0	0	0	0	0	0	0	0	0	0	0	0	0	0	0	0	0	0	0	0	0	0	0	0	0	0
hsa-miR-3137	0	0	0	0	0	0	0	0	0	0	0	0	0	0	0	0	0	0	0	0	0	0	0	0	0	0	0	0	0	0	0	0	0	0	0	0	5	0	0	0	2	0	0	0	0	0	0
hsa-miR-211-5p	0	0	0	0	0	7	13	0	5	0	8	0	0	0	38	0	0	0	0	0	0	4	0	0	0	0	0	0	0	14	0	0	0	5	0	0	0	0	0	0	0	23	0	0	0	0	5
hsa-miR-6787-5p	0	0	0	0	0	0	0	0	0	0	0	0	0	0	0	0	0	0	0	0	0	0	0	0	0	0	0	0	0	0	0	0	0	0	0	0	0	0	0	0	0	0	0	0	0	2	0
hsa-miR-95-5p	0	0	0	0	0	0	0	0	0	0	0	0	0	0	0	0	0	0	0	0	0	0	0	0	0	0	0	0	0	0	0	0	0	5	0	0	0	0	0	0	0	2	0	0	0	0	0
hsa-miR-1307-3p	0	0	15	0	34	9	18	0	0	0	31	5	0	2	62	0	10	2	6	0	0	0	12	0	0	0	0	0	6	7	0	0	4	0	4	0	0	0	8	19	0	48	0	0	0	0	0
hsa-miR-769-3p	0	0	0	0	0	8	2	0	0	0	2	0	0	0	18	0	0	0	0	0	0	0	0	0	0	0	0	0	0	0	0	0	0	0	0	0	0	0	0	0	0	11	0	0	0	0	0
hsa-miR-100-3p	0	0	0	0	0	3	4	0	0	0	2	0	0	0	13	0	0	0	0	0	0	6	0	0	0	0	0	0	3	0	0	0	0	0	0	0	0	0	0	0	0	9	0	0	0	0	0
hsa-miR-6868-3p	0	0	0	0	0	0	0	0	0	0	0	0	0	0	0	0	0	0	0	2	0	0	0	0	0	0	0	0	0	0	0	0	0	0	0	0	0	0	0	0	0	0	0	0	0	0	0
hsa-miR-129-5p	10	22	2	9	10	59	117	0	2	0	99	5	0	16	428	0	8	9	3	9	0	10	21	11	5	27	5	8	3	0	11	0	6	11	6	20	39	3	3	16	5	230	2	10	6	4	0
hsa-miR-182-5p	34	0	39	6	636	181	487	0	11	2	342	0	40	95	1373	11	17	14	121	41	13	40	23	51	0	7	7	4	12	822	13	12	8	15	0	0	0	18	73	82	17	939	0	2	2	0	20
hsa-miR-187-3p	0	0	0	0	0	0	0	0	0	0	0	0	0	0	0	0	0	0	0	0	0	0	0	0	0	0	0	0	0	0	0	0	0	0	0	0	0	0	0	0	0	3	2	0	0	0	0
hsa-miR-379-3p	0	0	0	0	0	0	0	0	0	0	2	0	0	0	2	0	0	0	0	0	0	0	0	0	0	0	0	0	0	0	0	0	0	0	0	0	0	0	0	0	0	2	0	0	0	0	0
hsa-miR-205-5p	0	0	0	3	0	0	0	0	172	0	0	0	0	0	3	0	5	0	0	2	23	0	0	0	0	0	12	0	0	165	6	23	3	7	0	7	0	0	0	9	0	0	0	0	0	4	0
hsa-miR-429	0	0	0	0	0	0	0	0	0	0	0	0	0	0	0	0	0	0	0	0	0	0	0	0	0	0	3	0	0	0	4	0	0	0	0	0	0	0	0	0	0	0	0	0	0	0	0
hsa-miR-455-3p	0	0	0	0	0	0	3	0	0	0	0	0	0	0	7	0	0	0	0	0	0	4	0	0	0	0	0	0	0	0	0	0	0	0	0	0	0	0	0	0	0	7	0	0	0	0	0
hsa-miR-4520-3p	0	0	0	0	0	0	0	0	0	0	2	0	0	0	0	0	0	0	0	0	0	0	0	0	0	0	0	0	0	0	0	0	0	0	0	0	0	0	0	0	0	0	0	0	0	0	0
hsa-miR-4712-3p	0	0	0	0	0	0	0	0	0	0	2	0	0	0	0	0	0	0	0	0	0	0	0	0	0	3	0	0	0	0	0	0	0	0	0	0	0	0	0	0	0	0	0	0	0	0	0
hsa-miR-421	5	2	21	0	36	32	62	9	2	0	57	0	0	21	172	8	7	6	5	0	5	11	0	4	0	0	27	0	16	22	3	3	6	4	0	7	0	0	26	11	3	130	3	4	4	0	0
hsa-miR-9-3p	0	2	0	0	0	23	35	0	4	0	20	3	3	2	126	5	0	0	0	0	6	16	16	2	4	7	20	0	4	0	4	0	10	10	0	0	0	7	3	5	0	59	0	6	3	0	0
hsa-miR-10a-3p	0	0	0	0	9	0	0	0	0	0	0	0	0	0	0	0	0	0	0	0	0	0	0	0	0	0	0	0	0	6	0	0	0	0	0	0	0	0	0	0	0	0	0	0	0	0	0
hsa-miR-550a-3p	0	0	0	0	10	0	0	0	0	0	0	0	0	0	0	0	0	0	0	0	0	0	0	0	0	0	0	0	0	0	0	0	0	0	0	0	0	0	0	0	0	0	0	0	0	0	0
hsa-miR-193b-5p	0	3	0	0	5	0	0	0	0	0	0	0	0	0	4	0	0	0	0	0	0	0	0	0	0	0	0	0	4	0	0	0	0	0	0	0	0	0	0	0	3	0	2	0	0	0	0
hsa-miR-374a-5p	3	0	8	0	0	6	15	0	0	0	19	0	4	2	59	0	0	0	0	0	0	0	0	0	0	7	0	0	0	13	0	0	0	0	0	0	0	0	0	0	0	21	0	3	0	0	8
hsa-miR-141-3p	0	0	12	0	3	2	0	17	4	0	49	0	0	0	0	0	0	0	0	0	0	0	0	0	0	0	6	0	0	2	0	0	9	0	0	0	6	0	0	8	0	2	0	0	0	0	0
hsa-miR-92b-3p	465	366	1086	405	1183	1738	2363	915	210	148	2450	222	380	710	7777	301	328	739	514	743	402	1177	1860	415	295	936	1739	129	837	1681	717	388	480	854	219	475	276	373	755	1335	245	5433	129	365	151	166	263
hsa-miR-4485-3p	0	0	0	0	0	0	7	2	0	0	18	0	0	0	33	0	0	0	0	0	0	0	0	0	0	0	0	0	0	0	0	0	0	0	0	0	0	0	0	2	0	19	0	0	0	0	0
hsa-miR-4677-3p	0	0	7	0	8	2	2	0	0	0	0	0	0	0	8	0	0	0	0	0	0	0	0	0	0	0	3	0	0	0	0	0	0	0	0	0	0	0	0	0	0	3	0	0	0	0	0
hsa-miR-519c-5p	0	0	0	0	0	0	0	0	0	0	0	0	0	0	0	0	0	1	0	0	0	0	0	0	0	0	0	0	0	0	0	0	0	0	0	0	0	0	0	0	0	0	0	0	0	0	0
hsa-miR-1226-3p	0	0	0	0	0	0	0	0	0	0	0	0	0	0	2	0	0	0	0	0	0	0	0	0	0	0	0	0	0	0	0	0	0	0	0	0	0	0	0	0	0	0	0	0	0	0	0
hsa-miR-380-3p	0	0	0	0	0	2	5	0	0	0	3	0	0	0	11	0	0	0	0	0	0	0	0	0	0	0	0	0	0	0	0	0	0	0	0	0	0	0	0	0	0	6	0	0	0	0	0
hsa-miR-487a-5p	0	0	0	0	0	0	0	0	0	0	0	0	0	0	2	0	0	0	0	0	0	0	0	0	0	0	0	0	0	0	0	0	0	0	0	0	0	0	0	0	0	0	0	0	0	0	0
hsa-miR-95-3p	0	0	5	0	0	6	10	0	0	0	15	0	0	3	39	0	0	0	0	0	0	5	0	2	0	2	0	0	0	0	4	0	0	0	0	0	0	0	2	0	0	34	0	0	2	0	0
hsa-let-7e-5p	131	43	212	57	274	425	891	111	18	10	515	49	65	195	2433	26	58	117	48	67	49	249	190	78	40	80	147	35	108	227	97	39	49	83	52	85	15	52	121	296	23	1762	29	56	43	24	52
hsa-miR-7-1-3p	0	0	0	0	3	0	2	0	0	0	12	0	0	0	19	0	0	0	0	0	0	0	0	0	0	0	0	0	0	0	2	0	0	0	0	0	0	0	7	0	0	6	0	0	0	0	0
hsa-miR-124-5p	0	0	0	0	0	2	4	0	0	0	5	0	0	0	6	0	0	0	0	0	0	0	0	0	0	0	0	0	0	0	0	0	0	0	0	0	0	0	0	0	0	11	0	0	0	0	0
hsa-miR-485-5p	0	0	0	0	3	4	5	0	0	0	6	0	0	4	18	0	0	0	0	0	0	0	0	0	0	0	0	0	9	0	7	0	0	0	0	5	0	0	0	0	2	15	0	0	0	0	0
hsa-miR-561-5p	0	0	0	0	0	0	0	0	0	0	0	0	0	0	0	0	0	0	0	0	0	0	0	0	0	0	0	0	0	0	0	0	0	0	0	0	0	0	0	0	0	2	0	2	0	0	0
hsa-miR-3909	0	0	0	0	0	0	0	0	0	0	0	0	0	0	5	0	0	0	0	0	0	0	0	0	0	0	0	0	0	0	0	0	0	0	0	0	0	0	0	0	0	4	0	0	0	0	0
hsa-miR-758-3p	0	0	0	0	0	5	0	0	0	0	0	0	0	0	22	0	0	0	0	0	0	0	0	0	0	0	0	0	0	0	0	0	0	0	0	0	0	0	0	0	0	3	0	0	0	0	0
hsa-miR-128-2-5p	0	0	0	0	0	0	3	0	0	0	0	0	0	2	4	0	0	0	0	0	0	0	0	0	0	0	0	0	0	0	0	0	0	0	0	0	0	0	0	0	0	0	0	0	0	0	0
hsa-miR-6741-3p	0	0	8	0	2	0	0	0	0	0	0	0	0	0	0	0	0	0	0	0	0	0	0	0	0	0	0	0	0	0	0	0	0	0	0	0	0	0	0	0	0	0	0	0	0	0	0
hsa-miR-760	0	0	0	0	0	0	5	0	0	0	0	0	0	0	5	0	0	0	0	4	0	0	0	0	0	0	0	0	2	0	0	0	0	0	0	0	0	0	9	0	0	8	0	0	0	0	0
hsa-miR-193b-3p	0	0	0	0	0	2	6	0	0	2	7	0	0	0	38	0	0	0	0	0	0	0	0	0	0	0	0	0	0	9	3	4	0	0	0	0	0	0	2	10	0	14	0	0	0	0	0
hsa-miR-1343-3p	0	0	0	0	0	0	0	0	0	0	0	0	0	0	0	0	0	0	0	0	0	0	0	0	0	0	0	0	0	0	0	0	0	0	0	0	0	0	0	0	0	2	0	0	0	0	0
hsa-miR-374a-3p	4	0	0	0	0	18	43	0	0	0	55	3	0	6	134	0	0	5	5	0	0	6	0	7	2	0	2	0	0	0	2	0	0	5	5	0	6	2	0	0	0	66	0	2	4	0	0
hsa-miR-5191	0	0	0	0	0	0	0	0	0	0	0	0	0	0	0	0	0	0	0	0	0	0	0	0	0	0	3	0	0	0	0	0	0	0	0	0	0	0	0	0	0	0	0	0	0	0	0
hsa-miR-146a-5p	143	110	1681	59	347	124	183	142	190	25	2897	213	118	173	739	84	69	96	285	257	254	78	142	108	66	69	285	129	101	244	44	42	51	172	124	51	39	46	405	482	119	208	46	112	60	143	169
hsa-miR-20a-5p	2	0	4	0	4	13	32	0	0	0	37	5	0	6	146	0	0	0	2	0	7	0	2	2	0	0	8	0	0	0	0	0	0	0	0	0	0	0	2	0	0	60	0	2	4	0	2
hsa-miR-1297	0	0	0	0	0	0	0	0	6	0	0	0	0	0	0	0	0	0	0	0	0	0	0	0	0	0	8	0	0	6	9	1	2	0	0	0	0	0	0	0	0	0	0	0	3	0	0
hsa-miR-1294	0	0	0	0	7	0	0	0	0	0	2	0	0	0	0	0	0	0	0	0	0	0	0	0	0	0	0	0	0	0	0	0	0	0	0	0	0	0	0	0	0	0	0	0	0	0	0
hsa-miR-3065-5p	0	0	0	0	0	0	0	0	0	0	0	0	0	0	0	0	0	0	0	0	0	0	0	0	0	0	0	0	0	0	5	0	0	0	0	0	0	0	0	0	0	0	0	0	0	0	0
hsa-miR-433-5p	0	0	0	0	0	0	2	0	0	0	0	0	0	0	2	0	0	0	0	0	0	0	0	0	0	0	0	0	0	0	0	0	0	0	0	0	0	0	0	0	0	4	0	0	0	0	0
hsa-miR-625-5p	0	0	0	0	0	0	0	0	0	0	6	0	0	0	7	0	0	0	0	0	0	0	0	0	0	0	0	0	0	0	0	0	0	0	0	0	0	0	0	0	0	4	0	0	0	0	0
hsa-miR-491-3p	0	0	0	0	0	0	0	0	0	0	0	0	0	0	2	0	0	0	0	0	0	0	0	0	0	0	0	0	0	0	0	0	0	0	0	0	0	0	0	0	0	0	0	0	0	0	0
hsa-miR-1908-5p	0	0	0	0	0	0	0	0	0	0	0	0	0	0	3	0	0	0	0	0	0	0	0	0	0	0	0	0	0	0	0	0	0	0	0	0	0	0	0	0	0	0	0	0	0	0	0
hsa-miR-32-5p	0	0	3	0	30	13	8	0	0	0	77	0	0	5	39	0	0	0	0	0	0	0	7	0	0	8	0	0	0	21	2	0	0	0	0	0	0	0	0	11	0	16	0	0	0	0	0
hsa-miR-487a-3p	0	0	0	0	0	3	4	0	0	0	7	0	0	0	35	0	0	0	0	0	0	0	0	0	2	2	0	0	0	0	0	0	0	0	0	0	0	0	0	0	0	19	0	0	0	0	0
hsa-let-7e-3p	0	0	0	0	0	0	2	0	0	0	3	0	0	0	10	3	0	0	0	0	0	5	0	0	0	0	0	0	0	0	2	0	0	0	3	0	0	0	0	0	0	2	0	0	0	0	0
hsa-miR-4661-5p	0	0	0	0	0	0	0	0	0	0	0	0	0	0	0	0	0	0	0	0	0	0	0	0	0	0	0	0	0	0	0	0	0	0	0	0	0	0	0	15	0	0	0	0	0	0	0
hsa-miR-3059-5p	0	0	0	0	0	0	0	0	0	0	0	0	0	0	3	0	0	0	0	0	0	0	0	0	0	0	0	0	0	0	0	0	0	0	0	0	0	0	0	0	0	4	0	0	0	0	0
hsa-miR-548o-3p	0	0	0	4	0	0	0	0	0	0	6	0	0	0	9	0	0	0	0	0	0	0	0	6	0	0	0	0	0	0	0	0	0	5	0	0	0	0	0	0	0	2	0	0	0	0	0
hsa-miR-124-3p	29	12	0	0	0	640	1188	8	10	0	1024	0	2	155	5315	0	2	7	0	0	0	7	24	108	48	16	14	0	14	18	54	11	0	16	0	10	7	29	0	8	0	2707	33	53	84	5	6
hsa-miR-485-3p	0	0	0	0	0	2	14	0	0	0	17	0	0	3	71	0	0	0	0	0	0	0	0	0	0	0	0	0	0	0	0	0	0	0	0	0	0	0	0	0	0	33	4	4	0	0	0
hsa-miR-4742-3p	0	0	0	0	0	0	0	0	0	0	0	0	0	0	0	0	0	0	0	0	0	3	0	0	0	0	0	0	0	0	0	0	0	0	0	0	0	0	0	0	0	0	0	0	0	0	0
hsa-miR-503-5p	0	0	0	0	0	0	0	0	0	0	0	0	0	0	0	0	0	0	6	0	0	0	0	0	0	0	0	0	0	0	0	0	0	0	0	0	0	0	0	0	0	0	0	0	0	0	0
hsa-miR-1286	0	0	0	0	0	5	0	0	0	0	0	0	0	0	3	0	0	0	0	0	0	0	0	0	0	0	0	0	0	0	0	0	0	0	0	0	0	0	0	0	0	6	0	0	0	0	0
hsa-miR-508-3p	0	0	0	0	0	0	0	0	0	0	2	0	0	0	0	0	0	0	0	0	0	0	0	0	0	0	0	0	0	0	0	0	0	0	0	0	0	0	0	0	0	0	0	0	0	0	0
hsa-miR-196b-5p	12	0	37	0	40	0	9	11	0	0	7	3	0	0	9	0	0	3	0	0	0	5	11	0	0	0	15	0	0	2	5	0	0	0	0	7	0	0	0	0	3	0	0	0	0	0	0
hsa-miR-3129-5p	0	0	0	0	4	0	0	0	0	0	0	0	0	0	0	0	0	0	0	0	0	0	0	0	0	0	0	0	0	0	0	0	0	0	0	0	0	0	0	0	0	0	0	0	0	0	0
hsa-miR-363-3p	8	4	8	0	312	11	29	11	0	2	155	4	7	10	128	2	0	11	21	20	4	6	14	2	3	0	12	0	0	144	8	6	10	0	3	0	8	0	33	33	8	77	3	0	0	0	17
hsa-miR-451a	52	9	3	8	6960	144	425	0	3	0	342	0	168	74	1199	18	39	8	574	69	3	49	74	22	9	3	78	0	0	3059	24	2	17	0	3	17	0	28	386	215	34	560	15	10	34	2	71
hsa-miR-891a-5p	0	0	0	0	0	2	0	0	0	0	0	0	0	0	5	0	0	0	0	0	0	0	0	0	0	0	0	0	0	0	0	0	0	0	0	0	0	0	0	0	0	3	0	0	0	0	0
hsa-miR-378j	0	0	0	0	0	0	0	0	0	0	0	0	0	0	0	0	0	0	0	0	0	0	0	0	0	0	0	0	0	0	0	0	2	0	0	0	0	0	0	0	0	0	0	0	0	0	0
hsa-miR-1251-5p	0	0	0	0	0	0	4	0	0	0	0	0	0	0	4	0	0	0	0	0	0	0	0	0	0	0	0	0	0	0	0	0	0	0	0	0	0	0	0	0	0	0	0	0	0	0	0
hsa-miR-1275	0	0	6	0	0	6	3	0	0	0	98	0	0	0	6	0	0	0	19	0	0	0	0	2	0	0	0	0	0	0	0	2	0	5	0	0	0	0	0	26	0	2	0	0	0	6	3
hsa-miR-378h	0	0	0	0	0	0	0	0	0	0	0	0	0	0	0	0	0	0	0	0	0	0	0	0	0	0	0	0	0	0	0	0	0	0	0	0	0	0	0	0	0	0	0	0	0	0	0
hsa-miR-19b-2-5p	0	0	0	0	1	0	0	0	0	0	0	0	0	0	0	0	0	0	0	0	0	0	0	0	0	0	0	0	0	0	0	0	0	0	0	0	0	0	0	0	0	0	0	0	0	0	0
hsa-miR-378e	0	0	0	0	0	0	0	0	0	0	0	0	0	0	0	0	0	0	0	0	0	0	0	0	0	0	0	0	0	0	0	0	0	0	0	0	0	0	0	0	0	0	0	0	0	0	0
hsa-miR-549a-5p	0	2	11	0	7	0	0	0	0	0	0	0	0	0	3	0	0	5	0	8	0	2	0	0	2	0	0	2	0	0	0	0	6	0	0	5	0	0	0	0	0	0	0	0	0	0	0
hsa-miR-1270	0	0	0	0	6	0	0	0	0	0	0	0	0	0	3	0	0	0	0	0	0	0	0	0	0	0	0	0	0	0	0	0	0	6	2	0	0	0	0	0	0	0	0	0	0	0	0
hsa-miR-378d	0	0	0	0	0	0	7	0	0	0	4	0	0	0	5	0	0	0	0	0	0	2	0	0	0	0	0	0	0	0	0	0	0	0	0	0	0	0	1	0	0	2	0	0	0	0	0
hsa-miR-378c	0	4	7	0	6	1	4	0	0	0	24	0	0	0	15	0	0	0	0	0	11	8	0	0	0	0	0	0	0	7	0	2	0	0	0	2	0	0	8	1	0	5	0	0	0	0	0
hsa-miR-3065-3p	0	0	0	0	0	0	0	0	0	0	0	0	0	0	4	0	0	4	0	0	0	0	0	0	0	0	0	0	0	0	0	0	0	0	0	0	0	0	0	0	0	2	0	0	0	0	0
hsa-miR-433-3p	0	0	0	0	0	5	25	0	0	0	19	2	0	2	71	0	0	0	0	0	0	0	0	13	0	0	0	0	0	0	0	2	0	0	0	0	0	0	0	13	0	64	2	0	3	0	0
hsa-miR-625-3p	0	0	10	0	3	0	2	0	0	0	24	0	0	0	17	0	0	0	0	0	6	0	0	0	0	0	0	0	0	9	0	0	0	0	0	0	0	0	0	0	0	0	0	0	0	0	0
hsa-miR-32-3p	0	0	0	0	0	0	0	0	0	0	3	0	0	0	2	0	0	0	6	0	0	0	8	0	0	0	0	0	0	0	0	0	0	0	0	0	0	0	0	0	0	0	0	0	0	0	0
hsa-miR-154-5p	0	0	0	0	0	2	2	0	0	0	0	0	0	0	10	0	0	0	0	0	0	0	0	0	0	0	0	0	0	0	0	0	0	0	0	0	0	0	0	0	0	4	0	0	0	0	0
hsa-miR-4772-5p	0	0	0	0	0	0	0	0	0	0	0	0	0	0	0	0	0	0	0	0	0	0	0	0	0	0	4	0	0	0	0	0	0	0	0	0	0	0	0	0	0	0	0	0	0	0	0
hsa-miR-548e-5p	0	0	0	0	5	0	0	0	3	0	0	0	0	0	0	0	0	0	0	0	0	0	0	0	0	0	0	0	0	0	0	0	0	0	0	0	0	0	0	0	0	0	0	0	0	0	0
hsa-miR-125b-5p	92	42	157	10	290	363	831	11	9	0	504	2	19	147	2242	9	24	90	10	24	52	125	163	69	55	76	128	13	111	169	90	22	53	43	16	39	33	42	36	35	17	1462	34	44	63	14	46
hsa-miR-21-5p	674	593	3611	275	1510	602	1665	1181	239	160	18370	667	533	595	5162	251	270	505	789	1287	1237	833	1171	419	275	1175	1200	139	793	1428	460	461	950	793	482	1024	478	452	1128	3125	405	1240	141	351	120	320	235
hsa-miR-4516	0	0	0	0	17	0	0	0	0	0	0	0	0	0	0	0	0	0	0	0	0	0	0	0	0	11	0	0	0	0	0	2	0	0	0	0	0	0	0	0	0	2	0	0	0	0	0
hsa-miR-24-1-5p	0	0	0	0	0	0	0	0	0	0	0	0	0	0	6	0	0	0	0	0	0	0	0	0	0	0	0	0	0	0	0	0	0	0	0	0	0	0	0	0	0	0	0	0	0	0	0
hsa-miR-3688-3p	0	0	0	0	14	0	0	0	0	0	0	0	0	0	0	0	0	0	0	0	0	0	0	0	0	0	0	0	0	0	0	0	0	0	0	0	0	0	0	0	0	0	0	0	0	0	0
hsa-miR-1264	0	0	0	0	0	7	2	0	0	0	0	0	0	0	0	0	0	0	0	0	0	3	9	0	0	6	0	0	0	0	0	0	0	0	0	0	0	0	0	0	2	6	0	0	0	0	0
hsa-miR-1262	0	0	0	0	0	0	0	0	0	0	0	0	0	0	0	0	5	4	0	0	0	0	0	0	0	0	0	0	0	0	0	0	0	3	0	0	0	0	0	0	0	0	0	0	0	0	0
hsa-miR-1273h-3p	0	0	4	0	0	0	0	0	0	0	8	0	0	0	0	0	0	0	0	0	0	0	0	0	0	0	0	0	0	0	0	0	0	0	0	0	0	0	0	0	0	0	0	0	0	0	0
hsa-miR-224-5p	0	0	0	0	6	0	0	0	0	0	0	0	0	0	0	0	0	0	0	0	0	0	0	0	0	0	0	0	0	0	0	0	0	0	0	0	0	0	0	0	0	0	0	0	0	0	0
hsa-miR-195-5p	2	0	6	0	34	51	123	0	0	0	86	0	0	38	456	0	2	2	0	0	0	4	18	9	2	4	10	0	0	17	12	0	0	6	0	0	0	0	0	0	0	229	3	5	8	0	5
hsa-miR-218-5p	12	3	0	0	7	89	208	0	0	0	155	0	0	34	888	0	0	4	4	0	0	0	0	18	3	0	0	0	0	0	10	0	0	0	0	0	0	4	0	0	0	507	6	0	10	0	0
hsa-miR-4508	0	0	0	0	15	0	0	0	0	0	0	0	0	0	0	0	0	0	0	0	0	0	0	0	0	0	0	0	0	0	0	0	0	0	0	0	0	0	0	4	0	0	0	0	0	0	0
hsa-miR-1258	0	0	0	0	0	5	0	0	0	0	0	0	0	0	0	0	0	0	0	0	0	0	0	0	0	0	0	0	0	0	0	0	0	0	0	0	0	0	0	0	0	0	0	0	0	0	0
hsa-miR-6509-5p	0	0	0	0	0	0	0	0	0	0	0	6	0	0	0	0	0	0	0	0	0	0	0	0	0	0	0	0	5	0	0	0	0	0	0	0	0	0	0	0	0	0	0	0	0	0	0
hsa-miR-549a-3p	7	0	0	0	0	0	0	0	0	0	0	5	0	0	0	0	0	0	0	0	0	0	0	0	0	0	0	0	9	0	0	2	0	0	0	0	0	0	0	0	0	0	0	0	0	0	0
hsa-miR-30a-5p	1394	1454	2844	591	3093	4044	7837	1863	364	254	4057	598	970	1722	20840	658	861	1446	628	914	1608	2482	3591	1006	669	1303	2092	295	1424	3424	1383	650	1051	1468	550	1195	966	757	1700	2132	471	11456	404	698	536	364	928
hsa-miR-4999-5p	0	0	0	0	0	0	0	0	0	0	0	0	0	0	2	0	0	0	0	0	0	0	0	0	0	0	0	0	0	0	0	0	0	0	0	0	0	0	0	0	0	0	0	0	0	0	0
hsa-miR-718	0	0	0	0	0	0	0	0	0	0	0	0	0	0	0	0	0	0	0	0	0	0	0	0	0	0	0	0	0	0	2	0	0	0	0	0	0	0	0	0	0	0	0	0	0	0	0
hsa-miR-154-3p	0	0	0	0	0	0	0	0	0	0	2	0	0	0	0	0	0	0	0	0	0	0	0	0	0	0	0	0	0	0	0	0	0	0	0	0	0	0	0	0	0	0	0	0	0	0	0
hsa-miR-5001-3p	0	0	0	0	0	0	0	0	0	0	2	0	0	0	0	0	0	0	0	0	0	0	0	0	0	0	0	0	0	0	0	0	0	0	0	0	0	0	0	0	0	0	0	0	0	0	0
hsa-miR-106b-5p	0	0	0	0	54	4	13	0	0	0	21	0	0	0	41	0	0	0	6	0	0	0	9	0	2	0	0	0	0	27	0	2	0	0	0	0	0	3	8	0	2	24	0	0	2	0	0
hsa-miR-27b-5p	2	0	0	0	5	0	10	0	0	0	4	0	0	4	26	0	0	0	3	0	0	0	0	3	0	0	0	0	0	15	0	0	0	0	0	0	0	0	0	6	0	12	0	0	0	0	0
hsa-miR-10395-3p	0	0	0	0	0	0	4	0	0	0	2	0	0	0	14	0	0	0	0	0	0	0	0	0	0	0	0	0	0	0	0	0	0	0	0	0	0	0	0	0	0	6	0	0	0	0	0
hsa-miR-199b-5p	0	0	7	0	14	0	0	0	0	0	0	0	0	0	3	0	0	0	0	0	10	5	0	0	0	0	2	0	0	0	2	0	0	0	0	0	0	6	4	0	5	0	0	0	0	3	0
hsa-miR-21-3p	17	37	85	2	76	15	69	15	8	12	838	27	12	22	170	12	17	4	47	10	22	9	38	13	4	52	43	7	27	10	3	7	39	0	16	16	27	20	26	66	10	75	3	8	8	14	5
hsa-miR-143-5p	0	0	0	0	0	0	0	0	0	0	0	0	0	0	2	0	0	0	0	0	0	0	0	0	0	0	0	0	0	0	0	0	0	0	0	0	0	0	0	0	0	0	0	0	0	0	0
hsa-miR-335-5p	12	3	11	5	29	11	58	19	7	7	8	4	3	8	108	23	0	6	0	9	11	29	34	2	18	14	46	5	36	36	19	2	28	0	4	7	7	3	12	24	2	42	6	0	3	0	0
hsa-miR-548k	0	0	0	0	8	4	6	0	0	0	3	0	0	0	10	0	0	0	0	0	0	5	0	0	0	0	5	0	0	0	0	0	0	0	0	0	0	0	0	0	4	0	0	0	0	0	0
hsa-miR-548i	0	0	0	0	0	0	0	0	0	0	0	0	0	0	0	0	0	0	0	0	0	0	0	0	0	0	0	2	0	0	0	0	0	0	0	0	0	0	0	0	0	0	0	0	0	0	0
hsa-miR-4766-3p	0	0	0	0	0	0	0	0	0	0	3	0	0	0	0	0	0	0	0	0	0	0	0	0	0	0	0	0	0	0	0	0	0	0	0	0	0	0	0	0	0	0	0	0	0	0	0
hsa-miR-585-3p	0	0	0	0	0	0	2	0	0	0	0	0	0	0	0	0	0	0	0	0	0	0	0	0	0	0	0	0	0	0	0	0	0	0	0	0	0	0	0	0	0	0	0	0	0	0	0
hsa-miR-411-5p	22	26	0	0	17	208	533	0	0	0	389	0	0	89	1763	2	0	10	0	5	4	10	28	59	26	27	16	0	12	47	39	8	4	0	3	6	0	15	12	0	0	1278	19	36	49	4	0
hsa-miR-34b-5p	0	3	3	0	15	12	9	0	2	0	7	0	25	0	42	0	0	0	0	6	9	42	49	0	3	0	0	0	10	28	2	0	3	15	0	0	5	0	5	15	0	12	0	0	2	2	0
hsa-miR-23a-3p	42	21	57	14	55	24	53	23	16	12	105	4	9	22	201	8	8	13	0	32	49	57	62	25	13	16	77	0	6	41	22	24	22	45	11	13	0	10	34	33	2	78	2	0	3	8	3
hsa-miR-3200-3p	0	0	0	0	0	3	9	0	0	0	2	0	0	0	34	0	0	0	0	0	0	0	0	2	0	0	0	0	0	0	0	0	0	0	0	0	0	0	8	0	0	20	0	0	2	0	0
hsa-miR-382-5p	0	0	0	0	0	4	8	0	0	0	8	0	0	0	49	0	0	0	0	0	0	0	0	0	0	0	0	0	0	0	2	0	0	0	0	0	0	0	0	0	0	20	0	0	0	0	0
hsa-miR-195-3p	0	0	0	6	24	4	5	0	0	0	0	0	0	0	6	2	0	5	4	0	11	3	0	0	0	6	0	0	0	11	0	3	0	0	0	0	0	0	0	0	0	4	0	0	0	0	0
hsa-miR-129-2-3p	0	0	0	0	0	11	35	0	0	0	17	0	0	4	65	0	0	0	0	0	3	0	0	3	0	0	2	0	0	0	0	0	0	0	0	0	0	0	0	0	0	43	0	0	0	0	0
hsa-miR-655-3p	0	0	0	0	0	0	3	0	2	0	0	0	0	0	9	0	0	0	0	0	0	0	0	0	0	0	0	0	0	0	0	0	0	0	0	0	0	0	0	0	0	2	0	0	0	0	0
hsa-miR-30a-3p	29	20	80	28	52	54	117	25	4	3	63	7	14	22	434	14	8	19	12	16	6	30	41	8	3	7	60	10	7	52	19	4	9	44	8	10	5	9	23	58	2	180	0	12	5	5	14
hsa-miR-4446-3p	0	0	0	0	0	0	0	0	0	0	0	0	0	0	0	0	0	0	0	0	0	0	0	0	0	0	0	2	0	0	0	0	0	0	0	0	0	0	0	0	0	0	0	3	0	0	0
hsa-miR-452-5p	0	0	0	0	27	0	0	0	0	0	0	0	0	10	0	0	0	0	0	0	0	0	0	0	0	0	0	0	0	0	0	0	0	0	0	2	7	0	0	0	0	0	0	0	0	0	0
hsa-miR-320a-3p	73	81	267	44	411	128	260	62	36	10	450	31	52	164	581	41	48	47	55	67	115	106	108	63	32	67	161	24	92	171	85	34	68	58	54	49	58	40	135	110	19	317	10	28	22	36	51
hsa-miR-6859-5p	0	0	0	0	0	0	0	0	0	0	2	0	0	0	0	0	0	0	0	0	0	0	0	0	0	0	0	0	0	0	0	0	0	0	0	0	0	0	0	0	0	2	0	0	0	0	0
hsa-miR-106b-3p	6	27	47	4	439	10	33	17	8	6	241	3	13	2	178	2	16	4	28	31	3	7	17	6	0	7	17	0	17	144	3	0	0	0	2	7	9	4	21	12	0	54	0	4	0	6	0
hsa-miR-27b-3p	1373	1940	1930	258	3599	5758	13235	3944	861	429	8971	423	564	3300	39961	727	852	1416	761	1046	1879	2236	3945	1814	845	1995	2542	177	1698	3095	1815	1200	1168	1620	563	1420	1739	1092	1766	1825	490	25047	383	742	831	453	544
hsa-miR-548al	0	0	0	0	0	0	0	0	0	0	0	0	0	0	0	0	0	0	0	0	0	0	0	0	0	0	0	0	0	0	0	0	0	0	0	0	0	0	0	0	0	0	0	4	0	0	0
hsa-miR-199b-3p	28	17	27	4	262	17	58	57	3	4	16	3	6	4	49	3	1	28	5	14	14	54	59	1	5	22	99	0	29	116	19	15	19	19	9	33	13	7	33	12	9	26	2	3	4	6	1
hsa-miR-138-1-3p	0	0	0	0	0	0	0	0	0	0	2	0	0	0	3	0	0	0	0	0	0	0	0	2	0	0	0	0	0	0	2	0	0	0	0	0	0	0	0	0	0	3	0	0	0	0	0
hsa-miR-330-5p	3	0	0	0	0	17	44	0	2	0	36	0	0	6	94	0	0	0	0	0	0	0	0	0	3	0	0	0	0	0	0	0	0	0	0	0	0	0	0	0	0	79	0	0	2	0	0
hsa-miR-143-3p	3329	4208	7951	1614	17121	8878	16078	8023	1796	1898	14025	3142	2707	6023	68280	2071	6415	7969	4753	6724	2993	10237	18008	2951	2057	4424	10743	927	4108	9151	6073	4337	2144	5750	1686	4888	6919	4588	2609	9498	1544	35339	1359	2468	1733	1668	2151
hsa-miR-522-5p	0	0	0	0	0	0	0	0	0	0	0	0	0	0	0	0	0	1	0	0	0	0	0	0	0	0	0	0	0	0	0	0	0	0	0	0	0	0	0	0	0	0	0	0	0	0	0
hsa-miR-335-3p	0	4	0	0	13	14	21	0	0	0	20	0	4	0	64	0	0	5	0	0	0	2	0	0	0	0	0	0	0	10	3	0	0	0	0	0	0	0	0	12	3	25	3	3	4	0	0
hsa-miR-548ab	0	0	0	0	0	3	0	0	0	0	0	0	0	0	4	0	0	4	0	0	0	0	0	0	0	0	0	0	0	0	0	0	0	0	0	0	0	0	0	0	0	2	0	0	0	0	0
hsa-miR-26a-5p	1271	660	1471	126	782	13077	26019	215	102	79	26715	103	159	4568	88029	214	182	652	316	562	438	636	1202	2378	1060	724	849	37	298	993	1852	308	492	372	147	345	94	922	507	718	210	48765	842	943	1768	119	149
hsa-miR-135b-5p	0	0	0	0	0	4	6	0	0	0	2	0	0	0	25	0	0	0	0	0	0	0	0	0	0	0	0	0	0	0	0	0	0	0	0	0	0	0	0	0	0	10	0	0	0	0	0
hsa-miR-411-3p	0	0	0	0	0	2	7	0	0	0	3	0	0	0	11	0	0	0	0	0	0	0	0	0	0	0	0	0	0	0	0	0	0	0	0	5	0	0	0	0	0	5	0	0	0	0	0
hsa-miR-6813-5p	0	0	8	0	0	0	0	0	0	0	0	0	0	0	11	0	0	0	0	0	0	0	0	0	0	0	0	0	0	0	0	0	0	0	0	0	0	0	0	0	0	0	0	0	0	0	0
hsa-miR-34b-3p	12	0	0	0	0	9	0	0	8	0	6	0	0	0	0	0	0	0	0	14	0	13	11	0	0	0	0	0	0	6	4	0	0	9	0	0	0	0	5	5	0	2	0	0	0	0	0
hsa-miR-3614-5p	0	0	0	0	0	0	0	0	0	0	3	0	0	0	0	0	0	0	0	0	0	0	0	0	0	0	0	0	0	10	0	0	0	0	2	0	0	0	0	13	0	0	0	0	0	0	0
hsa-miR-493-5p	0	0	0	0	0	0	0	0	0	0	0	0	0	0	2	0	0	0	0	0	0	6	0	0	0	0	0	0	0	7	0	0	0	0	0	0	0	0	0	0	0	2	0	0	0	0	0
hsa-miR-181b-5p	182	118	391	25	252	1166	2949	66	24	21	3013	92	50	565	7982	27	86	103	142	55	61	91	114	364	117	115	134	61	87	137	132	43	117	71	42	31	59	111	108	132	36	6177	67	131	148	40	86
hsa-miR-132-5p	0	0	0	0	0	7	10	0	0	0	6	0	0	0	42	0	0	0	0	0	0	0	0	0	0	0	0	0	0	0	0	0	0	0	0	0	0	0	6	0	0	29	0	0	0	2	0
hsa-miR-324-5p	0	0	0	0	4	9	6	0	0	0	16	0	0	3	49	0	0	0	0	0	0	0	0	0	0	0	0	0	0	0	2	0	0	0	0	0	0	0	0	0	0	36	0	0	0	0	0
hsa-miR-137-3p	0	0	0	0	0	9	11	0	0	0	14	0	0	0	30	0	0	0	0	0	0	0	0	0	0	0	0	0	0	0	0	0	0	0	0	0	0	0	0	0	0	13	0	0	0	0	0
hsa-miR-329-3p	0	0	0	0	0	2	3	0	0	0	4	0	0	0	31	0	0	0	0	0	0	0	0	2	0	0	0	0	0	0	0	0	0	0	0	0	0	0	0	0	0	14	0	0	0	0	0
hsa-miR-877-5p	0	0	5	0	20	0	3	0	0	0	5	0	0	0	2	3	0	2	0	0	6	0	0	3	0	12	0	0	5	10	0	2	0	0	0	0	0	5	3	0	0	2	0	0	0	0	0
hsa-miR-382-3p	0	0	0	0	0	7	6	0	0	0	5	0	0	0	32	0	0	0	0	0	0	0	0	0	0	0	0	0	0	0	0	0	0	0	0	0	0	0	0	0	0	15	0	2	0	0	0
hsa-miR-3940-3p	0	0	0	0	0	0	0	0	0	0	2	0	0	0	0	0	0	0	0	0	0	0	0	0	0	0	0	0	0	0	0	0	0	0	0	0	0	0	0	0	0	0	0	0	0	0	0
hsa-miR-708-5p	0	0	0	0	0	2	11	0	0	0	8	0	0	0	50	0	0	0	0	0	0	0	0	0	0	0	10	0	0	0	0	0	0	0	0	0	0	0	0	0	0	44	0	0	0	0	0
hsa-miR-574-3p	2	0	0	0	9	11	10	5	0	0	12	0	0	3	70	0	0	0	0	0	3	0	0	0	0	0	12	0	0	0	0	0	0	0	0	0	0	2	0	0	0	34	0	0	0	0	0
hsa-miR-1304-3p	8	2	0	0	0	0	0	0	0	0	2	0	0	9	11	3	0	0	0	0	0	0	0	0	0	0	0	0	0	0	0	0	0	0	0	0	0	0	0	0	3	0	0	0	0	0	0
hsa-miR-766-3p	0	0	0	0	0	3	5	0	0	0	11	0	0	2	17	0	0	0	0	0	0	0	0	0	0	0	0	0	0	0	0	0	0	0	0	0	0	0	0	0	2	10	0	0	0	0	0
hsa-let-7g-5p	127	54	547	19	385	693	1517	30	36	24	6781	54	23	282	4890	12	37	83	167	167	85	75	113	185	45	150	177	12	26	583	104	16	79	43	33	30	28	89	157	271	52	3439	50	80	108	21	73
hsa-miR-33a-5p	2	0	0	0	0	7	5	2	0	0	8	0	0	0	50	0	0	0	0	4	0	0	0	0	0	4	11	0	0	0	0	0	0	0	0	0	0	0	0	0	0	30	0	0	0	2	0
hsa-miR-16-2-3p	11	0	29	0	234	0	12	0	0	0	73	0	0	0	8	10	0	0	22	0	0	0	11	0	0	0	0	0	0	52	0	3	4	0	3	2	0	0	23	0	0	0	0	0	0	0	0
hsa-miR-126-5p	62	34	35	4	728	456	1053	0	14	0	738	5	13	181	3385	16	6	34	34	32	12	135	85	90	47	30	24	2	0	387	66	14	26	10	6	33	39	37	55	39	9	2017	44	32	80	2	20
hsa-miR-2681-5p	0	0	0	0	0	0	0	0	0	0	0	0	0	12	0	0	0	0	0	0	0	0	0	0	0	0	0	0	0	0	0	0	0	0	0	0	0	0	0	0	0	0	0	0	0	0	0
hsa-miR-19a-3p	6	2	0	0	84	8	31	0	0	0	17	0	12	18	45	0	0	7	5	6	6	6	12	3	0	0	2	0	0	40	0	2	0	0	6	0	0	7	8	15	0	40	6	3	0	0	0
hsa-miR-181a-2-3p	17	0	65	12	22	53	99	45	0	0	101	10	6	7	361	0	0	21	0	22	22	18	7	16	6	0	13	0	5	19	5	3	5	10	7	6	0	12	16	18	0	207	3	10	2	2	14
hsa-miR-3928-3p	0	0	0	0	0	0	0	0	0	0	5	0	0	0	0	0	0	0	0	0	0	0	0	0	0	0	0	0	0	0	0	0	0	0	0	0	0	0	0	0	0	0	0	0	0	0	0
hsa-miR-5100	0	0	0	0	5	0	0	0	0	0	2	0	0	0	4	0	0	0	8	0	0	0	0	0	0	0	0	0	0	0	0	0	0	0	0	0	0	0	0	0	0	2	0	0	0	0	0
hsa-miR-330-3p	0	3	0	0	0	7	14	0	0	0	16	0	0	6	63	0	0	0	0	0	0	0	0	0	0	0	0	0	0	0	0	0	0	0	0	0	0	0	0	0	0	33	0	0	0	0	0
hsa-miR-592	0	0	8	0	0	18	4	0	0	0	2	0	0	0	44	4	14	14	0	9	0	2	8	0	0	6	0	0	10	7	2	0	0	0	2	2	0	0	0	0	4	20	0	0	0	0	0
hsa-miR-135a-2-3p	3	0	8	0	0	0	0	0	0	0	0	0	0	0	2	0	0	0	0	0	0	0	0	0	0	0	0	0	0	0	0	0	0	4	0	0	0	0	0	0	0	2	0	0	0	2	0
hsa-miR-627-5p	0	0	0	0	0	7	0	0	0	0	0	0	0	0	0	0	0	0	0	0	0	0	0	0	0	0	0	0	0	0	0	0	0	0	0	0	0	0	0	0	0	0	0	0	0	0	0
hsa-miR-181b-3p	0	0	9	0	0	0	0	0	2	0	0	0	0	0	6	0	0	0	0	0	0	0	0	0	0	0	0	0	0	0	0	0	0	0	0	0	0	0	0	0	0	2	0	0	0	0	0
hsa-miR-132-3p	19	13	29	0	32	60	168	0	2	0	151	0	15	31	538	6	9	2	0	0	0	14	27	12	6	2	0	0	5	8	12	3	3	0	0	0	7	2	5	5	2	369	3	2	6	0	10
hsa-miR-511-5p	0	0	0	0	4	0	0	0	0	2	3	5	0	6	0	0	0	0	0	3	0	0	0	0	0	0	4	0	0	0	0	0	0	0	0	0	0	0	0	0	0	0	0	0	0	0	0
hsa-miR-324-3p	0	0	0	0	8	5	11	0	0	4	7	0	0	4	42	0	0	0	0	0	0	6	9	0	0	0	0	0	2	0	0	0	0	15	0	0	0	0	2	13	0	13	0	0	3	0	0
hsa-miR-708-3p	5	0	10	0	7	13	6	6	0	0	15	5	0	0	44	0	0	2	0	0	0	0	7	0	0	8	0	0	0	0	3	3	0	0	0	0	0	0	0	0	0	20	0	0	0	0	0
hsa-let-7b-5p	223	71	337	41	1051	786	1987	53	55	23	1893	53	57	378	6434	17	92	102	163	77	87	230	198	197	62	53	192	23	48	384	147	42	50	111	34	94	3	85	83	376	47	4284	52	74	136	26	89
hsa-let-7f-2-3p	0	0	0	0	0	0	3	0	0	0	7	0	0	0	15	0	0	0	0	0	0	0	0	0	0	0	0	0	0	0	0	0	0	0	0	0	0	2	0	0	0	8	0	0	2	0	0
hsa-let-7g-3p	0	0	0	0	3	0	0	0	0	0	8	0	0	0	13	0	0	5	0	0	0	0	0	0	0	0	0	0	0	0	0	0	0	0	0	0	0	3	0	0	0	2	0	0	0	0	0
hsa-miR-33a-3p	0	0	0	0	0	0	0	0	0	0	3	0	0	0	0	0	0	0	0	0	0	0	0	0	0	0	0	0	0	0	0	0	0	0	0	0	0	0	0	0	0	2	0	0	0	0	0
hsa-miR-126-3p	12	5	4	0	84	90	182	0	2	0	123	0	0	28	537	0	0	0	13	0	5	2	0	16	12	2	0	2	0	42	13	0	0	0	4	0	2	4	0	5	0	369	2	7	14	2	0
hsa-miR-2355-5p	0	0	0	0	0	0	2	0	0	0	0	0	0	0	7	0	0	0	0	0	0	0	0	0	0	0	0	0	0	0	0	0	0	0	0	0	0	0	0	0	0	2	0	0	0	0	0
hsa-miR-323a-3p	0	2	0	0	5	31	48	19	0	0	18	0	0	16	157	0	0	9	0	0	0	2	0	0	2	8	11	0	0	0	7	6	0	11	0	0	7	0	5	0	0	115	0	2	0	0	0
hsa-miR-28-5p	2	0	52	2	14	7	25	3	0	0	170	0	0	5	64	0	3	7	0	21	3	4	21	0	0	2	0	0	0	24	0	0	26	10	0	8	0	2	14	26	0	37	0	0	0	4	0
hsa-miR-942-5p	0	0	0	0	12	2	0	0	0	0	0	0	0	0	0	0	0	0	0	0	0	2	0	0	0	0	0	0	0	0	0	0	0	0	0	0	0	0	0	0	0	0	0	0	0	0	0
hsa-miR-7977	0	0	0	0	0	2	9	0	0	0	6	0	0	0	31	0	0	0	6	0	0	0	0	0	0	0	0	0	0	0	0	0	0	0	0	0	0	0	0	0	0	16	0	0	0	0	0
hsa-miR-6499-5p	0	0	0	0	0	0	2	0	0	0	0	0	0	0	5	0	0	0	0	0	0	0	0	0	0	0	0	0	0	0	0	0	0	0	0	0	0	0	0	0	0	7	0	0	0	0	0
hsa-miR-7975	0	0	0	0	0	3	0	5	0	0	0	0	0	0	0	0	0	0	0	0	0	0	2	0	0	0	0	0	4	0	0	0	0	0	0	0	3	0	4	0	0	0	0	0	0	0	0
hsa-miR-1-3p	0	0	0	0	0	0	2	0	0	0	0	0	0	0	5	0	0	0	0	0	0	0	0	0	0	0	0	0	0	0	0	0	0	0	0	0	0	0	0	0	0	5	0	0	0	0	0
hsa-miR-29a-5p	0	0	0	0	0	0	0	0	0	0	0	0	0	0	0	0	0	0	0	0	0	0	0	0	0	0	0	0	0	0	0	0	0	0	0	0	0	0	0	14	0	0	0	0	0	0	0
hsa-miR-744-5p	9	6	47	4	74	45	95	18	15	0	81	0	9	18	240	5	6	20	13	13	12	21	9	16	3	0	19	0	9	44	14	8	2	0	0	11	0	13	14	57	10	227	5	3	4	9	25
hsa-miR-577	2	4	0	0	0	69	90	0	3	0	88	0	0	14	316	0	0	4	0	0	0	0	0	8	4	0	0	0	5	0	2	0	0	0	0	0	0	0	0	0	0	203	5	4	8	0	0
hsa-miR-1911-5p	33	3	28	10	32	41	32	16	23	10	6	0	0	20	119	8	14	31	29	48	20	7	81	4	14	39	42	3	28	65	12	8	2	21	12	21	5	8	27	57	2	29	2	15	0	5	18
hsa-miR-2116-3p	0	4	0	0	0	0	0	0	0	0	0	0	3	0	3	0	0	0	0	0	0	0	0	0	0	0	10	0	0	0	3	0	0	0	0	0	0	0	0	0	0	3	0	0	0	0	0
hsa-miR-1247-5p	0	0	0	0	3	0	2	0	0	0	0	0	0	0	6	0	0	0	0	0	0	6	0	0	0	0	0	0	0	0	0	0	0	0	0	0	0	0	0	0	0	6	0	0	0	0	0
hsa-let-7b-3p	12	8	0	0	13	23	29	0	0	0	27	0	0	5	117	0	0	0	0	6	5	0	0	2	0	4	8	0	2	0	0	0	0	6	4	0	9	0	6	8	0	66	3	7	2	4	0
hsa-miR-598-3p	0	0	0	0	13	59	130	0	0	0	127	0	0	28	500	0	0	2	0	0	0	7	0	9	4	0	13	0	0	0	5	4	0	0	0	0	0	6	0	0	0	292	2	0	9	0	0
hsa-miR-424-5p	0	0	15	0	0	0	0	0	0	0	3	0	0	0	11	0	0	0	0	0	0	0	7	0	0	0	0	0	0	0	0	0	0	0	4	0	0	0	2	0	0	5	0	0	0	0	0
hsa-miR-1538	0	0	0	0	0	0	0	0	0	0	0	0	0	0	0	0	0	0	0	0	0	0	0	0	0	0	5	0	0	0	0	0	0	0	0	0	0	0	0	0	0	0	0	0	0	0	0
hsa-miR-505-3p	0	0	0	0	0	2	0	0	0	0	7	0	0	0	5	0	0	0	0	0	0	0	0	0	0	0	0	0	0	0	4	0	0	0	0	0	0	0	0	0	0	0	0	0	0	0	0
hsa-miR-28-3p	201	111	1320	79	846	286	493	185	60	31	2623	169	142	180	1439	120	66	233	334	376	319	305	449	93	51	71	383	77	201	471	82	46	119	121	155	83	89	91	248	553	121	532	20	102	36	77	156
hsa-miR-200a-3p	0	0	0	0	0	0	0	0	2	0	6	0	0	0	5	0	0	0	0	0	0	0	0	0	0	0	0	0	0	0	0	0	2	0	0	0	0	0	0	0	0	4	0	3	0	0	0
hsa-miR-6878-5p	0	0	0	0	0	0	0	0	0	0	2	0	0	0	0	0	0	0	0	0	0	0	0	0	0	0	0	0	0	0	0	0	0	0	0	0	0	0	0	0	0	0	0	0	0	0	0
hsa-miR-668-3p	0	2	0	0	0	0	0	0	0	0	2	0	0	0	7	0	0	0	9	0	0	0	0	0	0	0	0	0	0	0	0	0	0	0	0	0	0	0	0	0	0	9	0	0	0	0	0
hsa-miR-151b	2	1	0	2	17	7	31	0	0	2	27	0	3	6	125	0	0	6	7	0	0	10	3	3	0	0	2	0	0	10	0	4	4	3	0	0	2	0	3	0	3	72	0	0	1	0	3
hsa-miR-3679-5p	0	0	0	0	0	0	0	0	0	0	0	0	0	0	2	0	0	0	0	0	0	0	0	0	0	0	0	0	0	0	0	2	0	0	0	0	0	0	0	0	0	0	0	0	0	0	0
hsa-miR-17-5p	0	0	7	0	17	8	27	0	0	5	21	0	0	2	57	0	0	0	5	0	0	0	5	0	2	0	0	0	8	17	0	0	0	0	0	0	0	0	0	0	0	39	0	2	2	0	0
hsa-miR-744-3p	0	0	0	0	0	0	0	0	0	0	0	0	0	0	15	0	0	0	0	0	0	0	0	0	0	0	0	0	0	0	0	0	0	0	0	0	0	0	0	0	0	6	0	0	0	0	0
hsa-miR-29a-3p	36	23	101	0	94	183	281	14	0	3	972	13	0	54	962	6	5	9	12	33	38	49	48	29	22	36	29	2	7	96	29	14	8	23	3	19	3	21	34	75	4	519	14	12	22	3	21
hsa-miR-4646-5p	0	0	0	0	2	0	0	0	0	0	0	0	0	0	0	0	0	0	0	0	0	0	0	0	0	0	0	0	0	0	0	0	0	0	0	0	0	0	0	0	0	0	0	0	0	0	0
hsa-miR-1911-3p	0	6	5	0	3	0	0	0	0	0	0	0	0	0	0	3	0	0	0	0	0	0	0	0	0	4	16	0	0	0	2	0	5	7	2	0	0	0	0	0	0	0	0	2	0	5	0
hsa-miR-181b-2-3p	0	0	0	0	0	0	0	0	0	0	0	0	0	0	4	0	0	0	0	0	0	0	0	0	0	0	0	0	0	0	0	0	0	0	0	0	0	0	0	0	0	0	0	0	0	0	0
hsa-miR-302b-3p	0	0	0	0	0	0	0	0	0	0	0	0	0	0	2	0	0	0	0	0	0	0	0	0	0	0	0	0	0	0	0	0	0	0	0	0	0	0	0	0	0	0	0	0	0	0	0
hsa-miR-376b-5p	0	0	0	0	0	0	1	0	0	0	0	0	0	0	0	0	0	0	0	0	0	0	0	0	0	0	0	0	0	0	0	0	0	0	0	0	0	0	0	0	0	0	0	0	0	0	0
hsa-miR-3173-5p	0	0	0	0	0	4	0	0	0	0	0	0	0	0	0	0	0	0	0	0	0	0	0	0	0	0	0	0	0	0	0	0	0	0	0	0	0	0	17	0	0	0	0	0	0	0	0
hsa-miR-3912-3p	0	0	0	0	5	0	5	0	0	0	0	0	0	0	9	0	0	0	0	0	0	0	0	0	0	0	0	0	0	14	0	0	0	6	0	0	0	0	0	0	0	0	0	0	0	0	0
hsa-miR-365a-3p	0	0	0	0	2	0	4	4	0	0	1	0	4	0	2	0	0	0	0	0	0	0	0	0	0	0	0	0	0	0	0	0	0	0	0	3	0	0	0	0	0	2	0	0	1	0	0
hsa-miR-30c-5p	35	20	53	9	19	189	468	4	11	3	305	3	7	102	1228	11	2	19	6	46	23	22	77	60	26	39	75	5	22	90	61	9	13	37	12	8	13	20	42	80	9	779	32	36	38	11	12
hsa-miR-6837-3p	0	0	6	0	0	0	2	0	0	0	0	0	0	0	0	0	0	0	0	0	0	0	0	0	0	0	0	0	0	0	0	0	0	0	0	0	0	0	0	0	0	0	0	0	0	0	0
hsa-miR-6068	0	0	0	0	0	0	0	0	0	0	0	0	0	0	0	0	0	0	0	0	0	0	0	0	0	0	0	0	0	0	0	0	0	0	0	0	0	0	0	0	0	0	0	0	0	0	4
hsa-miR-30c-1-3p	0	2	0	0	0	0	4	0	0	0	6	0	0	0	6	0	0	0	0	0	0	0	0	0	2	0	0	0	0	0	0	0	0	0	0	0	0	0	0	0	0	0	0	0	0	0	0
hsa-miR-219a-2-3p	18	11	15	3	43	201	448	29	8	3	267	0	2	84	1359	8	15	9	0	0	18	3	20	48	6	27	34	7	17	27	27	8	14	5	5	10	14	9	19	49	2	899	5	27	21	2	8
hsa-miR-1247-3p	0	0	0	0	0	0	0	0	0	0	0	0	4	0	0	0	0	0	0	0	0	0	0	0	0	0	0	0	0	0	0	0	0	0	0	0	0	0	0	0	0	0	0	0	0	0	0
hsa-miR-424-3p	0	0	6	2	52	5	0	11	0	0	7	0	0	0	15	0	0	4	0	0	0	0	13	0	4	13	0	0	0	12	5	0	0	2	0	2	0	3	5	0	0	0	0	0	0	0	0
hsa-miR-543	0	0	0	0	3	5	0	0	0	0	5	0	0	2	15	0	0	0	0	0	0	0	0	0	0	0	0	0	0	0	0	0	0	0	0	0	0	0	0	0	0	15	0	0	0	0	0
hsa-miR-4687-5p	0	0	0	0	0	0	0	0	0	0	0	0	0	0	0	0	0	0	0	0	0	0	0	0	0	0	0	0	0	0	0	0	0	0	0	0	0	2	0	0	0	0	0	0	0	0	0
hsa-miR-145-5p	2	4	12	0	9	17	61	33	2	0	35	0	4	11	160	0	4	2	0	0	6	11	16	2	2	15	17	0	0	9	11	5	5	0	0	5	11	4	12	0	2	83	0	0	6	0	0
hsa-miR-664a-5p	0	0	0	0	0	0	0	0	0	0	4	0	0	0	0	0	0	0	0	0	0	0	0	0	0	0	0	0	0	0	0	0	0	2	0	0	0	0	0	7	0	0	0	0	0	0	0
hsa-miR-190a-5p	0	0	0	0	3	6	15	0	0	0	16	0	0	0	66	7	0	0	0	0	0	0	16	0	2	0	0	0	0	10	0	0	0	0	0	0	0	0	0	0	0	33	0	0	0	0	0
hsa-miR-582-5p	0	0	0	0	0	2	5	0	0	0	5	0	0	0	29	0	0	0	0	0	0	0	0	0	0	0	0	0	0	0	0	0	0	0	0	0	0	0	0	0	0	12	0	0	0	0	0
hsa-miR-221-5p	0	0	0	0	0	0	4	0	0	0	2	0	0	0	4	0	0	0	0	0	0	0	0	0	0	0	0	0	0	0	0	0	0	0	0	0	0	0	0	0	2	0	0	0	0	0	0
hsa-miR-15b-5p	6	0	14	0	207	8	28	0	0	0	36	0	0	0	29	0	0	0	25	7	0	0	5	0	6	3	0	0	0	104	0	0	0	2	2	0	0	0	2	3	0	22	0	0	0	0	0
hsa-miR-4688	0	0	0	0	0	0	0	0	0	0	2	0	0	0	0	0	0	0	0	0	0	0	0	0	0	0	0	0	0	0	0	0	0	0	0	0	0	0	0	0	0	0	0	0	0	0	0
hsa-miR-1255a	0	0	0	0	0	0	6	0	0	0	0	0	0	0	0	0	0	0	0	2	0	0	0	3	0	0	0	0	0	0	0	0	0	0	0	0	0	0	0	0	0	0	0	0	0	0	0
hsa-miR-17-3p	0	0	0	0	0	0	0	13	2	0	8	0	0	0	7	0	0	2	0	0	0	0	7	0	0	0	0	0	0	7	0	0	0	0	0	0	0	0	0	0	0	10	0	0	0	0	0
hsa-miR-139-5p	7	9	0	0	0	23	78	0	2	0	63	0	0	14	256	0	0	0	0	0	0	0	2	5	6	5	0	0	0	0	2	0	2	0	0	0	0	0	0	0	0	153	8	0	11	0	0
hsa-miR-151a-5p	44	18	66	4	125	312	614	15	6	6	522	3	13	99	2381	3	8	35	16	8	3	36	27	54	18	17	64	0	6	35	46	11	12	3	2	7	2	16	27	12	10	1485	29	37	55	7	29
hsa-miR-192-5p	53	46	209	14	967	406	930	14	24	6	2439	30	32	207	3479	12	26	45	97	34	47	67	108	109	29	52	81	10	35	530	55	27	16	42	18	49	18	58	107	206	20	2181	15	39	35	35	66
hsa-miR-197-3p	4	0	0	0	3	36	90	0	0	2	200	2	0	16	275	0	2	0	2	2	0	8	0	8	6	3	8	3	0	0	4	0	0	0	0	0	0	2	0	2	0	234	3	3	10	0	0
hsa-miR-215-5p	0	0	0	0	0	2	0	0	0	0	0	0	0	0	8	0	0	0	0	0	0	0	0	0	0	0	0	0	0	0	0	0	0	0	0	0	0	0	0	0	0	0	0	0	0	0	0
hsa-miR-576-5p	0	0	0	0	3	0	0	0	0	0	11	0	0	0	4	0	0	0	0	0	0	0	14	0	0	0	10	0	0	11	0	0	0	0	0	0	0	0	0	0	0	2	0	0	0	0	0
hsa-miR-516b-5p	0	0	0	0	0	0	0	0	0	2	0	0	0	0	0	0	0	0	0	0	0	0	0	0	0	0	0	0	0	0	0	0	0	0	0	0	0	0	0	0	0	0	0	0	0	0	0
hsa-miR-652-5p	0	0	0	0	0	0	0	0	0	0	0	0	0	0	2	0	0	0	0	0	0	0	0	0	0	0	0	0	0	0	0	0	0	0	0	0	0	0	0	0	0	3	0	0	0	0	0
hsa-miR-376b-3p	0	0	0	0	0	0	0	0	0	0	0	0	0	0	2	0	0	0	0	0	0	0	0	0	0	0	0	0	0	0	0	0	0	0	0	0	0	0	0	0	0	0	0	0	0	0	0
hsa-miR-148b-5p	0	0	0	0	0	0	0	0	0	0	0	0	0	0	5	0	0	0	0	0	0	0	0	0	0	0	0	0	0	9	0	0	0	0	0	0	0	0	0	0	0	5	0	0	0	0	0
hsa-miR-541-3p	0	0	0	0	0	0	0	0	0	0	0	0	0	0	0	0	0	0	0	0	0	0	0	0	0	0	0	0	0	8	0	0	0	0	0	0	0	0	0	0	0	3	0	0	0	0	0
hsa-miR-186-5p	220	225	524	49	566	290	708	150	82	19	779	55	41	189	1237	63	40	141	159	147	229	237	432	114	79	175	258	7	118	462	111	49	127	180	91	134	345	79	260	449	48	658	54	107	38	56	84
hsa-miR-454-5p	0	0	0	0	7	0	0	0	0	0	0	0	0	0	6	2	0	0	0	0	0	0	0	0	0	0	0	0	0	0	0	0	0	0	0	0	0	0	0	0	0	2	0	0	0	0	0
hsa-miR-301a-3p	0	0	0	0	0	12	50	0	0	0	46	0	0	9	96	0	0	2	0	0	0	0	0	3	6	9	0	0	0	0	2	0	0	0	2	0	0	0	2	31	2	63	4	8	0	6	0
hsa-miR-203a-3p	15	0	118	31	59	339	7	156	151	16	20	34	2	21	52	15	42	111	143	21	11	16	51	10	13	77	163	12	80	97	102	151	45	329	5	64	43	54	68	125	28	15	3	8	58	56	35
hsa-miR-140-5p	0	0	0	0	0	3	23	0	0	0	17	0	18	0	53	0	4	0	0	0	0	0	7	0	0	0	0	0	6	0	4	0	0	0	0	0	0	0	0	0	0	15	0	0	0	0	0
hsa-miR-145-3p	22	14	19	0	20	7	32	58	18	9	5	5	3	4	42	10	8	7	12	26	42	22	85	5	0	26	13	2	29	13	24	8	20	13	19	33	29	10	28	0	0	26	5	0	3	5	0
hsa-miR-664a-3p	0	0	0	0	5	9	4	0	0	0	20	0	0	0	17	0	0	0	0	0	0	0	0	0	0	10	0	0	0	0	0	2	0	0	0	0	0	0	0	0	0	8	0	0	2	0	0
hsa-miR-885-5p	0	0	0	0	0	7	19	0	0	0	16	0	0	5	55	0	0	0	0	0	0	8	6	0	0	9	10	0	0	0	0	0	0	0	0	0	0	0	0	10	0	33	0	0	0	0	0
hsa-miR-337-3p	0	0	0	0	0	0	0	0	0	0	0	0	0	0	13	0	0	0	0	0	0	0	0	0	0	0	0	0	0	0	0	0	0	0	0	0	0	0	0	0	0	2	0	0	0	0	0
hsa-miR-190a-3p	0	0	0	0	7	0	0	0	0	0	0	0	0	0	0	0	0	0	0	0	0	0	0	0	0	0	0	0	0	0	0	0	0	0	0	0	0	0	5	0	0	0	0	0	0	0	0
hsa-miR-582-3p	0	0	0	0	0	7	17	0	4	0	14	2	0	4	77	0	0	0	0	0	0	0	0	0	3	0	0	0	0	0	8	0	0	0	0	0	0	0	0	0	0	41	0	2	2	0	0
hsa-miR-221-3p	24	32	132	8	128	115	220	94	34	13	721	15	6	126	742	21	9	24	15	41	37	34	58	45	23	74	46	3	40	48	28	14	60	35	29	24	26	31	117	100	13	434	13	33	40	8	7
ebv-miR-BART1-5p	0	0	0	0	0	0	0	3	7	0	0	0	2	0	2	0	0	0	2	0	2	0	0	0	0	0	0	4	0	0	0	0	0	0	0	0	0	2	8	5	0	0	2	0	0	5	0
hsa-miR-15b-3p	0	0	0	0	24	0	2	0	0	0	2	0	0	0	6	0	0	0	0	0	0	0	0	0	0	0	0	0	0	14	0	0	0	0	0	0	0	0	0	0	0	2	0	0	0	0	0
hsa-miR-320e	0	0	0	0	0	0	0	0	0	0	0	0	0	0	0	0	0	0	0	0	0	0	0	0	0	0	0	0	0	0	0	0	0	0	0	0	0	0	0	0	0	0	0	0	0	0	0
hsa-miR-134-5p	0	0	0	0	14	7	19	0	0	0	14	0	0	0	70	0	0	0	0	0	0	10	0	0	0	0	7	0	0	0	0	3	0	0	0	2	0	0	0	0	3	46	2	0	3	0	0
hsa-miR-181d-5p	7	2	9	0	14	59	167	0	0	0	109	0	2	25	465	0	3	3	0	0	0	13	15	13	9	5	0	0	2	0	6	0	0	8	0	0	0	2	0	11	0	295	3	2	5	0	0
hsa-miR-320d	0	0	0	0	3	3	1	0	0	0	0	0	4	0	1	1	0	0	0	0	0	0	0	0	0	0	7	0	7	0	3	0	0	1	0	0	1	0	0	0	0	3	0	0	0	0	0
hsa-miR-1225-5p	0	0	0	0	0	0	0	0	0	0	0	0	0	0	0	0	0	0	0	0	0	0	0	0	0	0	0	0	0	0	0	0	0	0	3	0	0	0	0	0	0	0	0	0	0	0	0
hsa-miR-320c	0	1	0	0	7	0	1	0	0	0	0	2	2	0	2	1	0	0	3	0	0	0	0	0	0	0	9	0	0	0	0	3	0	1	0	0	1	0	0	3	0	4	0	0	0	0	5
hsa-miR-139-3p	0	0	0	0	0	2	2	0	0	0	0	0	0	0	15	0	0	0	0	0	0	0	0	0	0	0	0	0	0	0	0	0	4	0	0	0	0	0	0	0	0	7	0	0	0	0	0
hsa-miR-320b	54	79	89	54	137	79	126	103	29	9	61	21	35	123	176	40	41	19	67	22	133	53	63	62	25	73	85	43	124	97	40	42	45	47	33	21	58	17	123	111	12	57	5	14	20	35	55
hsa-miR-151a-3p	229	163	774	66	1134	777	1519	254	88	49	1129	46	111	441	4359	88	100	206	155	157	249	351	529	192	131	266	523	43	277	568	206	120	152	315	77	243	146	135	308	381	64	2532	53	154	99	86	117
hsa-miR-210-5p	0	0	0	0	0	0	2	0	0	0	0	0	0	0	2	0	0	0	0	0	0	0	0	0	0	0	0	0	0	0	0	0	0	0	0	0	0	0	0	0	0	0	0	0	0	0	0
hsa-miR-1306-3p	0	0	0	0	0	0	0	0	0	0	0	0	0	0	2	0	0	0	0	0	0	0	0	0	0	0	0	0	0	0	0	0	0	0	0	0	0	0	0	0	0	2	0	0	0	0	0
hsa-let-7i-5p	345	93	1729	142	4516	670	1449	210	83	69	7280	268	224	348	4669	46	119	226	676	382	198	453	429	208	68	148	474	50	180	2095	141	81	190	217	187	153	92	172	393	772	168	2665	48	115	76	107	312
hsa-miR-6501-5p	0	0	0	0	0	0	0	0	0	0	2	0	0	0	0	0	0	0	0	0	0	0	0	0	0	0	0	0	0	0	0	0	0	0	0	0	0	0	0	0	0	0	0	0	0	0	0
hsa-miR-652-3p	2	0	4	0	82	4	10	0	0	0	61	0	0	0	55	0	0	0	5	2	0	0	0	0	0	8	0	0	4	27	0	0	0	5	0	0	4	2	0	0	0	24	0	0	0	0	6
hsa-miR-148b-3p	12	0	60	0	44	48	138	22	0	5	128	2	3	15	429	4	0	0	7	7	7	7	0	11	5	4	17	4	16	9	16	0	5	2	0	0	5	5	0	58	10	250	5	2	15	2	4
hsa-miR-1843	0	0	17	0	13	7	7	0	4	4	26	0	0	0	35	0	0	0	0	0	0	8	19	0	0	0	3	0	0	9	0	0	7	0	0	0	0	0	0	25	0	17	0	0	0	0	0
hsa-miR-204-5p	6366	5860	7911	8298	4767	13380	6624	6495	2568	2160	2247	1381	4386	6796	20919	4003	4333	15104	6583	9751	6982	12455	24430	1571	3415	12902	15751	2325	9642	31426	8159	2288	6452	9355	2555	5105	5302	3330	8716	23044	2094	6318	1785	5642	595	3492	4127
hsa-miR-454-3p	7	4	8	0	0	14	44	0	0	0	32	4	0	7	85	0	0	0	0	0	0	0	0	3	0	0	0	0	0	14	0	0	0	0	0	0	0	0	0	0	0	55	0	0	0	0	0
hsa-miR-6740-5p	0	0	0	0	0	0	0	0	0	0	0	0	0	0	0	0	0	0	0	0	0	0	0	0	0	0	0	6	0	0	0	0	0	0	0	0	0	0	0	0	0	0	0	0	0	0	0
hsa-miR-130b-5p	0	0	0	0	0	0	0	0	0	0	5	0	0	0	2	0	0	0	0	0	0	0	0	0	0	0	0	0	0	0	0	0	0	0	0	0	0	0	0	0	0	3	0	0	0	0	0
hsa-miR-5196-3p	0	0	10	0	0	0	0	0	0	0	0	0	0	0	0	0	0	0	0	0	0	0	0	0	0	0	0	0	0	0	0	0	0	0	0	0	0	0	0	0	0	0	0	0	0	0	0
hsa-miR-1266-5p	0	0	0	0	0	0	4	0	0	0	0	0	0	0	0	0	0	0	0	0	0	0	0	0	0	0	0	0	0	0	0	0	0	0	0	0	0	0	0	0	0	0	0	0	0	0	0
hsa-miR-193a-5p	0	0	0	0	0	0	3	0	0	0	4	0	0	0	40	0	0	0	0	3	0	0	0	0	0	0	0	0	0	0	0	0	0	0	0	0	0	0	0	0	0	18	0	0	0	0	0
hsa-miR-6769b-3p	0	0	0	2	0	0	0	0	0	0	0	0	0	0	0	0	0	0	0	0	0	0	0	0	0	0	0	0	0	0	0	0	0	0	0	0	0	0	0	0	0	0	0	0	0	0	0
hsa-miR-92a-3p	1087	696	8278	503	28511	1840	4002	1269	909	465	23315	947	1737	1312	11726	567	785	999	3312	2662	1791	2207	3013	937	413	980	2826	538	1339	13857	845	513	1154	1278	940	768	444	842	2903	4810	1091	5522	309	733	412	526	1430
hsa-miR-140-3p	47	31	185	14	401	193	382	75	2	16	736	69	41	69	1343	25	42	97	39	45	21	99	96	50	25	45	110	5	40	273	67	22	40	27	24	47	51	29	89	172	19	726	11	24	14	11	56
hsa-miR-1185-1-3p	0	0	0	0	0	0	2	0	0	0	0	0	0	0	0	0	0	0	0	0	0	0	0	0	0	0	0	0	0	0	0	0	0	0	0	0	0	0	0	0	0	0	0	0	0	0	0
ebv-miR-BART1-3p	0	0	0	0	0	0	0	2	0	0	0	0	0	2	0	0	0	0	0	0	2	0	0	2	0	0	0	0	0	0	0	0	0	0	2	0	0	0	3	5	0	0	0	0	0	0	0
hsa-miR-519b-5p	0	0	0	0	0	0	0	0	0	0	0	0	0	0	0	0	0	1	0	0	0	0	0	0	0	0	0	0	0	0	0	0	0	0	0	0	0	0	0	0	0	0	0	0	0	0	0
hsa-miR-490-5p	0	0	0	0	0	2	0	0	0	0	0	0	0	0	5	0	0	0	0	0	0	0	0	0	0	0	0	0	0	0	0	0	0	0	0	0	0	0	0	0	0	4	0	0	0	0	0
hsa-miR-629-5p	0	0	10	0	0	0	0	0	0	0	7	0	0	0	4	0	0	0	0	0	0	0	0	0	0	0	0	0	0	0	0	0	0	0	0	0	0	0	0	0	0	2	0	0	0	3	0
hsa-miR-134-3p	0	0	0	0	0	0	0	0	0	0	0	0	0	0	2	0	0	0	0	0	0	0	0	0	0	0	0	0	0	0	0	0	0	0	0	0	0	0	0	0	0	0	0	0	0	0	0
hsa-miR-9985	0	0	3	0	4	24	6	4	4	1	15	3	0	1	18	3	2	5	0	0	0	1	6	1	0	6	0	0	1	0	19	15	2	7	0	3	0	2	5	1	1	11	0	0	1	2	1
hsa-miR-495-3p	0	0	0	0	0	9	16	0	0	0	5	0	0	0	44	0	0	0	0	0	0	0	0	0	0	0	0	0	0	0	0	0	0	0	0	0	0	0	0	0	0	23	0	0	0	0	0
hsa-miR-874-5p	4	0	0	0	0	16	35	0	0	0	23	0	0	7	99	0	0	0	0	0	0	0	0	2	0	0	0	0	0	0	0	0	0	0	0	0	0	2	0	0	0	82	0	0	2	0	0
hsa-miR-210-3p	9	0	18	5	62	5	7	5	8	0	23	0	4	7	34	0	0	3	16	0	0	10	10	5	0	3	6	0	0	35	0	0	11	0	3	0	0	0	3	27	0	33	0	3	2	0	13
hsa-miR-6786-3p	0	0	0	0	0	0	0	0	0	0	0	0	0	0	0	0	0	0	2	0	0	0	0	0	0	0	0	0	0	0	0	0	0	0	0	0	0	0	0	0	0	0	0	0	0	0	0
hsa-miR-1301-3p	0	0	0	0	0	0	0	0	0	0	5	0	0	0	14	0	0	0	0	0	0	0	0	0	0	0	0	0	0	0	0	0	0	0	0	0	0	0	0	0	0	4	0	0	0	0	0
hsa-let-7d-5p	21	0	64	5	79	115	270	0	0	0	439	6	4	60	825	6	0	14	0	29	8	15	34	20	20	10	10	5	22	154	24	12	15	9	3	8	0	12	11	17	7	604	13	8	16	0	0
hsa-miR-2113	0	0	0	0	0	0	0	0	0	0	0	0	0	0	0	0	0	0	0	0	0	0	0	0	0	0	0	0	0	0	0	0	0	0	0	0	0	0	0	0	0	4	0	0	0	0	0
hsa-let-7i-3p	0	0	0	0	6	4	3	0	0	0	30	0	0	0	22	0	0	0	0	0	0	0	0	0	0	0	0	0	0	0	0	0	0	3	0	0	0	0	0	0	0	5	0	0	0	0	0
hsa-miR-3605-5p	0	0	5	0	0	3	2	0	0	0	0	0	0	0	0	0	0	0	0	0	6	0	0	0	0	2	0	0	0	0	0	0	0	0	0	0	0	4	0	0	0	0	0	5	0	0	0
hsa-miR-2110	5	0	0	0	2	2	0	0	0	0	2	0	0	0	2	0	0	0	0	0	0	0	0	0	0	0	0	0	0	0	0	0	0	0	0	0	0	0	0	0	0	2	0	0	0	0	0
hsa-miR-489-3p	0	3	0	0	0	0	0	0	0	0	0	0	3	0	0	0	0	0	0	0	0	0	0	2	0	0	0	0	0	0	0	11	14	0	0	9	0	0	0	0	0	0	0	0	0	0	0
hsa-miR-128-3p	115	40	35	0	48	575	1624	12	5	3	1085	10	0	273	4767	7	14	26	18	26	18	54	62	186	53	60	69	2	47	112	77	34	36	36	5	31	13	65	58	72	5	4192	44	77	107	8	0
hsa-miR-378a-5p	0	0	0	0	0	0	0	0	0	0	0	0	0	0	11	0	0	0	0	0	0	0	0	0	0	0	0	0	0	0	0	0	0	0	0	0	0	0	0	0	2	0	0	0	0	0	0
hsa-miR-5581-3p	0	0	0	0	0	0	0	0	0	0	0	0	0	0	0	3	0	0	0	0	0	0	0	0	0	0	0	0	0	0	0	0	0	0	0	0	0	0	0	0	0	0	0	0	0	0	0
hsa-miR-204-3p	0	0	0	0	0	13	0	0	0	0	0	0	0	0	0	0	0	0	4	0	0	10	0	0	0	0	0	0	0	0	0	0	0	0	0	0	0	0	0	8	0	3	0	0	0	0	0
hsa-miR-128-1-5p	0	0	0	0	2	7	24	0	0	0	18	0	0	0	71	0	0	0	2	0	0	0	0	0	0	0	0	0	0	0	0	0	0	0	0	6	0	0	0	0	0	54	0	0	0	0	0
hsa-miR-1185-5p	0	0	0	0	0	3	9	0	0	0	8	0	0	0	23	0	0	0	0	0	0	0	0	0	0	0	0	0	0	0	0	0	0	0	0	0	0	0	0	0	0	13	0	0	0	0	0
hsa-miR-130b-3p	3	7	34	0	61	0	8	13	6	4	47	7	0	8	49	0	3	9	13	2	18	0	30	4	3	17	8	0	13	71	7	3	7	16	5	6	8	0	10	33	0	12	0	0	2	0	3
hsa-miR-362-5p	0	0	0	0	0	0	3	0	0	0	0	0	0	0	10	0	0	0	0	0	0	0	0	0	0	0	0	0	0	0	0	0	0	0	0	0	0	0	0	0	0	5	0	0	0	0	0
hsa-miR-29c-5p	0	0	0	0	0	8	10	0	0	0	13	0	0	0	48	0	0	0	0	0	0	0	0	0	0	0	0	0	0	0	0	0	0	0	0	0	0	0	0	0	0	22	0	0	0	0	0
hsa-miR-193a-3p	0	0	0	0	0	0	0	0	0	0	0	0	0	0	0	0	0	0	0	0	0	0	0	0	0	0	0	0	0	0	0	2	0	0	0	0	0	0	0	0	0	0	0	0	0	0	0
hsa-miR-218-1-3p	0	0	0	0	0	0	0	0	0	0	0	0	0	0	0	0	0	0	0	0	0	0	0	0	0	0	0	0	0	0	0	0	0	0	0	0	3	0	0	0	0	0	0	0	0	0	0
hsa-miR-92a-1-5p	8	0	11	0	0	0	0	0	0	0	15	0	0	0	0	0	0	0	0	0	0	0	0	0	0	0	0	0	0	0	0	0	5	0	0	0	0	0	0	0	2	0	0	0	0	0	0
hsa-miR-4787-3p	0	0	0	0	0	0	0	0	0	0	0	0	0	0	0	0	0	0	0	0	0	0	0	0	0	0	0	0	0	0	0	0	0	0	0	0	0	0	0	0	0	2	0	0	0	0	0
hsa-miR-432-5p	5	0	0	0	9	12	37	0	0	0	17	0	0	5	118	0	0	0	0	0	0	0	2	0	0	2	0	0	0	0	5	0	4	0	0	0	0	0	9	0	0	66	0	0	0	0	0
hsa-miR-490-3p	0	0	0	0	0	0	6	0	0	0	4	0	0	2	29	0	0	0	0	0	0	0	0	0	0	0	0	0	0	0	0	0	0	0	0	0	0	0	0	0	0	13	0	0	0	0	0
hsa-miR-874-3p	2	3	5	0	8	41	93	0	0	2	73	0	0	30	310	0	0	0	0	2	0	0	0	4	0	0	4	0	0	0	2	0	5	0	0	0	0	0	0	6	0	184	2	0	2	0	0
hsa-miR-31-5p	0	0	11	0	3	17	39	0	0	0	66	5	5	5	161	0	0	0	7	0	2	0	0	2	0	0	0	0	0	0	5	0	0	0	2	0	0	0	7	0	0	132	0	0	0	0	0
hsa-miR-99b-5p	59	34	42	16	98	352	668	44	21	11	576	18	22	179	2812	26	10	45	28	24	51	87	135	60	45	92	95	0	87	170	74	26	21	39	9	50	25	39	52	72	18	1546	32	31	43	9	16
hsa-let-7d-3p	54	28	88	0	59	75	79	67	17	11	73	11	20	25	313	21	23	34	32	83	61	131	107	21	15	65	78	0	62	130	31	23	30	37	18	27	21	21	53	55	6	111	7	24	5	27	8
hsa-miR-5701	0	0	0	0	0	0	0	0	0	0	0	0	0	0	12	0	0	0	0	0	0	0	0	0	0	0	0	0	0	0	0	0	0	0	0	0	0	0	0	0	0	12	0	0	0	0	0
hsa-miR-3605-3p	0	0	0	0	0	11	4	0	2	0	0	0	4	0	9	2	0	5	0	0	0	0	0	0	0	0	11	0	0	5	5	0	9	7	2	0	0	4	2	8	0	8	0	0	0	0	3
hsa-miR-10399-5p	0	0	0	0	0	0	3	0	0	0	6	0	0	0	9	0	0	0	0	0	0	0	10	0	0	0	0	0	0	0	0	0	0	0	0	0	0	0	0	0	0	0	0	0	0	0	0
hsa-miR-676-3p	0	0	0	0	0	0	0	0	0	0	0	0	0	0	0	0	0	0	0	0	0	3	0	0	0	0	0	0	0	0	0	0	0	8	0	0	0	0	0	0	0	0	0	0	0	0	0
hsa-miR-378a-3p	129	51	586	23	460	108	525	48	23	23	464	75	126	74	654	30	25	109	86	81	108	144	172	75	38	30	141	17	41	443	66	22	122	61	63	87	13	45	790	200	51	359	30	43	31	35	93
hsa-miR-25-5p	0	0	10	0	0	0	0	0	0	0	4	0	3	0	12	0	0	0	0	0	0	0	0	0	0	0	0	0	0	0	0	0	0	0	0	0	0	0	0	0	0	0	0	0	0	0	0
hsa-miR-1296-5p	6	0	0	0	0	18	70	0	0	0	54	0	0	7	256	0	0	2	0	5	0	0	11	8	0	0	0	0	0	0	2	0	0	0	0	0	0	2	0	0	0	143	2	0	5	0	0
hsa-miR-200c-3p	0	0	0	0	0	0	0	0	0	0	2	0	0	0	0	0	0	0	0	2	0	0	0	0	0	0	6	0	0	0	0	0	0	0	0	0	0	0	0	0	0	0	0	0	0	0	0
hsa-miR-589-5p	2	0	10	0	3	0	16	8	2	0	26	0	0	0	37	2	8	0	0	0	0	0	12	2	0	0	0	0	0	6	0	0	3	0	0	0	0	0	0	0	0	35	0	0	0	0	0
hsa-miR-196a-5p	16	3	54	2	85	0	18	0	2	2	2	0	0	0	37	0	0	11	10	0	22	33	24	0	0	0	23	0	12	14	6	5	3	10	0	4	5	5	6	0	2	0	7	12	0	2	5
hsa-miR-642a-3p	0	0	0	0	0	0	0	0	0	2	4	0	0	0	0	0	0	0	0	0	0	0	0	0	0	0	0	0	0	0	0	0	0	0	0	0	0	0	0	0	0	0	0	0	0	0	0
hsa-miR-362-3p	0	0	0	0	0	0	0	0	0	0	0	0	0	0	0	0	0	0	0	0	0	0	0	0	0	0	0	0	0	6	0	0	0	0	0	0	0	0	0	0	2	0	0	0	0	0	0
hsa-miR-29c-3p	14	20	22	0	44	48	102	6	0	0	242	2	0	15	288	0	3	9	4	21	2	20	18	12	8	22	24	0	0	0	13	14	8	3	2	25	5	4	7	18	0	130	0	13	0	0	0
hsa-miR-216a-5p	0	0	0	0	0	0	6	0	0	0	0	0	0	0	0	0	0	0	0	0	0	0	0	0	0	0	0	0	0	0	0	0	0	0	0	0	0	0	5	0	0	0	0	0	0	0	0
hsa-miR-125b-2-3p	1672	5031	4798	1555	2900	4003	4277	2797	1390	756	2555	1265	609	3548	13583	885	2256	4340	3868	1728	1719	2159	5125	1320	692	4837	5477	631	3063	4872	1930	1224	3233	3302	1209	4048	15416	1043	3361	7143	861	2671	157	1018	298	1056	1593
hsa-miR-659-5p	0	0	0	0	0	0	0	0	0	0	0	0	0	0	3	0	0	0	0	0	0	0	0	0	0	0	0	0	0	0	0	0	0	0	0	0	0	0	0	0	0	2	0	0	0	0	0
hsa-miR-1250-5p	0	0	0	0	0	0	0	0	0	0	0	0	0	0	0	0	0	0	0	0	0	0	0	0	0	0	0	0	0	0	0	0	0	0	0	0	0	0	0	0	0	2	0	0	0	0	0
hsa-miR-19b-1-5p	0	0	0	0	1	0	0	0	0	0	0	0	0	0	0	0	0	0	0	0	0	0	0	0	0	0	0	0	0	0	0	0	0	0	0	0	0	0	0	0	0	0	0	0	0	0	0
hsa-miR-30e-5p	277	173	721	70	874	683	1392	165	60	62	1903	51	107	287	3378	104	72	135	190	290	329	316	603	148	86	266	295	46	266	769	157	98	196	212	77	110	96	136	374	417	83	1963	62	159	93	71	41
hsa-miR-345-5p	0	0	0	4	51	4	32	0	0	0	23	0	0	9	78	0	0	13	19	3	13	0	29	6	0	0	0	0	6	3	11	0	3	6	0	0	0	4	9	16	2	61	2	0	0	6	0
hsa-miR-99b-3p	0	0	0	0	3	2	11	0	0	0	12	0	0	0	43	0	0	2	0	0	2	0	0	0	0	9	0	0	0	0	0	0	0	0	0	0	5	0	0	0	0	28	0	0	0	0	0
hsa-miR-1249-3p	0	0	0	0	0	8	16	0	0	0	10	0	0	0	47	0	0	0	0	0	0	0	0	0	0	0	0	0	0	0	2	0	0	0	0	0	0	0	0	0	0	27	0	0	0	0	0
hsa-miR-11401	4	0	0	0	0	0	0	0	0	0	0	0	0	0	0	0	0	0	0	0	0	0	0	0	0	0	0	0	0	0	0	0	0	0	0	0	0	0	0	0	0	0	0	0	0	0	0
hsa-miR-11400	0	0	0	0	0	0	0	0	0	0	0	0	0	0	0	0	0	0	0	5	0	0	0	0	0	0	0	0	0	0	0	0	0	0	0	0	0	0	0	0	0	0	0	0	0	0	0
hsa-miR-125a-5p	122	64	206	16	258	628	1378	41	20	5	1214	32	31	223	3415	16	13	54	22	55	37	145	234	167	52	40	133	5	48	222	128	29	25	72	20	40	10	50	36	110	16	2331	39	89	89	20	32
hsa-miR-10399-3p	0	0	0	0	0	0	0	0	0	0	13	0	0	0	0	0	0	0	0	0	0	0	0	0	0	0	0	0	0	0	0	0	0	0	0	0	0	0	0	0	0	0	0	0	0	0	0
hsa-miR-671-3p	0	0	17	0	3	2	4	0	0	0	21	0	5	0	33	0	0	0	0	5	0	0	5	3	0	0	5	0	0	0	0	0	0	0	2	0	0	0	0	12	0	17	2	2	0	0	0
hsa-miR-133b	0	0	0	0	0	0	1	0	0	0	0	0	0	0	2	0	0	0	0	0	0	0	0	0	0	0	0	0	0	0	0	0	0	0	0	0	0	0	0	0	0	1	0	0	0	0	0
hsa-miR-103a-3p	81	81	362	50	2690	577	1271	155	33	30	1563	124	96	358	4345	35	80	96	303	86	96	78	135	115	82	100	173	19	101	632	129	56	105	44	46	101	109	87	180	267	45	2300	48	58	83	31	109
hsa-miR-502-3p	0	0	0	0	3	5	4	0	0	0	2	0	0	0	3	0	0	0	3	2	0	0	8	0	0	0	0	0	5	6	2	1	0	0	0	0	0	0	0	4	1	0	0	0	0	0	0
hsa-miR-25-3p	85	46	377	37	5459	177	441	33	25	19	2088	69	158	89	1349	21	77	41	339	172	48	128	163	60	29	52	91	30	79	1959	58	21	45	95	30	38	47	52	209	346	58	641	18	50	34	29	178
hsa-miR-339-5p	0	0	0	0	0	0	4	0	0	0	16	3	0	0	7	5	0	0	0	0	0	0	0	0	0	0	0	0	0	0	0	0	0	0	0	0	0	0	0	5	0	3	0	0	0	0	0
hsa-miR-223-5p	0	0	0	0	0	0	0	0	0	0	0	0	0	0	0	0	0	0	0	0	0	0	4	0	0	0	0	0	0	0	0	0	0	11	3	0	0	0	0	0	0	0	0	0	0	0	0
hsa-miR-584-5p	9	10	0	2	30	98	135	31	11	2	77	0	2	31	461	12	34	6	5	18	8	34	26	22	5	29	49	3	32	125	23	5	9	31	10	12	7	7	34	16	4	320	2	3	6	6	0
hsa-miR-1180-3p	0	0	0	6	7	12	35	0	0	0	20	0	0	21	74	10	0	0	6	5	5	7	2	4	0	2	0	0	5	2	3	3	0	0	0	0	0	0	0	8	0	71	2	2	2	0	0
hsa-miR-660-5p	6	59	21	15	58	36	55	37	0	2	80	7	6	37	152	5	0	12	21	13	16	12	39	5	4	7	25	2	17	98	5	0	26	8	2	39	21	25	5	24	12	49	2	2	5	0	0
ebv-miR-BART8-5p	0	0	0	0	0	0	0	0	0	0	0	0	0	2	0	0	0	0	0	0	0	0	0	0	0	0	0	0	0	0	0	0	0	0	0	0	0	0	0	0	0	0	0	0	0	0	0
hsa-miR-194-5p	0	0	0	0	9	0	6	0	0	0	21	0	0	0	29	3	0	8	0	0	0	0	0	2	0	0	0	0	0	7	0	0	0	0	0	0	0	2	0	9	0	20	0	0	0	0	0
hsa-miR-217-5p	0	0	0	0	0	4	0	0	0	0	0	0	0	0	0	0	0	0	0	0	0	6	0	0	0	0	0	0	0	0	0	0	0	0	0	0	0	0	0	0	0	0	0	0	0	0	0
hsa-miR-101-5p	5	0	0	0	8	2	5	0	0	0	4	0	0	5	15	0	0	0	12	0	6	0	8	0	3	0	7	0	12	9	0	0	0	3	0	3	0	4	6	8	0	6	0	0	0	0	0
hsa-miR-654-5p	0	0	0	0	0	0	0	0	0	0	0	0	0	0	2	0	0	0	0	0	0	0	0	0	0	0	0	0	0	0	0	0	0	0	0	0	0	0	5	0	0	0	0	0	0	0	0
hsa-miR-188-5p	0	0	0	0	3	0	0	0	0	0	0	0	0	0	0	0	0	0	0	0	0	0	0	0	0	0	0	0	0	0	0	0	0	0	0	0	0	0	0	0	0	0	0	0	0	0	0
hsa-miR-30e-3p	21	8	100	18	33	82	122	0	0	5	171	5	0	43	425	4	12	6	6	7	0	19	31	22	16	31	16	15	0	15	14	4	8	10	7	6	3	5	28	58	3	205	3	6	5	10	11
hsa-miR-449a	0	0	0	0	0	6	2	0	0	0	0	0	0	0	8	0	0	0	0	0	0	0	0	0	0	0	0	0	0	20	0	0	0	0	0	0	0	0	0	16	0	2	0	2	0	2	0
hsa-miR-340-5p	69	61	247	18	180	366	789	10	6	9	644	27	18	124	2356	12	13	64	35	48	14	54	102	72	35	28	102	14	19	77	58	20	18	22	39	3	28	46	46	65	22	1500	28	62	44	16	50
hsa-miR-153-3p	0	2	0	0	2	41	87	0	2	0	59	2	0	14	294	0	0	0	0	0	0	6	0	6	3	0	0	0	0	0	7	2	0	0	0	0	0	0	2	0	3	171	0	3	6	0	0
hsa-miR-5000-3p	0	0	0	0	0	0	0	0	0	0	0	0	0	0	2	0	0	0	0	0	0	0	0	0	0	0	0	0	0	0	0	0	0	0	0	0	0	0	0	0	0	0	0	0	0	0	0
hsa-miR-532-5p	6	6	60	7	186	19	64	0	6	7	205	0	6	3	224	0	0	20	20	4	11	13	11	14	7	17	16	0	11	39	0	6	17	7	0	12	7	0	39	33	14	134	2	4	0	5	5
hsa-miR-106a-5p	0	0	0	0	5	0	0	0	0	0	0	0	0	0	3	0	0	0	0	0	0	0	0	0	0	0	0	0	0	0	0	0	0	0	0	0	0	0	0	0	0	0	0	0	0	0	0
hsa-miR-27a-5p	0	0	0	0	0	0	0	0	0	0	2	0	0	0	0	0	0	4	0	0	0	0	0	0	0	0	0	0	0	0	0	0	0	0	0	0	0	0	0	0	0	0	0	0	0	0	0
hsa-miR-590-3p	0	0	0	0	0	2	0	0	0	0	9	0	0	0	11	0	0	0	0	6	0	0	0	0	0	0	0	0	0	0	0	0	0	0	0	0	0	0	0	0	0	0	0	0	0	0	0
hsa-miR-10b-5p	3588	8318	2283	1636	35369	1280	6999	2356	722	488	994	1615	5629	2827	4241	2713	3066	2057	1268	1846	4392	5451	6134	1319	928	2565	6057	1653	3346	8512	1521	906	1865	2037	1481	3447	2499	889	2930	4714	667	2264	755	1157	889	975	4276
hsa-miR-6511b-3p	0	0	0	0	0	0	0	0	0	0	2	0	0	0	4	0	0	0	0	3	0	0	0	0	0	0	5	0	3	0	0	0	0	0	0	0	0	0	0	0	0	2	0	0	0	0	0
hsa-miR-6881-3p	0	0	0	0	0	0	0	0	0	0	0	0	0	0	0	0	0	0	0	0	0	0	0	0	0	0	0	0	0	0	0	0	4	0	0	0	0	0	0	0	0	0	0	0	0	0	0
hsa-miR-125a-3p	3	0	0	0	8	7	2	0	0	0	3	0	0	2	2	2	0	0	0	0	0	0	6	4	0	0	11	0	0	17	0	0	0	0	0	8	0	0	0	0	0	3	0	0	0	0	0
hsa-miR-199a-5p	3	0	10	0	41	0	8	0	0	0	9	0	5	0	6	0	0	0	0	0	0	0	3	0	0	0	5	0	0	10	0	6	0	2	0	0	2	0	0	15	0	10	0	0	0	2	0
hsa-miR-142-5p	146	51	2063	50	1683	314	193	36	38	52	15870	196	58	102	1811	40	41	50	522	466	362	123	254	91	27	191	286	47	47	1374	33	24	147	223	119	85	28	96	424	855	209	109	11	96	28	64	78
hsa-miR-887-5p	0	0	0	0	0	0	2	0	0	0	0	0	0	0	0	0	0	0	0	0	0	0	0	0	0	0	0	0	0	0	0	0	0	0	0	0	0	0	0	0	0	0	0	0	0	0	0
hsa-miR-339-3p	0	0	20	2	12	3	10	0	5	2	139	0	0	2	56	0	0	0	0	3	0	4	8	2	0	0	0	0	0	0	0	0	0	0	0	0	0	2	3	0	0	33	0	0	0	0	0
hsa-miR-223-3p	5	5	57	0	6	11	0	0	0	0	48	0	4	0	32	2	0	4	9	19	13	3	0	0	0	0	20	0	8	0	2	5	9	0	0	4	0	0	16	12	5	3	0	0	0	0	0
hsa-miR-219a-5p	0	0	0	4	3	12	32	0	0	0	27	0	0	6	153	5	0	0	7	0	0	0	2	0	0	2	2	0	0	0	0	0	0	0	0	0	2	9	9	0	0	70	0	3	0	2	4
hsa-miR-34a-5p	3	2	0	0	5	15	58	0	0	0	42	0	0	10	168	0	0	0	0	0	2	0	3	4	0	5	0	0	6	31	3	4	5	0	0	0	0	0	0	8	0	113	3	0	2	0	0
ebv-miR-BART3-5p	0	0	0	0	2	0	0	0	0	0	0	0	0	0	0	0	0	0	0	0	0	0	0	0	0	0	0	0	0	0	0	0	0	0	0	0	0	0	2	0	0	0	0	0	0	2	0
hsa-miR-500a-3p	4	0	13	0	8	13	30	0	0	0	19	2	0	2	35	0	0	4	27	6	0	0	32	3	0	0	0	0	11	6	2	1	3	6	0	0	6	3	0	4	1	23	0	0	0	0	0
hsa-miR-1323	0	0	0	0	0	2	0	0	0	0	0	0	0	0	0	0	0	0	0	0	0	0	0	0	0	0	0	0	0	0	0	0	0	0	0	0	0	0	0	0	0	0	0	0	0	0	0
hsa-miR-497-5p	6	11	14	0	55	25	67	25	8	6	37	0	0	7	157	0	3	2	8	5	0	0	0	6	0	8	0	2	0	10	8	6	0	10	2	2	0	0	3	0	0	111	0	3	2	3	0
hsa-miR-136-5p	0	12	35	0	17	29	41	17	0	0	43	0	0	29	186	0	7	8	12	7	13	7	27	8	0	16	19	2	14	39	6	4	24	14	0	8	38	0	19	34	4	95	0	3	2	0	0
ebv-miR-BHRF1-2-3p	0	3	2	3	4	0	4	3	0	0	0	0	0	2	0	0	0	0	0	2	2	0	0	0	0	0	6	0	0	0	0	0	0	0	2	0	0	0	12	6	0	4	0	0	0	0	0
hsa-miR-129-1-3p	0	0	0	0	0	7	17	0	0	0	7	0	0	0	34	0	0	0	0	0	0	0	0	0	0	0	2	0	0	0	0	0	0	0	0	0	0	0	0	12	0	13	0	0	0	0	0
hsa-miR-449c-5p	0	0	0	0	0	0	0	0	0	0	0	0	0	0	0	0	0	0	0	0	0	0	0	0	0	0	0	0	0	0	0	0	8	0	0	0	0	0	0	0	0	2	0	0	0	0	0
hsa-miR-212-5p	0	0	0	0	0	0	0	0	0	0	0	0	0	0	7	0	0	0	0	0	0	0	0	0	0	0	0	0	0	0	0	0	0	0	0	0	0	0	0	0	0	5	0	0	0	0	0
hsa-miR-96-5p	0	0	0	0	0	0	0	0	0	0	0	0	0	0	4	0	0	0	0	0	0	0	0	0	0	0	0	0	0	0	0	0	0	0	0	0	0	0	0	0	0	0	0	0	0	0	0
hsa-miR-409-3p	6	3	0	0	9	58	154	0	0	0	81	0	0	19	427	0	0	0	0	0	0	10	10	15	6	2	0	0	0	0	11	2	0	3	3	0	0	2	6	0	0	313	6	7	8	0	0
hsa-miR-101-3p	303	252	1223	116	3100	1116	2521	280	108	56	4957	248	225	431	7876	88	159	374	264	179	231	570	781	292	158	228	736	23	216	1389	332	137	145	193	124	228	176	186	498	554	142	4655	88	158	133	83	452
hsa-miR-4492	0	0	0	0	0	0	0	0	0	0	0	0	0	0	0	0	0	0	0	0	0	0	8	0	0	0	0	0	0	0	0	0	0	0	0	0	2	0	0	0	0	0	0	0	0	0	0
hsa-miR-6503-5p	0	0	0	0	0	0	0	0	0	0	0	0	0	0	0	0	0	0	0	5	0	0	0	0	0	0	0	0	0	0	0	0	0	0	0	0	0	0	0	0	0	0	0	0	0	0	0
hsa-miR-4491	0	0	0	0	0	0	0	0	0	0	0	0	0	0	0	0	0	7	0	0	0	0	0	0	0	0	0	0	0	0	0	0	0	0	0	0	0	0	0	0	0	0	0	0	0	0	0
hsa-miR-654-3p	7	0	0	4	8	28	86	0	0	0	64	0	0	14	349	0	0	0	0	0	4	2	0	6	0	0	0	0	0	0	5	0	0	0	0	0	0	0	0	0	0	203	2	0	2	0	0
hsa-miR-3117-3p	0	0	0	0	0	0	2	0	0	0	2	0	0	0	5	0	0	0	0	0	0	0	0	0	0	0	0	0	0	0	0	0	0	0	0	0	0	0	0	0	0	2	0	0	0	0	0
hsa-miR-299-5p	0	0	0	0	0	0	2	0	0	0	0	0	0	0	6	0	0	0	0	0	0	0	0	0	0	0	0	0	0	0	0	0	0	0	0	0	0	0	0	0	0	0	0	0	0	0	0
hsa-miR-5699-5p	0	0	0	0	0	0	6	0	0	0	0	0	0	0	2	0	0	0	0	0	0	0	0	0	0	0	0	0	0	0	0	0	0	0	0	0	0	0	0	0	0	0	0	0	0	0	0
hsa-miR-183-5p	2	0	0	0	7	9	22	0	0	0	10	0	0	2	76	0	0	0	0	0	0	0	0	4	0	0	0	0	0	28	0	0	0	0	0	0	0	0	0	0	0	33	0	0	0	0	0
hsa-miR-346	0	0	0	0	0	0	4	0	0	0	4	0	0	0	12	0	0	0	0	0	0	0	0	2	0	0	0	0	0	0	0	0	0	0	0	0	0	0	0	0	0	14	0	0	0	0	0
hsa-miR-340-3p	0	0	0	0	0	2	9	0	0	0	8	0	0	0	36	0	0	0	0	0	3	0	0	0	0	0	0	0	0	0	0	0	0	0	0	0	0	0	0	0	0	17	0	0	2	0	0
hsa-miR-532-3p	0	0	0	0	0	0	0	0	0	0	7	0	0	0	2	0	0	0	0	0	0	0	0	0	0	0	0	0	0	0	0	0	0	0	0	0	3	0	0	12	0	2	0	0	0	0	0
hsa-miR-27a-3p	54	136	261	10	235	188	211	276	70	23	586	21	10	42	770	45	38	37	85	81	172	75	314	34	23	174	208	4	119	263	104	116	101	124	42	101	92	44	123	180	30	277	5	12	19	29	39
hsa-miR-10b-3p	0	0	0	0	13	0	0	0	0	0	0	0	0	0	0	0	0	0	0	0	2	0	0	0	0	0	0	0	0	0	0	0	0	0	0	0	0	0	0	0	0	0	0	0	0	0	0
hsa-miR-369-5p	2	0	0	0	0	11	21	0	0	0	11	0	3	7	58	0	0	7	0	0	0	0	2	0	0	0	0	0	0	0	0	0	0	0	0	0	0	0	0	0	0	43	2	0	0	0	0
hsa-miR-4486	0	0	0	0	0	0	0	2	0	0	2	0	0	0	0	2	4	0	0	0	0	0	0	0	0	0	0	0	0	0	0	0	0	0	0	0	0	0	0	9	0	0	0	0	0	0	0
hsa-miR-199a-3p	56	35	53	9	524	34	117	115	6	9	34	6	12	8	97	7	1	56	10	28	29	108	119	2	11	43	199	0	57	233	38	29	38	38	18	66	26	15	66	23	18	52	4	6	7	12	2
hsa-miR-374b-5p	2	0	0	0	0	10	21	0	0	0	31	0	0	4	81	0	0	8	0	10	7	6	0	3	0	0	0	0	0	10	3	2	0	0	0	0	0	0	0	0	0	41	0	0	2	4	0
hsa-miR-142-3p	0	0	63	0	29	3	16	0	0	0	208	10	0	0	79	0	0	0	27	5	6	0	3	11	5	22	8	0	0	28	0	2	0	0	4	0	4	0	20	26	0	11	0	4	0	0	0
hsa-miR-4707-3p	0	0	0	0	0	0	0	0	0	0	0	0	0	0	0	0	0	0	0	0	0	0	0	0	0	0	0	0	0	0	0	0	0	0	0	0	0	0	0	0	0	2	0	0	0	0	0
hsa-miR-26a-2-3p	0	0	0	0	0	0	3	0	0	0	0	0	0	0	3	0	0	0	0	0	0	0	0	0	0	0	0	0	0	0	0	0	0	0	0	0	0	0	0	0	0	2	0	0	0	0	0
hsa-miR-1233-3p	0	0	7	0	0	0	0	0	0	0	0	0	0	0	0	0	0	0	0	0	0	0	0	0	0	0	0	0	0	0	0	0	0	0	0	0	0	0	0	0	0	0	0	0	0	0	0
hsa-miR-3158-3p	0	0	0	0	26	0	0	0	0	0	0	0	0	0	0	0	0	0	0	2	0	0	0	0	0	0	0	0	0	13	0	0	0	0	0	0	0	0	0	0	0	0	0	0	0	0	0
hsa-miR-887-3p	0	0	0	2	0	4	8	0	0	0	4	0	0	0	20	0	0	0	0	0	0	0	0	0	0	0	0	0	0	0	0	0	0	0	0	0	0	0	0	0	0	14	0	0	0	0	0
hsa-miR-135a-5p	0	0	0	0	0	0	11	0	0	0	8	0	0	2	30	0	0	0	0	0	0	0	9	0	0	0	0	0	3	0	2	0	0	0	0	0	0	0	0	0	0	26	0	0	0	0	0
hsa-miR-410-3p	84	146	288	34	160	396	531	134	108	42	416	65	15	135	1783	25	127	131	212	55	76	67	190	60	40	227	250	10	89	188	110	59	176	131	26	168	943	63	113	295	34	1065	15	46	69	43	92
hsa-miR-34a-3p	0	0	0	0	0	0	0	0	0	0	0	0	0	0	2	0	0	0	0	0	0	0	0	0	0	0	0	0	0	0	0	0	0	0	0	0	0	0	10	0	0	0	0	0	0	0	0
hsa-miR-3613-5p	0	0	0	0	0	0	5	0	0	0	7	0	8	0	26	0	0	0	0	0	0	0	0	0	0	0	0	0	0	0	0	0	0	0	0	0	0	0	0	0	0	14	0	0	0	0	0
ebv-miR-BART3-3p	0	0	0	0	0	0	0	2	0	0	0	0	0	0	0	0	0	0	0	0	0	0	0	0	0	0	0	0	0	0	0	0	0	0	0	0	0	0	3	2	0	0	0	0	0	0	0
hsa-miR-181a-5p	2721	1873	5688	660	6551	18666	46594	1102	724	328	55348	1035	1059	9691	126276	584	1104	1574	1875	1290	1545	1224	2396	5172	1669	2313	2046	714	1418	4168	2565	835	1499	1377	872	818	848	1998	1951	3404	654	94971	1281	2275	2600	555	1216
hsa-miR-497-3p	0	0	0	0	0	0	0	0	0	0	0	0	0	0	2	0	0	0	0	0	0	0	0	0	0	0	0	0	0	0	0	0	0	0	0	0	0	0	0	0	0	0	0	0	0	0	0
hsa-miR-136-3p	13	10	9	0	21	112	219	11	4	0	150	0	0	39	758	0	0	15	0	6	5	9	6	17	12	0	22	4	5	32	14	7	13	7	10	0	2	7	13	0	0	458	8	14	15	3	2
hsa-miR-328-3p	16	5	26	0	18	17	35	0	0	0	39	0	0	3	113	0	0	7	0	0	4	3	9	0	0	0	0	0	0	0	0	0	4	0	0	0	0	0	0	0	0	88	2	0	2	0	0
Hsa-Mir-3085_3p	0	0	0	0	0	0	0	0	0	0	0	0	0	0	1	0	0	0	0	0	0	0	0	0	0	0	0	0	0	0	0	0	0	0	0	0	0	0	0	0	0	0	0	0	0	0	0
hsa-miR-381-3p	18	7	4	5	50	212	460	2	3	0	345	0	6	90	1687	0	0	15	3	3	3	3	3	42	6	0	14	2	21	0	37	2	5	2	0	7	7	10	0	8	0	1100	4	6	9	2	8
hsa-miR-212-3p	0	0	0	0	0	0	9	0	0	0	4	0	0	2	30	0	0	0	0	0	0	0	0	2	0	6	0	0	0	0	0	0	0	0	0	0	0	0	0	0	2	27	0	0	0	0	0
hsa-let-7f-5p	896	555	3680	594	3121	3119	6504	651	285	210	19737	777	773	1513	20710	275	365	1123	1419	1565	841	1449	1700	838	321	787	1983	378	752	4679	880	346	585	761	468	599	249	553	1252	2981	492	13920	273	575	395	283	969
hsa-miR-6503-3p	0	0	15	0	4	0	0	0	0	0	0	0	0	0	0	0	0	0	0	0	0	0	0	0	0	0	0	0	0	0	0	0	0	0	0	0	0	0	0	0	0	0	0	0	0	0	0
hsa-miR-4667-5p	0	3	0	0	0	0	0	0	0	0	0	0	0	0	0	0	0	0	0	0	0	0	0	0	0	0	0	0	0	0	0	0	0	0	0	0	0	0	0	0	0	0	0	0	0	0	0
hsa-miR-16-1-3p	0	0	0	0	4	0	0	0	0	0	0	0	0	0	0	0	0	0	0	0	0	0	0	0	0	0	0	0	0	0	0	0	0	0	0	0	0	0	0	0	0	0	0	0	0	0	0
hsa-miR-486-5p	1782	485	689	329	401803	1681	7965	489	258	132	5404	82	16346	1255	11981	992	3733	210	18874	4267	465	2430	3257	364	243	233	2215	680	224	101141	379	89	816	849	369	251	279	1228	15772	9528	1696	5142	139	143	152	267	8848
hsa-miR-299-3p	0	0	0	0	0	0	9	0	0	0	5	0	0	0	17	0	0	0	0	0	0	0	0	0	0	0	0	0	0	0	0	0	0	0	0	0	0	0	0	0	0	16	0	0	2	0	0
hsa-miR-5699-3p	0	0	0	0	0	0	2	0	0	0	0	0	0	0	2	0	0	0	0	0	0	0	0	0	0	0	0	0	0	0	0	0	0	0	0	0	0	0	0	0	0	0	0	0	0	0	0
hsa-miR-326	0	0	0	0	0	5	22	0	0	0	15	0	0	0	41	0	0	0	0	0	0	0	0	0	0	0	0	0	0	0	2	0	0	0	0	0	0	0	0	0	0	37	0	0	0	0	0
hsa-miR-375-3p	21	9	64	55	30	43	44	25	7	5	25	2	18	23	142	4	8	49	19	8	16	23	41	10	0	20	44	7	11	115	28	11	32	35	22	7	14	9	22	51	13	92	3	15	0	4	11
hsa-miR-369-3p	0	0	0	0	0	5	8	0	0	0	6	0	0	0	50	0	0	0	0	0	0	5	0	0	0	0	0	0	0	0	0	0	0	0	0	0	0	0	0	0	0	23	0	0	2	0	2
hsa-miR-4467	0	0	0	0	4	0	0	0	0	0	0	0	0	0	0	0	0	0	0	0	0	0	0	0	0	0	0	0	0	0	0	0	0	0	0	0	0	0	0	0	0	0	0	0	0	0	0
hsa-miR-1269a	0	0	0	0	0	0	0	0	3	0	0	0	0	0	0	0	0	0	0	0	0	0	0	0	0	0	0	0	0	0	0	0	0	0	0	0	0	0	0	0	0	0	0	6	0	0	0
hsa-miR-374b-3p	0	0	0	0	0	4	3	0	0	0	4	0	0	2	8	0	0	0	0	0	0	0	0	2	0	0	0	0	0	0	0	0	0	0	0	0	0	0	0	0	0	11	0	0	0	0	0
hsa-miR-20b-5p	0	0	0	0	0	0	3	0	0	0	0	0	0	0	11	0	0	0	0	0	0	0	0	0	0	0	0	0	0	0	0	0	0	0	0	0	0	0	0	0	0	3	0	0	0	0	0
hsa-miR-146b-5p	128	59	924	41	226	523	1044	29	35	10	3688	63	78	250	3344	21	34	30	234	187	253	56	85	158	70	102	109	59	63	266	57	18	48	105	116	8	13	66	154	833	43	1850	43	104	96	46	86
ebv-miR-BHRF1-3	0	0	0	0	0	0	0	0	0	0	0	0	0	2	0	0	0	0	0	0	0	0	0	2	0	0	2	0	0	0	0	0	0	0	0	0	0	0	4	0	2	0	0	0	0	0	0
ebv-miR-BHRF1-1	7	7	25	13	2	11	12	26	42	2	0	3	8	21	4	2	10	10	0	7	23	13	3	17	5	10	21	29	13	12	4	2	0	2	6	4	2	9	51	50	0	17	12	15	7	30	22
hsa-miR-548av-3p	0	0	0	0	0	0	0	0	0	0	0	0	0	0	3	0	0	0	0	0	0	0	0	0	0	0	0	0	0	0	0	0	0	0	0	0	0	0	0	0	0	0	0	0	0	0	0
hsa-miR-10401-3p	0	0	0	0	0	0	0	0	0	0	6	0	0	0	0	0	0	0	0	0	0	0	0	0	0	0	0	0	0	0	0	0	0	0	0	0	0	0	0	0	0	0	0	0	0	0	0
hsa-miR-181a-3p	21	0	34	0	26	91	165	50	5	2	234	2	3	36	641	0	13	6	0	10	0	14	0	18	10	13	17	0	16	12	11	6	18	14	14	6	6	10	19	50	0	392	4	13	9	4	6
hsa-miR-876-3p	0	0	0	0	0	0	0	0	0	0	0	0	0	0	2	0	0	0	0	0	0	6	0	0	0	0	0	0	0	0	0	0	0	0	0	0	0	0	0	0	0	0	0	0	0	0	0
hsa-let-7f-1-3p	0	0	0	0	0	0	0	0	0	0	0	0	0	0	2	0	0	0	0	0	0	0	0	0	0	0	0	0	0	0	0	0	0	0	0	0	0	0	0	0	0	0	0	0	0	0	0
hsa-miR-487b-3p	0	0	0	0	0	18	28	0	0	0	26	0	0	9	146	0	0	0	0	0	0	0	0	2	0	0	0	0	0	0	2	0	0	0	0	0	0	0	0	0	0	82	0	2	0	0	0
hsa-let-7a-5p	794	305	2323	356	3321	4997	11206	514	194	75	14871	385	439	2071	34626	175	284	735	554	605	436	971	1048	1256	435	535	1103	262	564	2397	817	227	364	458	411	379	79	514	757	1504	213	24377	313	559	664	182	558
hsa-miR-7706	0	0	0	0	25	8	2	0	4	0	15	7	0	2	15	0	0	0	0	9	10	7	6	0	0	0	6	0	9	0	0	0	0	0	0	11	0	0	0	26	0	2	0	3	0	0	0
hsa-miR-7705	0	0	0	0	0	0	0	0	0	0	2	0	0	0	0	0	0	0	0	0	0	0	0	0	0	0	0	0	0	0	0	0	0	0	0	0	0	0	0	0	0	0	0	0	0	0	0
hsa-miR-7704	0	0	3	0	8	0	6	0	0	0	18	8	0	0	4	0	0	0	0	0	0	0	0	0	0	0	0	0	0	14	0	0	0	0	0	0	0	0	0	0	0	3	0	0	0	0	0
hsa-miR-486-3p	0	0	8	0	186	7	2	0	0	0	8	0	3	0	20	0	0	6	6	5	0	4	0	0	0	0	0	0	0	35	2	0	6	7	0	0	0	0	16	0	0	0	0	0	0	0	0
hsa-miR-3136-5p	0	0	0	0	3	0	0	0	0	0	0	0	0	0	0	0	0	0	0	0	0	0	0	0	0	0	0	0	0	0	0	0	0	0	0	0	0	0	0	0	0	0	0	0	0	0	0
hsa-miR-504-5p	0	0	0	0	0	0	2	0	0	0	3	0	0	0	31	0	0	0	0	0	0	0	0	0	0	0	0	0	0	0	0	0	0	0	0	0	0	0	0	0	0	12	0	0	0	0	0
hsa-miR-370-3p	2	0	0	0	0	5	21	0	0	0	14	0	0	0	63	0	0	0	0	0	0	0	0	0	0	0	0	0	0	0	0	0	0	0	0	0	0	0	0	0	0	27	0	0	0	0	0
hsa-miR-509-3p	0	0	0	0	0	0	0	0	0	0	2	0	0	0	0	0	0	0	0	0	8	0	0	0	0	0	0	0	0	0	0	0	0	0	0	0	0	0	0	0	0	0	0	0	0	2	0
hsa-miR-665	0	0	0	0	0	2	0	0	0	0	2	0	0	0	0	0	0	0	0	0	0	0	0	0	0	0	0	0	0	0	0	0	0	0	0	0	0	0	0	0	0	0	0	0	0	0	0
hsa-miR-1298-5p	125	117	174	121	69	234	124	46	36	37	50	24	63	167	483	74	76	288	112	111	142	230	327	42	51	204	188	33	181	447	191	32	79	159	35	156	79	45	148	466	40	138	36	104	9	49	54
hsa-miR-4732-5p	0	0	0	0	4	0	0	0	0	0	0	0	0	0	0	0	0	0	0	0	0	0	0	0	0	0	0	0	0	0	0	0	0	0	0	0	0	0	0	0	0	0	0	0	0	0	0
hsa-miR-1197	0	0	0	0	0	0	4	0	0	0	3	0	0	0	5	0	0	0	0	0	0	0	0	0	0	0	0	0	0	0	0	0	0	0	0	0	0	0	0	0	0	5	0	0	0	0	0
hsa-miR-4443	0	0	0	0	0	0	4	0	0	0	0	0	0	0	7	0	0	0	0	0	0	0	0	0	0	0	0	0	0	0	0	0	0	0	0	0	0	0	0	0	0	2	0	0	0	0	0
hsa-miR-146b-3p	2	0	46	7	2	5	6	0	0	2	180	0	0	0	37	0	0	0	0	0	0	4	6	0	0	10	32	4	0	0	0	2	0	0	4	4	0	2	0	12	0	18	0	3	0	0	5
hsa-miR-4726-5p	0	0	0	0	0	0	0	0	0	0	2	0	0	0	0	0	0	0	0	0	0	0	0	0	0	0	0	0	0	0	0	0	0	0	0	0	0	0	0	0	0	0	0	0	0	0	0
hsa-miR-155-5p	217	211	346	217	174	200	288	280	389	60	1297	184	94	351	861	125	121	187	192	172	267	134	229	157	99	222	362	267	214	303	87	100	87	159	116	103	398	118	557	762	51	210	125	200	94	163	260
hsa-let-7a-3p	0	0	0	0	4	2	8	11	0	0	2	0	0	0	13	0	0	0	0	0	0	12	0	0	0	0	7	0	0	0	0	0	0	0	0	0	0	0	0	0	0	12	0	0	0	0	0
hsa-miR-539-5p	0	0	0	0	0	0	5	0	0	0	2	0	0	0	10	0	0	0	0	0	0	0	0	0	0	0	0	0	0	0	0	0	0	0	0	0	0	0	0	0	0	6	0	0	0	0	0
hsa-miR-4435	0	0	0	0	9	0	0	0	0	0	0	0	0	0	0	0	0	0	0	0	0	0	0	0	0	0	0	0	0	0	0	0	0	0	0	0	0	0	0	0	0	0	0	0	0	0	0
hsa-miR-423-5p	511	341	2388	241	8474	511	1021	1077	204	184	1834	368	566	765	2265	394	360	405	972	836	976	1182	1682	481	300	712	1183	222	821	3241	424	321	691	709	438	434	293	280	1219	1705	278	387	101	206	73	284	456
hsa-miR-4791	0	0	0	0	0	0	0	0	0	0	2	0	0	0	0	0	0	0	0	0	0	0	0	0	0	0	0	0	0	0	0	0	0	0	0	0	0	0	0	0	0	0	0	0	0	0	0
hsa-miR-520a-5p	0	0	0	0	0	0	0	0	0	0	0	0	0	0	0	0	0	0	0	0	0	0	6	0	0	0	0	0	0	0	0	0	0	0	0	0	0	0	0	0	0	0	0	0	0	0	0
hsa-miR-22-5p	0	0	20	0	12	2	4	0	0	0	12	0	0	0	15	0	0	0	0	0	0	0	0	2	0	3	0	0	0	0	7	0	9	0	0	0	0	0	0	0	0	9	0	0	0	0	0
hsa-miR-149-5p	7	0	5	0	4	59	126	0	3	0	85	0	0	16	437	0	0	0	0	0	0	0	2	12	0	2	0	0	0	0	9	2	0	0	0	9	0	4	0	2	0	249	7	4	13	0	0
hsa-miR-1298-3p	2	3	0	14	2	12	27	0	0	0	2	0	0	0	28	0	4	11	23	0	6	13	26	0	0	22	2	4	5	31	14	0	2	0	0	16	0	2	0	43	0	26	0	5	0	13	4
hsa-miR-641	0	0	0	0	0	0	0	0	0	0	0	0	0	0	6	0	0	0	0	0	0	0	0	0	0	0	0	0	0	0	0	0	0	0	0	0	0	0	0	0	0	0	0	0	0	0	0
hsa-miR-6516-5p	0	0	0	0	0	0	0	0	0	0	0	0	0	0	0	0	0	0	0	0	0	0	0	0	0	0	0	0	0	0	0	0	0	0	0	0	0	0	0	0	0	2	0	0	0	0	0
hsa-miR-4732-3p	0	0	0	0	179	0	6	0	0	0	0	0	2	0	0	0	0	0	12	3	0	7	0	0	0	0	0	0	0	27	0	0	0	0	0	0	0	0	0	12	0	0	0	0	0	0	9
hsa-miR-16-5p	244	93	836	27	10377	424	1272	45	43	20	4368	80	386	203	3375	98	74	75	720	425	285	224	351	137	98	104	299	11	39	5970	131	56	159	208	79	71	52	175	768	683	186	1696	52	60	67	40	86
hsa-miR-1179	0	0	0	0	0	0	0	0	0	0	0	0	0	0	6	0	0	0	0	0	0	0	0	0	0	0	0	0	0	0	0	0	0	0	0	0	0	0	0	0	0	0	0	0	0	0	0
hsa-miR-4424	0	0	0	0	0	0	0	0	0	0	0	0	0	0	2	0	0	0	0	0	0	0	0	0	0	0	0	0	0	0	0	0	0	0	0	0	0	0	0	0	0	0	0	0	0	0	0
hsa-miR-1287-5p	0	0	5	0	0	0	0	0	0	0	0	4	0	0	0	0	0	0	0	3	0	0	0	0	0	0	0	0	0	0	0	0	0	0	0	0	0	0	0	0	0	0	0	0	0	3	0
hsa-miR-6842-3p	0	0	0	0	0	0	2	0	0	0	3	0	0	0	9	0	0	0	0	0	0	0	0	0	0	6	0	0	0	0	0	0	0	0	0	0	0	0	0	0	0	6	0	0	0	0	0
hsa-miR-376a-5p	0	0	0	0	0	3	0	0	0	0	5	0	0	0	5	0	0	0	0	0	0	0	0	0	0	0	0	0	0	0	0	0	0	0	0	0	0	0	0	0	0	4	0	0	0	0	0
hsa-miR-636	0	0	0	0	11	0	5	0	0	0	0	0	0	0	0	0	0	0	8	0	0	0	0	0	0	0	0	0	0	0	0	0	0	0	0	0	0	0	0	0	0	0	0	0	0	0	0
kshv-miR-K12-1-5p	0	0	0	0	0	0	0	0	0	0	0	2	0	0	0	0	0	0	0	0	0	0	3	0	0	5	0	0	0	0	0	0	0	0	0	0	25	0	0	0	2	0	0	0	0	0	0
hsa-miR-30b-5p	15	4	0	5	17	294	427	25	3	0	464	3	0	81	1495	0	0	14	3	3	10	33	14	30	19	9	23	0	6	16	20	2	0	6	0	11	0	15	11	0	7	810	17	11	37	4	9
hsa-miR-150-5p	95	4	1632	14	78	529	73	13	4	57	34041	270	5	21	1386	11	10	8	339	396	184	26	47	68	15	99	100	42	31	449	8	13	72	115	130	23	42	65	112	736	194	38	0	83	3	30	42
hsa-miR-342-5p	23	0	122	0	7	10	0	0	0	3	190	9	10	0	29	6	0	7	26	27	18	0	7	4	0	9	7	6	6	10	0	0	4	0	2	0	0	0	4	25	9	4	0	0	0	0	0
hsa-miR-3690	0	0	7	0	0	0	0	0	0	0	0	0	0	0	0	0	0	0	0	0	0	0	0	0	0	0	0	0	0	0	0	0	0	0	0	0	0	0	0	0	0	0	0	0	0	0	0
hsa-miR-539-3p	0	0	0	0	0	7	24	0	0	0	16	0	0	0	58	0	0	0	0	0	0	0	0	0	0	0	0	0	0	0	0	0	0	0	0	0	0	0	0	0	0	38	0	0	0	0	0
hsa-miR-423-3p	23	20	145	4	188	68	165	58	21	5	436	25	7	44	331	5	0	24	56	31	48	77	58	23	7	14	108	7	18	76	19	14	22	25	0	20	11	12	45	87	10	307	6	15	7	4	38
hsa-miR-615-3p	0	0	0	0	0	0	0	0	0	0	0	0	0	0	0	0	0	0	0	0	0	0	5	0	0	0	0	0	0	0	0	0	0	0	0	0	0	0	0	0	0	0	0	0	0	0	0
hsa-miR-22-3p	1046	865	2761	330	9700	2111	4036	2837	556	318	5136	397	544	1462	9269	686	535	1121	1116	957	1483	2296	3169	902	485	1558	2381	195	1461	6286	1116	829	1114	1026	584	1071	562	652	2829	2211	513	4894	218	399	369	364	554
hsa-miR-144-5p	0	0	0	0	243	5	29	0	0	0	24	0	2	0	41	0	0	10	39	15	0	0	0	0	0	0	4	0	0	328	0	0	0	0	0	0	0	0	12	8	5	34	0	0	0	0	3
hsa-miR-889-5p	0	0	0	0	0	0	0	0	0	0	0	0	0	0	0	0	0	0	0	0	0	0	0	0	0	0	0	0	0	0	0	0	0	0	0	0	0	0	0	0	0	2	0	0	0	0	0
hsa-miR-412-5p	0	0	0	0	0	0	2	0	0	0	0	0	0	0	0	0	2	7	0	0	0	0	0	0	0	0	0	0	0	0	0	0	0	0	0	0	0	0	0	0	0	2	0	0	0	0	0
hsa-miR-15a-5p	30	14	45	0	1454	56	96	15	6	0	778	10	9	28	331	15	7	15	48	17	15	29	31	20	14	13	36	0	8	702	5	15	30	38	6	34	17	24	41	32	22	194	0	8	9	3	11
hsa-miR-34c-5p	118	55	68	47	67	159	141	31	19	44	75	6	74	57	476	28	54	160	34	70	103	126	400	23	58	126	71	3	116	337	85	29	60	72	40	93	26	39	144	242	7	197	15	53	18	37	9
hsa-miR-3622a-5p	0	0	0	0	0	3	0	0	0	0	0	0	0	0	0	0	0	0	0	0	0	0	0	0	0	0	0	0	0	0	0	0	0	0	0	0	0	0	0	0	0	0	0	0	0	0	0
hsa-miR-208b-3p	0	0	0	0	0	0	0	0	0	0	4	0	0	0	3	0	0	0	0	0	0	0	0	0	0	0	0	0	0	6	0	0	0	0	0	0	0	0	16	0	0	0	0	0	0	0	0
hsa-miR-23b-3p	36	10	15	0	12	215	464	1	3	5	398	0	0	76	1398	2	7	19	0	0	2	12	18	31	15	25	24	0	2	4	34	18	13	12	5	5	0	15	0	26	0	801	15	7	19	5	3
hsa-miR-138-5p	5	2	0	0	0	46	79	3	0	0	78	0	0	21	306	0	0	2	0	0	0	0	3	6	2	3	0	2	0	0	4	0	0	0	0	0	0	0	0	2	0	199	7	7	14	0	0
hsa-miR-191-5p	199	138	1165	91	524	1103	2051	147	79	32	2140	46	153	374	5997	77	47	108	286	219	267	154	453	224	125	196	336	88	111	638	201	53	94	82	168	74	44	82	324	365	81	3458	92	163	201	58	101
hsa-miR-184	0	0	3	0	2	18	26	15	0	0	16	4	3	8	108	2	0	0	0	0	4	0	0	2	0	0	8	0	0	0	2	0	0	4	0	0	0	0	3	9	0	59	0	0	0	0	6
hsa-miR-4767	0	0	0	0	0	0	4	0	0	0	0	0	0	0	0	0	0	0	0	0	0	0	0	0	0	0	0	0	0	0	0	0	0	0	0	0	0	0	0	0	0	0	0	0	0	0	0
hsa-miR-383-5p	3	0	0	0	0	9	26	0	0	0	9	0	0	2	59	0	0	0	0	0	0	0	0	0	0	0	0	0	0	8	0	0	0	0	0	0	0	0	0	0	0	58	0	3	3	0	0
