name	SRX3313436	SRX3313437	SRX3313434	SRX3313435	SRX3313432	SRX3313433	SRX3313430	SRX3313431	SRX3313454	SRX3313455	SRX3313456	SRX3313457	SRX3313443	SRX3313441	SRX3313438	SRX3313439	SRX3313440	SRX3313447	SRX3313446	SRX3313445	SRX3313442	SRX3313444	SRX3313425	SRX3313424	SRX3313427	SRX3313426	SRX3313421	SRX3313420	SRX3313423	SRX3313422	SRX3313450	SRX3313449	SRX3313448	SRX3313429	SRX3313428	SRX3313451	SRX3313452	SRX3313453	SRX3313418	SRX3313419	SRX3313458	SRX3313412	SRX3313413	SRX3313414	SRX3313415	SRX3313416	SRX3313417
lincRNA#sense	24.59	29.62	56.13	48.24	36.65	39.28	16.99	48.05	55.47	54.2	43.27	57.65	12.96	48.23	25.98	44.73	58.71	65.91	58.46	50.03	28.01	41.53	50.96	32.25	33.45	53.24	58.31	32.74	45.19	32.87	45.4	54.56	48.81	49.88	35.47	62.84	60.59	54.92	36.51	55.26	56.16	13.9	20.91	33.18	56.44	46.49	52.26	2067.2800000000007
lncRNA#antisense	9.93	6.6	19.5	13.74	17.1	42.1	7.79	29.35	25.37	32.22	9.54	26.73	4.37	11.67	9.41	13.32	13.26	16.88	16.17	13.95	14.91	14.4	19.88	13.1	21.22	24.87	20.12	11.61	26.37	20.28	33.47	20.35	29.27	23.79	13.52	21.86	10.9	27.14	28.7	21.53	24.13	3.38	8.41	16.3	19.61	25.48	12.31	865.9099999999999
un-assigned	35.34071475266126	31.150153189626874	9.088571081557053	19.003851955863798	8.166004112221179	5.6377731349694225	12.959718341597643	11.713043304143529	7.316240060253504	5.815186133321304	4.143140746501301	6.794484551026745	41.06386334148142	17.2349561245342	11.724147394642777	25.53700515126505	12.978660452620417	6.428484300405897	11.830880267143382	19.394658929368653	34.32321810739995	20.17258277722225	12.014252035881288	27.82832556428971	24.457861566021062	8.71442358810082	7.198950541424803	32.61064189589264	14.559422684094791	24.729983522673535	9.702037569302554	13.266445533046094	10.091620436812672	12.393901512915054	27.606774764740944	5.969762392491823	8.553566959088318	7.163461538461538	16.570817448954134	9.877634205026459	7.540724705593517	20.692842324189666	36.95290199809705	28.932236584410497	9.753474988355034	14.170757002795552	14.276555411929012	763.4467149844161
mature#sense	7.44	13.93	2.79	5.0	27.17	2.37	24.89	1.47	1.42	0.78	23.91	1.83	15.43	6.14	22.64	3.41	3.23	2.05	2.2	3.7	7.05	6.98	3.93	9.49	6.37	1.97	1.74	5.51	2.23	7.78	2.27	1.33	1.68	2.01	7.46	0.9	2.15	2.21	5.1	2.54	1.84	31.18	7.23	6.24	3.61	1.59	6.15	310.34
tRNA#sense	8.5	3.84	1.23	2.31	1.52	1.75	21.53	0.41	0.25	0.14	6.68	0.33	11.54	5.28	14.27	1.68	1.46	1.18	0.28	1.11	2.27	4.84	1.54	4.02	2.36	0.25	1.51	3.49	0.44	1.61	0.96	0.32	0.31	0.63	1.67	0.13	0.12	0.71	0.86	0.88	0.58	14.67	8.96	2.14	1.51	0.4	4.64	147.10999999999996
otherRNA#sense	1.82	2.82	3.52	2.11	2.62	3.16	1.85	2.51	3.9	1.7	2.0	1.09	0.64	2.31	3.55	2.89	3.02	1.81	2.95	2.39	2.46	2.41	3.69	2.31	2.38	4.31	4.19	1.5	3.86	3.25	1.98	2.44	3.42	3.37	2.91	2.7	4.96	2.14	4.25	2.96	2.6	0.92	1.46	2.01	2.99	4.03	2.0	126.16
protein_coding#sense	2.17	2.23	1.77	1.87	2.12	1.47	0.91	2.2	1.16	1.01	0.76	0.72	2.73	1.68	1.25	1.62	1.18	0.96	1.78	2.71	1.57	1.91	1.51	1.61	1.84	1.7	1.71	1.36	1.68	4.31	1.44	2.38	1.29	2.21	1.89	1.12	1.09	1.1	2.27	1.52	1.11	1.08	0.83	2.46	1.36	2.41	1.2	78.25999999999999
Y_RNA #sense	2.97	2.31	0.39	1.51	0.87	0.23	1.93	0.41	0.15	0.21	0.69	0.31	5.8	1.73	1.88	2.02	1.26	0.79	0.24	1.83	2.71	1.69	1.35	2.1	2.76	0.33	0.57	3.56	0.77	1.24	0.23	0.31	0.36	0.81	2.34	0.13	0.12	0.88	0.77	0.49	0.38	2.13	7.73	3.8	0.59	0.87	0.84	67.39000000000003
lncRNA#sense	1.06	1.99	1.42	1.73	1.06	1.25	0.98	1.13	1.77	1.25	1.12	1.39	0.6	1.31	1.32	1.24	1.6	1.45	1.57	1.27	1.18	1.32	1.47	1.31	1.25	1.61	1.4	1.42	1.37	1.08	1.44	1.56	1.67	1.38	1.51	1.59	4.09	1.27	1.52	1.44	1.71	0.71	0.69	1.1	1.26	1.4	1.52	65.78
antisense_RNA#sense	2.24	2.17	0.94	1.22	0.92	0.81	4.31	0.64	0.86	0.69	1.64	1.2	1.78	1.68	2.83	0.98	1.24	0.98	0.92	0.9	0.84	1.85	1.15	1.56	0.91	0.9	1.19	1.16	0.84	0.81	0.88	0.91	0.83	0.9	1.3	0.8	3.09	0.7	0.88	0.91	0.99	3.08	2.05	0.95	0.94	1.0	1.8	62.16999999999999
rRNA#sense	1.52	0.84	0.91	0.95	0.42	0.27	1.92	0.32	0.38	0.24	2.88	0.35	1.46	0.77	1.61	0.83	0.57	0.21	1.07	0.55	1.94	0.85	0.55	1.31	0.95	0.29	0.35	2.47	0.76	0.47	0.3	0.4	0.47	0.46	1.67	0.15	0.12	0.24	0.65	0.63	0.36	3.77	2.9	0.94	0.46	0.39	0.99	42.910000000000004
lincRNA#antisense	0.66	0.47	0.46	0.41	0.33	0.4	0.82	0.33	0.7	0.67	0.55	0.47	0.32	0.5	0.77	0.47	0.38	0.44	0.89	0.47	0.64	0.54	0.39	0.46	0.32	0.39	0.37	0.45	0.44	0.3	0.65	0.72	0.58	0.4	0.39	0.64	1.14	0.55	0.38	0.4	1.0	0.88	0.41	0.33	0.27	0.38	0.4	24.329999999999995
protein_coding#antisense	0.47	0.42	0.3	0.39	0.21	0.24	0.37	0.31	0.34	0.3	0.21	0.28	0.34	0.37	0.28	0.39	0.26	0.26	0.4	0.42	0.44	0.43	0.36	0.56	0.43	0.32	0.28	0.44	0.36	0.32	0.39	0.44	0.34	0.39	0.47	0.33	0.66	0.28	0.34	0.29	0.42	0.52	0.43	0.43	0.26	0.33	0.33	17.149999999999995
processed_transcript#sense	0.1	0.12	0.4	0.47	0.25	0.3	0.19	0.51	0.11	0.1	0.1	0.1	0.06	0.13	0.12	0.12	0.13	0.08	0.18	0.14	0.1	0.14	0.38	0.49	0.38	0.32	0.34	0.3	0.33	0.24	0.11	0.12	0.09	0.54	0.37	0.13	0.43	0.08	0.25	0.39	0.17	0.21	0.15	0.29	0.35	0.34	0.34	11.090000000000002
antisense_RNA#antisense	0.15	0.13	0.15	0.13	0.1	0.17	0.28	0.13	0.24	0.25	0.34	0.14	0.06	0.13	0.3	0.17	0.14	0.14	0.25	0.19	0.13	0.19	0.17	0.18	0.11	0.17	0.19	0.1	0.16	0.11	0.21	0.27	0.19	0.17	0.12	0.25	0.49	0.19	0.14	0.14	0.29	0.38	0.15	0.15	0.12	0.15	0.14	8.65
mature#antisense	0.24	0.74	0.08	0.17	0.06	0.06	0.3	0.07	0.09	0.03	0.08	0.04	0.08	0.14	0.28	0.13	0.1	0.12	0.07	0.09	0.23	0.19	0.15	0.21	0.18	0.15	0.1	0.14	0.12	0.11	0.09	0.08	0.14	0.12	0.23	0.08	0.36	0.08	0.22	0.11	0.08	0.11	0.05	0.16	0.06	0.09	0.08	6.690000000000001
retained_intron#sense	0.11	0.09	0.17	0.18	0.11	0.15	0.16	0.18	0.08	0.07	0.14	0.08	0.07	0.09	0.15	0.08	0.1	0.05	0.15	0.1	0.15	0.09	0.15	0.19	0.16	0.14	0.12	0.16	0.16	0.12	0.09	0.09	0.1	0.18	0.16	0.08	0.14	0.07	0.17	0.15	0.09	0.2	0.09	0.13	0.12	0.14	0.15	5.9
Mt_tRNA#sense	0.08	0.01	0.25	0.06	0.05	0.04	0.53	0.01	0.02	0.02	0.67	0.05	0.09	0.1	0.54	0.01	0.01	0.01	0.05	0.16	0.27	0.03	0.0	0.18	0.03	0.0	0.01	0.27	0.02	0.06	0.01	0.0	0.02	0.01	0.18	0.0	0.0	0.02	0.05	0.1	0.05	0.45	0.09	0.06	0.03	0.01	0.04	4.749999999999998
snoRNA#sense	0.07	0.01	0.15	0.03	0.01	0.03	0.44	0.0	0.01	0.01	0.61	0.06	0.08	0.07	0.41	0.01	0.01	0.0	0.04	0.14	0.21	0.01	0.0	0.19	0.03	0.0	0.01	0.13	0.01	0.02	0.0	0.01	0.01	0.01	0.19	0.0	0.0	0.01	0.03	0.06	0.04	0.54	0.04	0.03	0.03	0.02	0.07	3.8899999999999975
processed_transcript#antisense	0.05	0.13	0.07	0.11	0.05	0.05	0.06	0.03	0.07	0.04	0.07	0.08	0.02	0.05	0.07	0.04	0.09	0.05	0.08	0.05	0.05	0.05	0.05	0.06	0.04	0.06	0.06	0.08	0.05	0.03	0.05	0.06	0.06	0.04	0.07	0.06	0.29	0.04	0.05	0.07	0.07	0.11	0.05	0.05	0.04	0.05	0.11	3.0599999999999996
retained_intron#antisense	0.08	0.07	0.05	0.07	0.04	0.04	0.07	0.05	0.05	0.05	0.03	0.05	0.03	0.06	0.05	0.06	0.05	0.04	0.09	0.06	0.08	0.06	0.06	0.11	0.08	0.05	0.04	0.07	0.06	0.05	0.06	0.07	0.06	0.07	0.08	0.05	0.12	0.04	0.06	0.05	0.07	0.19	0.07	0.05	0.03	0.05	0.05	2.92
nonsense_mediated_decay#antisense	0.06	0.04	0.04	0.05	0.03	0.05	0.06	0.05	0.06	0.06	0.03	0.06	0.03	0.06	0.03	0.05	0.03	0.04	0.05	0.07	0.04	0.06	0.06	0.09	0.06	0.05	0.05	0.07	0.06	0.05	0.08	0.08	0.05	0.06	0.06	0.06	0.14	0.05	0.05	0.04	0.08	0.06	0.04	0.05	0.05	0.06	0.05	2.6000000000000005
sense_intronic#sense	0.07	0.04	0.03	0.04	0.03	0.03	0.23	0.02	0.02	0.02	0.07	0.02	0.1	0.07	0.13	0.02	0.03	0.02	0.04	0.03	0.03	0.05	0.04	0.05	0.04	0.03	0.02	0.02	0.02	0.01	0.02	0.03	0.02	0.03	0.03	0.03	0.07	0.02	0.03	0.02	0.04	0.21	0.04	0.03	0.02	0.02	0.05	2.0800000000000005
nonsense_mediated_decay#sense	0.05	0.03	0.02	0.03	0.02	0.02	0.03	0.02	0.03	0.03	0.01	0.03	0.03	0.03	0.03	0.04	0.02	0.02	0.04	0.03	0.09	0.03	0.03	0.12	0.06	0.04	0.02	0.03	0.03	0.04	0.05	0.04	0.03	0.03	0.06	0.03	0.07	0.02	0.03	0.02	0.04	0.04	0.08	0.05	0.02	0.03	0.02	1.7100000000000009
snRNA#sense	0.04	0.04	0.01	0.03	0.01	0.01	0.05	0.01	0.0	0.0	0.14	0.01	0.09	0.03	0.05	0.03	0.02	0.01	0.01	0.02	0.06	0.04	0.02	0.06	0.03	0.01	0.01	0.11	0.01	0.01	0.01	0.01	0.01	0.01	0.07	0.0	0.01	0.0	0.02	0.02	0.01	0.07	0.03	0.03	0.01	0.01	0.03	1.3200000000000005
processed_pseudogene#antisense	0.05	0.01	0.02	0.02	0.01	0.01	0.06	0.01	0.01	0.01	0.04	0.0	0.02	0.02	0.05	0.03	0.01	0.01	0.02	0.01	0.03	0.03	0.02	0.01	0.01	0.01	0.01	0.03	0.04	0.02	0.01	0.02	0.01	0.01	0.03	0.01	0.01	0.01	0.01	0.01	0.01	0.12	0.03	0.02	0.01	0.01	0.02	0.9800000000000004
misc_RNA#sense	0.02	0.01	0.01	0.01	0.01	0.01	0.06	0.01	0.01	0.0	0.03	0.01	0.02	0.02	0.04	0.01	0.01	0.01	0.01	0.01	0.03	0.01	0.01	0.02	0.03	0.0	0.01	0.01	0.01	0.01	0.01	0.01	0.01	0.01	0.01	0.01	0.02	0.01	0.0	0.01	0.01	0.06	0.02	0.01	0.0	0.01	0.01	0.6800000000000004
processed_pseudogene#sense	0.02	0.01	0.01	0.01	0.01	0.01	0.01	0.01	0.01	0.02	0.0	0.01	0.1	0.01	0.01	0.01	0.04	0.01	0.02	0.05	0.01	0.01	0.01	0.01	0.01	0.01	0.01	0.0	0.01	0.02	0.01	0.02	0.01	0.01	0.01	0.01	0.03	0.01	0.01	0.0	0.01	0.01	0.01	0.01	0.01	0.01	0.0	0.6600000000000003
miRNA#sense	0.01	0.02	0.01	0.01	0.02	0.01	0.03	0.01	0.01	0.01	0.04	0.01	0.01	0.01	0.04	0.01	0.01	0.01	0.01	0.01	0.01	0.01	0.01	0.01	0.01	0.01	0.01	0.01	0.01	0.01	0.01	0.01	0.01	0.01	0.01	0.01	0.02	0.01	0.01	0.01	0.01	0.05	0.01	0.01	0.01	0.01	0.01	0.6200000000000003
Mt_rRNA#sense	0.02	0.0	0.0	0.0	0.0	0.01	0.1	0.0	0.01	0.0	0.07	0.01	0.01	0.01	0.08	0.01	0.0	0.0	0.0	0.01	0.02	0.01	0.0	0.02	0.0	0.0	0.0	0.02	0.0	0.0	0.0	0.0	0.0	0.0	0.02	0.0	0.0	0.0	0.01	0.01	0.0	0.11	0.02	0.01	0.01	0.0	0.01	0.6100000000000002
sense_intronic#antisense	0.01	0.01	0.01	0.01	0.0	0.0	0.01	0.0	0.01	0.02	0.01	0.03	0.0	0.01	0.01	0.01	0.01	0.01	0.02	0.02	0.0	0.01	0.01	0.02	0.01	0.01	0.0	0.0	0.0	0.0	0.02	0.02	0.01	0.02	0.01	0.02	0.08	0.01	0.01	0.01	0.04	0.01	0.01	0.0	0.0	0.01	0.01	0.5600000000000003
sense_overlapping#sense	0.0	0.01	0.01	0.01	0.01	0.0	0.02	0.0	0.01	0.01	0.01	0.01	0.0	0.01	0.02	0.01	0.01	0.0	0.02	0.01	0.01	0.0	0.0	0.01	0.01	0.0	0.0	0.0	0.01	0.0	0.01	0.01	0.01	0.01	0.01	0.01	0.04	0.0	0.01	0.01	0.02	0.03	0.01	0.0	0.0	0.0	0.01	0.41000000000000014
piRNA#sense	0.01	0.0	0.02	0.0	0.0	0.0	0.02	0.0	0.0	0.0	0.04	0.01	0.01	0.01	0.02	0.0	0.0	0.0	0.01	0.01	0.02	0.01	0.0	0.02	0.0	0.0	0.0	0.02	0.01	0.0	0.0	0.0	0.0	0.0	0.02	0.0	0.0	0.0	0.0	0.01	0.01	0.03	0.01	0.01	0.0	0.0	0.02	0.3500000000000001
otherRNA#antisense	0.01	0.01	0.01	0.01	0.0	0.0	0.0	0.0	0.01	0.0	0.0	0.01	0.0	0.01	0.0	0.0	0.0	0.0	0.0	0.01	0.01	0.01	0.0	0.01	0.0	0.01	0.0	0.01	0.01	0.01	0.01	0.01	0.01	0.01	0.01	0.0	0.01	0.0	0.01	0.01	0.01	0.0	0.0	0.01	0.0	0.0	0.01	0.26000000000000006
guide_RNA #sense	0.0	0.0	0.01	0.0	0.0	0.0	0.01	0.0	0.0	0.0	0.03	0.01	0.0	0.0	0.01	0.0	0.0	0.0	0.0	0.01	0.01	0.0	0.0	0.01	0.0	0.0	0.0	0.02	0.0	0.0	0.0	0.0	0.0	0.0	0.01	0.0	0.0	0.0	0.0	0.0	0.0	0.01	0.0	0.0	0.0	0.0	0.01	0.15000000000000002
snRNA#antisense	0.0	0.01	0.01	0.01	0.0	0.01	0.0	0.0	0.0	0.0	0.0	0.0	0.0	0.0	0.0	0.0	0.0	0.0	0.01	0.0	0.0	0.0	0.0	0.0	0.0	0.01	0.01	0.0	0.0	0.0	0.0	0.0	0.0	0.0	0.0	0.01	0.02	0.0	0.0	0.01	0.0	0.0	0.0	0.01	0.0	0.0	0.01	0.13
unprocessed_pseudogene#sense	0.01	0.0	0.0	0.0	0.0	0.0	0.0	0.0	0.0	0.0	0.0	0.0	0.0	0.0	0.0	0.0	0.0	0.0	0.0	0.0	0.01	0.0	0.0	0.0	0.01	0.0	0.0	0.01	0.0	0.0	0.0	0.0	0.0	0.0	0.0	0.0	0.0	0.0	0.0	0.0	0.0	0.05	0.01	0.0	0.0	0.0	0.0	0.09999999999999999
macro_lncRNA#sense	0.01	0.0	0.0	0.0	0.0	0.0	0.0	0.0	0.0	0.0	0.0	0.0	0.0	0.0	0.0	0.0	0.0	0.0	0.01	0.0	0.01	0.0	0.0	0.01	0.0	0.0	0.0	0.0	0.0	0.0	0.0	0.0	0.0	0.0	0.01	0.0	0.01	0.0	0.0	0.0	0.0	0.01	0.01	0.0	0.0	0.0	0.0	0.08
miRNA#antisense	0.01	0.02	0.0	0.0	0.0	0.0	0.0	0.0	0.0	0.0	0.0	0.0	0.0	0.0	0.01	0.0	0.01	0.0	0.01	0.0	0.01	0.0	0.0	0.0	0.0	0.0	0.0	0.0	0.0	0.0	0.0	0.0	0.0	0.0	0.0	0.0	0.0	0.0	0.0	0.0	0.0	0.0	0.0	0.0	0.0	0.0	0.0	0.07
sense_overlapping#antisense	0.0	0.0	0.0	0.01	0.0	0.0	0.0	0.0	0.0	0.0	0.0	0.0	0.0	0.0	0.0	0.0	0.0	0.0	0.02	0.0	0.0	0.0	0.0	0.0	0.0	0.0	0.0	0.0	0.0	0.0	0.0	0.0	0.0	0.0	0.0	0.0	0.01	0.0	0.0	0.01	0.0	0.0	0.0	0.0	0.0	0.0	0.0	0.05
rRNA#antisense	0.0	0.0	0.0	0.0	0.0	0.0	0.0	0.0	0.0	0.0	0.0	0.0	0.01	0.0	0.0	0.0	0.0	0.0	0.01	0.0	0.0	0.0	0.0	0.0	0.0	0.0	0.0	0.0	0.0	0.0	0.0	0.0	0.0	0.0	0.0	0.0	0.0	0.0	0.0	0.0	0.0	0.0	0.0	0.0	0.0	0.0	0.01	0.03
scaRNA#sense	0.0	0.0	0.0	0.0	0.0	0.0	0.01	0.0	0.0	0.0	0.0	0.0	0.0	0.0	0.01	0.0	0.0	0.0	0.0	0.0	0.0	0.0	0.0	0.0	0.0	0.0	0.0	0.0	0.0	0.0	0.0	0.0	0.0	0.0	0.0	0.0	0.0	0.0	0.0	0.0	0.0	0.01	0.0	0.0	0.0	0.0	0.0	0.03
unprocessed_pseudogene#antisense	0.0	0.0	0.0	0.0	0.0	0.0	0.0	0.0	0.0	0.0	0.0	0.0	0.0	0.0	0.0	0.0	0.0	0.0	0.0	0.0	0.0	0.0	0.0	0.0	0.0	0.0	0.0	0.01	0.0	0.0	0.0	0.0	0.0	0.0	0.0	0.0	0.0	0.0	0.0	0.0	0.0	0.01	0.0	0.0	0.0	0.0	0.0	0.02
pseudogene#sense	0.0	0.0	0.0	0.0	0.0	0.0	0.0	0.0	0.0	0.0	0.0	0.0	0.0	0.0	0.0	0.0	0.0	0.0	0.0	0.0	0.0	0.0	0.0	0.0	0.0	0.0	0.0	0.0	0.0	0.0	0.0	0.0	0.0	0.0	0.0	0.0	0.01	0.0	0.0	0.0	0.0	0.0	0.0	0.0	0.0	0.0	0.0	0.01
non_coding#antisense	0.01	0.0	0.0	0.0	0.0	0.0	0.0	0.0	0.0	0.0	0.0	0.0	0.0	0.0	0.0	0.0	0.0	0.0	0.0	0.0	0.0	0.0	0.0	0.0	0.0	0.0	0.0	0.0	0.0	0.0	0.0	0.0	0.0	0.0	0.0	0.0	0.0	0.0	0.0	0.0	0.0	0.0	0.0	0.0	0.0	0.0	0.0	0.01
Mt_rRNA#antisense	0.0	0.0	0.0	0.0	0.0	0.0	0.01	0.0	0.0	0.0	0.0	0.0	0.0	0.0	0.0	0.0	0.0	0.0	0.0	0.0	0.0	0.0	0.0	0.0	0.0	0.0	0.0	0.0	0.0	0.0	0.0	0.0	0.0	0.0	0.0	0.0	0.0	0.0	0.0	0.0	0.0	0.0	0.0	0.0	0.0	0.0	0.0	0.01
macro_lncRNA#antisense	0.0	0.01	0.0	0.0	0.0	0.0	0.0	0.0	0.0	0.0	0.0	0.0	0.0	0.0	0.0	0.0	0.0	0.0	0.0	0.0	0.0	0.0	0.0	0.0	0.0	0.0	0.0	0.0	0.0	0.0	0.0	0.0	0.0	0.0	0.0	0.0	0.0	0.0	0.0	0.0	0.0	0.0	0.0	0.0	0.0	0.0	0.0	0.01
snoRNA#antisense	0.0	0.0	0.0	0.0	0.0	0.0	0.0	0.0	0.0	0.0	0.0	0.0	0.0	0.0	0.0	0.0	0.0	0.0	0.0	0.0	0.0	0.0	0.0	0.0	0.0	0.0	0.0	0.0	0.0	0.0	0.0	0.0	0.0	0.0	0.0	0.0	0.01	0.0	0.0	0.0	0.0	0.0	0.0	0.0	0.0	0.0	0.0	0.01
	sumtRNA#antisense	0.0	0.0	0.0	0.0	0.0	0.0	0.0	0.0	0.0	0.0	0.0	0.0	0.0	0.0	0.0	0.0	0.0	0.0	0.0	0.0	0.0	0.0	0.0	0.0	0.0	0.0	0.0	0.0	0.0	0.0	0.0	0.0	0.0	0.0	0.0	0.0	0.0	0.0	0.0	0.0	0.0	0.0	0.0	0.0	0.0	0.0	0.0	0.0
ribozyme#antisense	0.0	0.0	0.0	0.0	0.0	0.0	0.0	0.0	0.0	0.0	0.0	0.0	0.0	0.0	0.0	0.0	0.0	0.0	0.0	0.0	0.0	0.0	0.0	0.0	0.0	0.0	0.0	0.0	0.0	0.0	0.0	0.0	0.0	0.0	0.0	0.0	0.0	0.0	0.0	0.0	0.0	0.0	0.0	0.0	0.0	0.0	0.0	0.0
TR_C_gene#sense	0.0	0.0	0.0	0.0	0.0	0.0	0.0	0.0	0.0	0.0	0.0	0.0	0.0	0.0	0.0	0.0	0.0	0.0	0.0	0.0	0.0	0.0	0.0	0.0	0.0	0.0	0.0	0.0	0.0	0.0	0.0	0.0	0.0	0.0	0.0	0.0	0.0	0.0	0.0	0.0	0.0	0.0	0.0	0.0	0.0	0.0	0.0	0.0
Mt_tRNA#antisense	0.0	0.0	0.0	0.0	0.0	0.0	0.0	0.0	0.0	0.0	0.0	0.0	0.0	0.0	0.0	0.0	0.0	0.0	0.0	0.0	0.0	0.0	0.0	0.0	0.0	0.0	0.0	0.0	0.0	0.0	0.0	0.0	0.0	0.0	0.0	0.0	0.0	0.0	0.0	0.0	0.0	0.0	0.0	0.0	0.0	0.0	0.0	0.0
hairpin#antisense	0.0	0.0	0.0	0.0	0.0	0.0	0.0	0.0	0.0	0.0	0.0	0.0	0.0	0.0	0.0	0.0	0.0	0.0	0.0	0.0	0.0	0.0	0.0	0.0	0.0	0.0	0.0	0.0	0.0	0.0	0.0	0.0	0.0	0.0	0.0	0.0	0.0	0.0	0.0	0.0	0.0	0.0	0.0	0.0	0.0	0.0	0.0	0.0
piRNA#antisense	0.0	0.0	0.0	0.0	0.0	0.0	0.0	0.0	0.0	0.0	0.0	0.0	0.0	0.0	0.0	0.0	0.0	0.0	0.0	0.0	0.0	0.0	0.0	0.0	0.0	0.0	0.0	0.0	0.0	0.0	0.0	0.0	0.0	0.0	0.0	0.0	0.0	0.0	0.0	0.0	0.0	0.0	0.0	0.0	0.0	0.0	0.0	0.0
transcribed_unitary_pseudogene#sense	0.0	0.0	0.0	0.0	0.0	0.0	0.0	0.0	0.0	0.0	0.0	0.0	0.0	0.0	0.0	0.0	0.0	0.0	0.0	0.0	0.0	0.0	0.0	0.0	0.0	0.0	0.0	0.0	0.0	0.0	0.0	0.0	0.0	0.0	0.0	0.0	0.0	0.0	0.0	0.0	0.0	0.0	0.0	0.0	0.0	0.0	0.0	0.0
asRNA#sense	0.0	0.0	0.0	0.0	0.0	0.0	0.0	0.0	0.0	0.0	0.0	0.0	0.0	0.0	0.0	0.0	0.0	0.0	0.0	0.0	0.0	0.0	0.0	0.0	0.0	0.0	0.0	0.0	0.0	0.0	0.0	0.0	0.0	0.0	0.0	0.0	0.0	0.0	0.0	0.0	0.0	0.0	0.0	0.0	0.0	0.0	0.0	0.0
vaultRNA#sense	0.0	0.0	0.0	0.0	0.0	0.0	0.0	0.0	0.0	0.0	0.0	0.0	0.0	0.0	0.0	0.0	0.0	0.0	0.0	0.0	0.0	0.0	0.0	0.0	0.0	0.0	0.0	0.0	0.0	0.0	0.0	0.0	0.0	0.0	0.0	0.0	0.0	0.0	0.0	0.0	0.0	0.0	0.0	0.0	0.0	0.0	0.0	0.0
bidirectional_promoter_lncRNA#sense	0.0	0.0	0.0	0.0	0.0	0.0	0.0	0.0	0.0	0.0	0.0	0.0	0.0	0.0	0.0	0.0	0.0	0.0	0.0	0.0	0.0	0.0	0.0	0.0	0.0	0.0	0.0	0.0	0.0	0.0	0.0	0.0	0.0	0.0	0.0	0.0	0.0	0.0	0.0	0.0	0.0	0.0	0.0	0.0	0.0	0.0	0.0	0.0
TR_V_gene#antisense	0.0	0.0	0.0	0.0	0.0	0.0	0.0	0.0	0.0	0.0	0.0	0.0	0.0	0.0	0.0	0.0	0.0	0.0	0.0	0.0	0.0	0.0	0.0	0.0	0.0	0.0	0.0	0.0	0.0	0.0	0.0	0.0	0.0	0.0	0.0	0.0	0.0	0.0	0.0	0.0	0.0	0.0	0.0	0.0	0.0	0.0	0.0	0.0
unitary_pseudogene#sense	0.0	0.0	0.0	0.0	0.0	0.0	0.0	0.0	0.0	0.0	0.0	0.0	0.0	0.0	0.0	0.0	0.0	0.0	0.0	0.0	0.0	0.0	0.0	0.0	0.0	0.0	0.0	0.0	0.0	0.0	0.0	0.0	0.0	0.0	0.0	0.0	0.0	0.0	0.0	0.0	0.0	0.0	0.0	0.0	0.0	0.0	0.0	0.0
bidirectional_promoter_lncRNA#antisense	0.0	0.0	0.0	0.0	0.0	0.0	0.0	0.0	0.0	0.0	0.0	0.0	0.0	0.0	0.0	0.0	0.0	0.0	0.0	0.0	0.0	0.0	0.0	0.0	0.0	0.0	0.0	0.0	0.0	0.0	0.0	0.0	0.0	0.0	0.0	0.0	0.0	0.0	0.0	0.0	0.0	0.0	0.0	0.0	0.0	0.0	0.0	0.0
IG_J_gene#antisense	0.0	0.0	0.0	0.0	0.0	0.0	0.0	0.0	0.0	0.0	0.0	0.0	0.0	0.0	0.0	0.0	0.0	0.0	0.0	0.0	0.0	0.0	0.0	0.0	0.0	0.0	0.0	0.0	0.0	0.0	0.0	0.0	0.0	0.0	0.0	0.0	0.0	0.0	0.0	0.0	0.0	0.0	0.0	0.0	0.0	0.0	0.0	0.0
IG_V_gene#antisense	0.0	0.0	0.0	0.0	0.0	0.0	0.0	0.0	0.0	0.0	0.0	0.0	0.0	0.0	0.0	0.0	0.0	0.0	0.0	0.0	0.0	0.0	0.0	0.0	0.0	0.0	0.0	0.0	0.0	0.0	0.0	0.0	0.0	0.0	0.0	0.0	0.0	0.0	0.0	0.0	0.0	0.0	0.0	0.0	0.0	0.0	0.0	0.0
misc_RNA#antisense	0.0	0.0	0.0	0.0	0.0	0.0	0.0	0.0	0.0	0.0	0.0	0.0	0.0	0.0	0.0	0.0	0.0	0.0	0.0	0.0	0.0	0.0	0.0	0.0	0.0	0.0	0.0	0.0	0.0	0.0	0.0	0.0	0.0	0.0	0.0	0.0	0.0	0.0	0.0	0.0	0.0	0.0	0.0	0.0	0.0	0.0	0.0	0.0
ribozyme#sense	0.0	0.0	0.0	0.0	0.0	0.0	0.0	0.0	0.0	0.0	0.0	0.0	0.0	0.0	0.0	0.0	0.0	0.0	0.0	0.0	0.0	0.0	0.0	0.0	0.0	0.0	0.0	0.0	0.0	0.0	0.0	0.0	0.0	0.0	0.0	0.0	0.0	0.0	0.0	0.0	0.0	0.0	0.0	0.0	0.0	0.0	0.0	0.0
transcribed_unitary_pseudogene#antisense	0.0	0.0	0.0	0.0	0.0	0.0	0.0	0.0	0.0	0.0	0.0	0.0	0.0	0.0	0.0	0.0	0.0	0.0	0.0	0.0	0.0	0.0	0.0	0.0	0.0	0.0	0.0	0.0	0.0	0.0	0.0	0.0	0.0	0.0	0.0	0.0	0.0	0.0	0.0	0.0	0.0	0.0	0.0	0.0	0.0	0.0	0.0	0.0
TEC#sense	0.0	0.0	0.0	0.0	0.0	0.0	0.0	0.0	0.0	0.0	0.0	0.0	0.0	0.0	0.0	0.0	0.0	0.0	0.0	0.0	0.0	0.0	0.0	0.0	0.0	0.0	0.0	0.0	0.0	0.0	0.0	0.0	0.0	0.0	0.0	0.0	0.0	0.0	0.0	0.0	0.0	0.0	0.0	0.0	0.0	0.0	0.0	0.0
IG_C_gene#sense	0.0	0.0	0.0	0.0	0.0	0.0	0.0	0.0	0.0	0.0	0.0	0.0	0.0	0.0	0.0	0.0	0.0	0.0	0.0	0.0	0.0	0.0	0.0	0.0	0.0	0.0	0.0	0.0	0.0	0.0	0.0	0.0	0.0	0.0	0.0	0.0	0.0	0.0	0.0	0.0	0.0	0.0	0.0	0.0	0.0	0.0	0.0	0.0
pseudogene#antisense	0.0	0.0	0.0	0.0	0.0	0.0	0.0	0.0	0.0	0.0	0.0	0.0	0.0	0.0	0.0	0.0	0.0	0.0	0.0	0.0	0.0	0.0	0.0	0.0	0.0	0.0	0.0	0.0	0.0	0.0	0.0	0.0	0.0	0.0	0.0	0.0	0.0	0.0	0.0	0.0	0.0	0.0	0.0	0.0	0.0	0.0	0.0	0.0
vault_RNA #sense	0.0	0.0	0.0	0.0	0.0	0.0	0.0	0.0	0.0	0.0	0.0	0.0	0.0	0.0	0.0	0.0	0.0	0.0	0.0	0.0	0.0	0.0	0.0	0.0	0.0	0.0	0.0	0.0	0.0	0.0	0.0	0.0	0.0	0.0	0.0	0.0	0.0	0.0	0.0	0.0	0.0	0.0	0.0	0.0	0.0	0.0	0.0	0.0
gRNA#sense	0.0	0.0	0.0	0.0	0.0	0.0	0.0	0.0	0.0	0.0	0.0	0.0	0.0	0.0	0.0	0.0	0.0	0.0	0.0	0.0	0.0	0.0	0.0	0.0	0.0	0.0	0.0	0.0	0.0	0.0	0.0	0.0	0.0	0.0	0.0	0.0	0.0	0.0	0.0	0.0	0.0	0.0	0.0	0.0	0.0	0.0	0.0	0.0
microRNA#sense	0.0	0.0	0.0	0.0	0.0	0.0	0.0	0.0	0.0	0.0	0.0	0.0	0.0	0.0	0.0	0.0	0.0	0.0	0.0	0.0	0.0	0.0	0.0	0.0	0.0	0.0	0.0	0.0	0.0	0.0	0.0	0.0	0.0	0.0	0.0	0.0	0.0	0.0	0.0	0.0	0.0	0.0	0.0	0.0	0.0	0.0	0.0	0.0
polymorphic_pseudogene#sense	0.0	0.0	0.0	0.0	0.0	0.0	0.0	0.0	0.0	0.0	0.0	0.0	0.0	0.0	0.0	0.0	0.0	0.0	0.0	0.0	0.0	0.0	0.0	0.0	0.0	0.0	0.0	0.0	0.0	0.0	0.0	0.0	0.0	0.0	0.0	0.0	0.0	0.0	0.0	0.0	0.0	0.0	0.0	0.0	0.0	0.0	0.0	0.0
non_stop_decay#sense	0.0	0.0	0.0	0.0	0.0	0.0	0.0	0.0	0.0	0.0	0.0	0.0	0.0	0.0	0.0	0.0	0.0	0.0	0.0	0.0	0.0	0.0	0.0	0.0	0.0	0.0	0.0	0.0	0.0	0.0	0.0	0.0	0.0	0.0	0.0	0.0	0.0	0.0	0.0	0.0	0.0	0.0	0.0	0.0	0.0	0.0	0.0	0.0
IG_C_gene#antisense	0.0	0.0	0.0	0.0	0.0	0.0	0.0	0.0	0.0	0.0	0.0	0.0	0.0	0.0	0.0	0.0	0.0	0.0	0.0	0.0	0.0	0.0	0.0	0.0	0.0	0.0	0.0	0.0	0.0	0.0	0.0	0.0	0.0	0.0	0.0	0.0	0.0	0.0	0.0	0.0	0.0	0.0	0.0	0.0	0.0	0.0	0.0	0.0
transcribed_unprocessed_pseudogene#sense	0.0	0.0	0.0	0.0	0.0	0.0	0.0	0.0	0.0	0.0	0.0	0.0	0.0	0.0	0.0	0.0	0.0	0.0	0.0	0.0	0.0	0.0	0.0	0.0	0.0	0.0	0.0	0.0	0.0	0.0	0.0	0.0	0.0	0.0	0.0	0.0	0.0	0.0	0.0	0.0	0.0	0.0	0.0	0.0	0.0	0.0	0.0	0.0
hairpin#sense	0.0	0.0	0.0	0.0	0.0	0.0	0.0	0.0	0.0	0.0	0.0	0.0	0.0	0.0	0.0	0.0	0.0	0.0	0.0	0.0	0.0	0.0	0.0	0.0	0.0	0.0	0.0	0.0	0.0	0.0	0.0	0.0	0.0	0.0	0.0	0.0	0.0	0.0	0.0	0.0	0.0	0.0	0.0	0.0	0.0	0.0	0.0	0.0
non_coding#sense	0.0	0.0	0.0	0.0	0.0	0.0	0.0	0.0	0.0	0.0	0.0	0.0	0.0	0.0	0.0	0.0	0.0	0.0	0.0	0.0	0.0	0.0	0.0	0.0	0.0	0.0	0.0	0.0	0.0	0.0	0.0	0.0	0.0	0.0	0.0	0.0	0.0	0.0	0.0	0.0	0.0	0.0	0.0	0.0	0.0	0.0	0.0	0.0
unitary_pseudogene#antisense	0.0	0.0	0.0	0.0	0.0	0.0	0.0	0.0	0.0	0.0	0.0	0.0	0.0	0.0	0.0	0.0	0.0	0.0	0.0	0.0	0.0	0.0	0.0	0.0	0.0	0.0	0.0	0.0	0.0	0.0	0.0	0.0	0.0	0.0	0.0	0.0	0.0	0.0	0.0	0.0	0.0	0.0	0.0	0.0	0.0	0.0	0.0	0.0
TR_V_gene#sense	0.0	0.0	0.0	0.0	0.0	0.0	0.0	0.0	0.0	0.0	0.0	0.0	0.0	0.0	0.0	0.0	0.0	0.0	0.0	0.0	0.0	0.0	0.0	0.0	0.0	0.0	0.0	0.0	0.0	0.0	0.0	0.0	0.0	0.0	0.0	0.0	0.0	0.0	0.0	0.0	0.0	0.0	0.0	0.0	0.0	0.0	0.0	0.0
3prime_overlapping_ncRNA#antisense	0.0	0.0	0.0	0.0	0.0	0.0	0.0	0.0	0.0	0.0	0.0	0.0	0.0	0.0	0.0	0.0	0.0	0.0	0.0	0.0	0.0	0.0	0.0	0.0	0.0	0.0	0.0	0.0	0.0	0.0	0.0	0.0	0.0	0.0	0.0	0.0	0.0	0.0	0.0	0.0	0.0	0.0	0.0	0.0	0.0	0.0	0.0	0.0
non_stop_decay#antisense	0.0	0.0	0.0	0.0	0.0	0.0	0.0	0.0	0.0	0.0	0.0	0.0	0.0	0.0	0.0	0.0	0.0	0.0	0.0	0.0	0.0	0.0	0.0	0.0	0.0	0.0	0.0	0.0	0.0	0.0	0.0	0.0	0.0	0.0	0.0	0.0	0.0	0.0	0.0	0.0	0.0	0.0	0.0	0.0	0.0	0.0	0.0	0.0
scaRNA#antisense	0.0	0.0	0.0	0.0	0.0	0.0	0.0	0.0	0.0	0.0	0.0	0.0	0.0	0.0	0.0	0.0	0.0	0.0	0.0	0.0	0.0	0.0	0.0	0.0	0.0	0.0	0.0	0.0	0.0	0.0	0.0	0.0	0.0	0.0	0.0	0.0	0.0	0.0	0.0	0.0	0.0	0.0	0.0	0.0	0.0	0.0	0.0	0.0
asRNA#antisense	0.0	0.0	0.0	0.0	0.0	0.0	0.0	0.0	0.0	0.0	0.0	0.0	0.0	0.0	0.0	0.0	0.0	0.0	0.0	0.0	0.0	0.0	0.0	0.0	0.0	0.0	0.0	0.0	0.0	0.0	0.0	0.0	0.0	0.0	0.0	0.0	0.0	0.0	0.0	0.0	0.0	0.0	0.0	0.0	0.0	0.0	0.0	0.0
srpRNA#antisense	0.0	0.0	0.0	0.0	0.0	0.0	0.0	0.0	0.0	0.0	0.0	0.0	0.0	0.0	0.0	0.0	0.0	0.0	0.0	0.0	0.0	0.0	0.0	0.0	0.0	0.0	0.0	0.0	0.0	0.0	0.0	0.0	0.0	0.0	0.0	0.0	0.0	0.0	0.0	0.0	0.0	0.0	0.0	0.0	0.0	0.0	0.0	0.0
transcribed_unprocessed_pseudogene#antisense	0.0	0.0	0.0	0.0	0.0	0.0	0.0	0.0	0.0	0.0	0.0	0.0	0.0	0.0	0.0	0.0	0.0	0.0	0.0	0.0	0.0	0.0	0.0	0.0	0.0	0.0	0.0	0.0	0.0	0.0	0.0	0.0	0.0	0.0	0.0	0.0	0.0	0.0	0.0	0.0	0.0	0.0	0.0	0.0	0.0	0.0	0.0	0.0
transcribed_processed_pseudogene#sense	0.0	0.0	0.0	0.0	0.0	0.0	0.0	0.0	0.0	0.0	0.0	0.0	0.0	0.0	0.0	0.0	0.0	0.0	0.0	0.0	0.0	0.0	0.0	0.0	0.0	0.0	0.0	0.0	0.0	0.0	0.0	0.0	0.0	0.0	0.0	0.0	0.0	0.0	0.0	0.0	0.0	0.0	0.0	0.0	0.0	0.0	0.0	0.0
sRNA#sense	0.0	0.0	0.0	0.0	0.0	0.0	0.0	0.0	0.0	0.0	0.0	0.0	0.0	0.0	0.0	0.0	0.0	0.0	0.0	0.0	0.0	0.0	0.0	0.0	0.0	0.0	0.0	0.0	0.0	0.0	0.0	0.0	0.0	0.0	0.0	0.0	0.0	0.0	0.0	0.0	0.0	0.0	0.0	0.0	0.0	0.0	0.0	0.0
srpRNA#sense	0.0	0.0	0.0	0.0	0.0	0.0	0.0	0.0	0.0	0.0	0.0	0.0	0.0	0.0	0.0	0.0	0.0	0.0	0.0	0.0	0.0	0.0	0.0	0.0	0.0	0.0	0.0	0.0	0.0	0.0	0.0	0.0	0.0	0.0	0.0	0.0	0.0	0.0	0.0	0.0	0.0	0.0	0.0	0.0	0.0	0.0	0.0	0.0
TR_J_gene#sense	0.0	0.0	0.0	0.0	0.0	0.0	0.0	0.0	0.0	0.0	0.0	0.0	0.0	0.0	0.0	0.0	0.0	0.0	0.0	0.0	0.0	0.0	0.0	0.0	0.0	0.0	0.0	0.0	0.0	0.0	0.0	0.0	0.0	0.0	0.0	0.0	0.0	0.0	0.0	0.0	0.0	0.0	0.0	0.0	0.0	0.0	0.0	0.0
transcribed_processed_pseudogene#antisense	0.0	0.0	0.0	0.0	0.0	0.0	0.0	0.0	0.0	0.0	0.0	0.0	0.0	0.0	0.0	0.0	0.0	0.0	0.0	0.0	0.0	0.0	0.0	0.0	0.0	0.0	0.0	0.0	0.0	0.0	0.0	0.0	0.0	0.0	0.0	0.0	0.0	0.0	0.0	0.0	0.0	0.0	0.0	0.0	0.0	0.0	0.0	0.0
3prime_overlapping_ncRNA#sense	0.0	0.0	0.0	0.0	0.0	0.0	0.0	0.0	0.0	0.0	0.0	0.0	0.0	0.0	0.0	0.0	0.0	0.0	0.0	0.0	0.0	0.0	0.0	0.0	0.0	0.0	0.0	0.0	0.0	0.0	0.0	0.0	0.0	0.0	0.0	0.0	0.0	0.0	0.0	0.0	0.0	0.0	0.0	0.0	0.0	0.0	0.0	0.0
polymorphic_pseudogene#antisense	0.0	0.0	0.0	0.0	0.0	0.0	0.0	0.0	0.0	0.0	0.0	0.0	0.0	0.0	0.0	0.0	0.0	0.0	0.0	0.0	0.0	0.0	0.0	0.0	0.0	0.0	0.0	0.0	0.0	0.0	0.0	0.0	0.0	0.0	0.0	0.0	0.0	0.0	0.0	0.0	0.0	0.0	0.0	0.0	0.0	0.0	0.0	0.0
IG_V_gene#sense	0.0	0.0	0.0	0.0	0.0	0.0	0.0	0.0	0.0	0.0	0.0	0.0	0.0	0.0	0.0	0.0	0.0	0.0	0.0	0.0	0.0	0.0	0.0	0.0	0.0	0.0	0.0	0.0	0.0	0.0	0.0	0.0	0.0	0.0	0.0	0.0	0.0	0.0	0.0	0.0	0.0	0.0	0.0	0.0	0.0	0.0	0.0	0.0
TEC#antisense	0.0	0.0	0.0	0.0	0.0	0.0	0.0	0.0	0.0	0.0	0.0	0.0	0.0	0.0	0.0	0.0	0.0	0.0	0.0	0.0	0.0	0.0	0.0	0.0	0.0	0.0	0.0	0.0	0.0	0.0	0.0	0.0	0.0	0.0	0.0	0.0	0.0	0.0	0.0	0.0	0.0	0.0	0.0	0.0	0.0	0.0	0.0	0.0
