name	SRX2205015	SRX2204999	SRX2205014	SRX2205006	SRX2205007	SRX2205004	SRX2205005	SRX2205011	SRX2205010	SRX2205013	SRX2205012	SRX2205008	SRX2205009
hsa-miR-4765	0	0	0	0	0	0	0	0	0	0	0	0	6
hsa-miR-4645-3p	0	0	0	0	0	0	0	0	0	0	0	2	0
hsa-miR-98-5p	23	0	53	0	6	13	116	0	353	9	0	84	213
hsa-miR-651-5p	0	0	2	0	0	2	0	0	32	0	0	0	53
hsa-miR-6505-5p	0	0	0	0	0	0	0	0	3	0	0	0	0
hsa-miR-6131	0	0	0	0	0	0	4	0	2	0	0	0	7
hsa-miR-6866-5p	0	0	0	0	0	0	0	0	28	0	0	0	23
hsa-miR-6130	0	0	0	0	0	0	0	0	3	0	0	2	2
hsa-miR-376a-3p	0	0	0	0	0	0	0	0	4	0	0	0	0
hsa-miR-148a-5p	0	0	10	0	0	0	5	0	38	11	0	0	11
hsa-miR-618	0	0	0	0	0	0	0	0	14	0	0	0	0
hsa-miR-185-5p	149	90	231	55	33	172	497	0	16860	103	0	1074	6424
hsa-miR-30b-3p	0	0	0	0	0	0	0	0	4	0	0	0	0
hsa-miR-1468-5p	3	0	0	0	0	0	0	0	32	3	0	0	6
hsa-miR-610	0	16	0	0	0	0	0	0	13	0	0	0	4
hsa-miR-150-3p	0	0	0	0	0	0	0	0	24	0	0	4	0
hsa-miR-342-3p	0	0	2	0	0	0	8	0	23	0	0	2	3
hsa-miR-7-5p	32	7	92	13	2	68	254	0	10106	63	0	85	4739
hsa-miR-548a-3p	0	0	0	0	0	0	0	0	7	0	0	0	0
hsa-miR-4754	0	0	0	0	0	0	0	0	8	0	0	0	0
hsa-miR-4797-5p	0	0	0	0	0	0	0	0	11	0	0	0	3
hsa-miR-6124	0	2	0	0	0	0	0	0	0	0	0	0	0
hsa-miR-4751	0	0	0	0	0	0	3	0	0	0	0	0	0
hsa-miR-7852-3p	0	0	4	0	0	0	0	0	0	0	0	0	0
hsa-miR-331-5p	0	0	0	0	0	0	0	0	2	0	0	0	0
hsa-miR-144-3p	216	57	680	587	553	126	2752	0	17011	367	0	326	4102
hsa-miR-4709-3p	0	0	0	0	0	0	2	0	9	0	0	0	0
hsa-miR-4762-3p	0	0	0	0	0	0	0	0	0	0	0	0	6
hsa-miR-26b-5p	221	17	539	117	107	79	1453	0	22571	236	0	594	9189
hsa-miR-889-3p	2	5	0	0	0	0	5	0	185	5	0	4	47
hsa-miR-5189-5p	0	0	0	0	0	0	0	0	11	0	0	0	0
hsa-miR-3120-3p	0	0	0	0	0	0	2	0	15	0	0	0	0
hsa-miR-181c-5p	2	0	9	2	0	0	4	0	18	0	0	0	24
hsa-miR-3661	0	0	0	0	0	0	0	0	8	0	0	0	0
hsa-miR-1224-5p	0	4	0	0	0	0	2	0	7	0	0	4	0
hsa-miR-191-3p	0	2	0	0	0	0	0	0	7	0	0	0	0
hsa-miR-4748	2	0	0	0	0	0	0	0	0	0	0	0	0
hsa-miR-214-3p	0	2	0	0	0	0	14	0	14	2	0	22	5
hsa-miR-93-5p	37	48	87	20	16	148	103	0	3008	31	0	84	1849
hsa-miR-98-3p	0	0	0	0	0	0	2	0	0	0	0	0	0
hsa-miR-296-5p	0	0	0	0	0	0	0	0	0	0	0	0	3
hsa-miR-148a-3p	797	592	1714	239	199	857	4280	0	290063	1406	0	827	87375
hsa-miR-127-5p	2	0	0	0	0	2	0	0	7	2	0	0	0
hsa-miR-185-3p	0	4	12	0	0	26	14	0	76	5	0	3	34
hsa-miR-377-3p	0	0	0	0	0	0	0	0	24	0	0	0	0
hsa-miR-6779-5p	0	0	0	0	0	2	0	0	0	0	0	0	0
hsa-miR-6855-5p	0	0	0	0	0	0	0	0	5	0	0	0	0
hsa-miR-3655	0	0	0	0	0	2	0	0	0	0	0	0	0
hsa-miR-19b-3p	15	5	47	4	4	23	32	0	2249	8	0	24	474
hsa-miR-3651	0	0	0	0	0	0	0	0	0	2	0	0	0
hsa-miR-4739	0	0	2	0	0	0	2	0	0	0	0	0	0
hsa-miR-4797-3p	0	0	0	0	0	0	2	0	0	0	0	0	0
hsa-miR-1260b	0	0	2	0	0	0	4	0	0	0	0	22	3
hsa-miR-1260a	0	0	0	0	0	0	0	0	0	0	0	7	0
hsa-miR-3074-5p	2	0	2	0	0	2	0	0	39	2	0	0	3
hsa-miR-18a-5p	0	0	3	0	0	0	0	0	275	0	0	0	55
hsa-miR-331-3p	0	0	0	0	0	0	0	0	2	0	0	3	0
hsa-miR-6733-5p	0	0	0	0	0	0	0	0	13	0	0	0	0
hsa-miR-499a-5p	0	0	0	0	0	0	2	0	106	0	0	0	19
hsa-miR-26b-3p	0	0	0	0	0	0	0	0	0	0	0	2	9
hsa-miR-5189-3p	0	0	0	0	0	0	2	0	2	0	0	0	2
hsa-miR-943	0	0	0	0	0	2	0	0	0	0	0	0	6
hsa-miR-3648	0	0	0	0	0	2	0	0	0	0	0	0	0
hsa-miR-941	16	201	51	2	0	92	144	8	131	98	0	18	19
hsa-miR-628-5p	0	0	0	0	0	0	0	0	20	0	0	0	8
hsa-miR-181c-3p	0	0	2	0	0	0	0	0	54	0	0	0	8
hsa-miR-494-3p	0	2	2	0	0	0	0	0	12	0	0	14	14
hsa-miR-873-5p	0	2	0	2	0	0	0	0	41	0	0	0	4
hsa-miR-570-3p	0	0	0	0	0	0	0	0	6	0	0	0	0
hsa-miR-93-3p	0	0	0	0	0	0	4	0	13	0	0	0	0
hsa-miR-5009-5p	0	0	0	0	0	0	0	0	22	0	0	0	4
hsa-let-7c-5p	125	88	468	172	94	384	1789	5	2489	938	0	1076	2286
hsa-miR-33b-3p	0	0	0	2	0	0	0	0	0	0	0	0	0
hsa-miR-1295a	0	0	0	0	0	0	0	0	4	0	0	0	2
hsa-miR-296-3p	0	0	0	0	0	0	0	0	3	0	0	0	4
hsa-miR-483-5p	0	0	15	0	4	12	9	0	707	0	0	0	914
hsa-miR-122-5p	1860	6030	11217	3801	2875	32094	23334	30	2396419	18217	0	8476	1612179
hsa-miR-127-3p	58	38	103	2	4	28	229	0	435	14	0	59	362
hsa-miR-323b-3p	3	1	7	0	0	0	16	0	0	0	0	11	0
hsa-miR-372-3p	0	0	0	0	0	0	0	0	4	0	0	0	0
hsa-miR-6774-5p	0	0	0	0	0	0	0	0	0	2	0	0	0
hsa-miR-450b-5p	0	0	3	0	0	2	2	0	16	0	0	0	5
hsa-miR-200b-5p	0	0	0	0	0	0	0	0	6	0	0	0	3
hsa-miR-6855-3p	0	0	0	0	0	2	0	0	0	0	0	0	0
hsa-miR-130a-3p	11	0	8	2	7	6	11	0	260	2	0	5	107
hsa-miR-1469	0	0	0	0	0	0	0	0	4	0	0	0	0
hsa-miR-361-5p	0	0	2	0	0	0	14	0	20	0	0	11	6
hsa-miR-3199	0	0	0	0	0	0	0	0	0	0	0	0	5
hsa-miR-3196	0	18	3	3	5	9	4	0	0	8	0	3	0
hsa-miR-3195	0	0	4	2	0	0	5	0	4	0	0	0	0
hsa-miR-18a-3p	0	0	0	0	0	0	3	0	5	0	0	0	13
hsv2-miR-H12	0	0	0	0	0	0	0	20	0	0	34	0	0
hsv2-miR-H10	2	36	9	3	6	145	18	0	36	10	0	0	0
hsa-miR-4536-5p	0	0	0	0	0	0	0	0	7	0	0	0	0
hsa-miR-5010-5p	0	0	0	0	0	0	5	0	3	0	0	0	13
hsa-miR-3913-5p	0	0	0	0	0	0	2	0	167	0	0	0	74
hsa-miR-365b-5p	0	0	0	0	0	0	0	0	0	0	0	0	5
hsa-miR-431-5p	0	2	0	0	0	0	3	0	4	0	0	0	6
hsa-miR-628-3p	0	2	6	0	0	7	5	0	52	2	0	3	5
hsa-miR-6891-5p	0	0	2	0	0	3	0	0	0	0	0	0	0
hsa-miR-484	0	0	17	2	2	2	45	0	92	5	0	82	63
hsa-miR-99a-5p	43	172	161	21	12	155	320	0	35465	80	0	348	25172
hsa-miR-3188	0	0	2	0	0	0	4	0	9	0	0	0	0
hsa-miR-3185	0	2	0	0	0	3	0	0	0	0	0	0	0
hsa-miR-4664-3p	0	3	0	0	0	2	2	0	0	0	0	0	0
hsa-miR-425-5p	56	50	121	5	2	113	223	0	164	33	0	115	145
hsa-miR-3182	0	0	0	0	0	0	3	0	3	0	0	0	8
hsa-miR-122-3p	0	0	0	0	0	0	2	0	25	0	0	6	8
hsa-miR-3180	0	0	0	0	0	0	0	0	0	0	0	0	0
hsa-miR-501-5p	0	0	0	0	0	0	0	0	0	0	0	0	3
hsa-miR-3191-3p	0	0	2	0	0	2	2	0	23	2	0	0	10
hsa-miR-133a-5p	3	0	3	0	0	0	36	0	8	4	0	3	0
hsa-miR-200b-3p	0	0	2	0	0	0	3	0	75	0	0	0	25
hsa-miR-3615	19	10	47	23	8	21	110	0	1137	46	0	36	599
hsa-miR-361-3p	22	90	95	2	0	11	107	3	199	40	0	62	203
hsa-miR-450a-2-3p	0	0	0	0	0	0	0	0	25	0	0	0	0
hsa-miR-3179	0	0	0	0	0	0	4	0	0	0	0	0	0
hsa-miR-3178	0	0	0	0	0	0	3	0	0	0	0	0	0
hsa-miR-29b-3p	8	3	8	3	2	7	27	0	294	2	0	18	236
hsa-miR-3176	0	0	0	0	0	0	0	0	30	0	0	0	12
hsa-miR-937-3p	0	0	0	0	0	0	2	0	0	0	0	0	0
hsa-miR-3175	0	0	0	0	0	0	2	0	0	0	0	0	0
hsa-miR-3174	0	0	0	0	0	0	0	0	0	0	0	0	4
hsa-miR-125b-1-3p	0	0	0	0	0	0	0	0	14	0	0	0	8
hsa-miR-365b-3p	0	0	0	0	0	0	0	0	0	0	0	0	3
hsa-miR-431-3p	0	0	0	0	0	0	0	0	11	0	0	0	0
hsa-miR-30d-5p	376	545	1034	40	30	135	1737	102	29198	287	2	1616	23963
hsa-miR-5698	0	0	0	0	0	0	0	0	5	0	0	0	12
hsa-miR-5697	0	0	0	0	0	0	0	0	0	0	0	0	3
hsa-miR-29b-2-5p	0	0	2	0	0	0	0	0	0	0	0	0	0
hsa-miR-5695	0	0	0	0	0	0	0	0	57	0	0	0	16
hsa-miR-107	62	36	179	88	85	70	317	1	1428	46	0	81	390
hsa-miR-12136	0	0	0	0	0	0	0	0	9	0	0	3	0
hsa-miR-3168	2	32	12	0	5	775	37	0	9	0	2	24	28
hsa-miR-3164	0	0	0	0	0	0	0	0	53	0	0	0	21
hsa-miR-425-3p	2	69	17	0	0	19	61	0	127	0	0	14	58
hsa-miR-3163	0	0	0	2	0	0	0	0	18	0	0	0	13
hsa-miR-4662a-5p	0	0	0	0	0	0	2	0	0	0	0	0	0
hsa-miR-501-3p	4	2	4	0	0	0	13	0	24	2	0	4	3
hsa-miR-24-3p	120	106	569	42	24	291	689	0	15859	83	0	531	5654
hsa-miR-664b-5p	0	2	0	0	0	0	0	0	23	0	0	0	14
hsa-miR-133a-3p	0	0	8	0	0	0	6	0	2	0	0	9	15
hsa-miR-1237-5p	0	0	0	0	0	0	2	0	0	0	0	0	0
hsa-miR-338-5p	0	0	0	0	0	0	5	0	0	0	0	2	3
hsa-miR-190b-5p	0	0	0	0	0	0	2	0	0	0	0	0	7
hsa-miR-6513-5p	0	0	0	0	0	0	0	0	2	0	0	0	0
hsa-miR-6874-5p	0	0	0	0	0	0	0	0	6	0	0	0	0
hsa-miR-5683	0	0	0	0	0	0	8	0	0	0	0	0	0
hsa-miR-3180-3p	0	0	2	0	0	0	0	0	0	0	0	0	0
hsa-miR-5680	0	0	0	0	0	0	0	0	11	0	0	0	0
hsa-miR-4758-5p	0	33	0	0	0	0	0	8	11	5	0	22	11
hsa-miR-1307-5p	14	16	12	3	7	28	53	0	97	17	0	8	79
hsa-miR-769-5p	0	0	4	0	0	0	4	0	210	0	0	3	127
hsa-miR-100-5p	9	45	74	13	7	37	71	0	18861	65	0	102	12226
hsa-miR-6507-5p	0	0	0	0	0	4	0	0	0	0	0	0	0
hsa-miR-7155-3p	0	0	0	0	0	0	0	0	0	0	0	0	3
hsa-miR-376c-3p	0	0	0	0	0	0	2	0	0	0	0	2	12
hsa-miR-542-3p	0	0	2	0	0	0	0	0	113	0	0	0	22
hsa-miR-2861	0	0	0	0	0	0	5	0	0	0	0	2	0
hsa-miR-379-5p	10	32	36	7	0	52	124	0	2794	29	0	66	1188
hsa-miR-30d-3p	0	0	0	0	0	3	0	0	27	0	0	0	2
hsa-miR-6715a-3p	0	3	0	0	0	0	0	0	0	0	0	0	0
hsa-miR-455-5p	0	2	0	0	0	13	0	0	159	8	0	0	37
hsa-miR-301b-3p	3	0	0	0	0	0	0	0	0	0	0	0	5
hsa-miR-152-3p	10	11	16	2	0	15	41	0	1028	14	0	53	486
hsa-miR-3149	0	0	0	0	0	0	0	0	8	0	0	0	0
hsa-miR-9-5p	0	0	0	0	0	13	3	0	0	0	0	0	0
hsa-miR-10a-5p	57	16	169	17	10	86	302	0	16051	93	0	212	8109
hsa-miR-3146	0	0	0	0	0	0	0	0	10	0	0	0	0
hsa-miR-550a-5p	0	0	0	0	0	0	1	0	300	0	0	4	262
hsa-miR-10527-5p	0	4	2	0	0	0	0	0	325	0	0	0	183
hsa-miR-3143	0	0	0	0	0	0	0	0	16	0	0	0	32
hsa-miR-10393-3p	0	0	0	0	0	0	0	7	0	0	0	0	0
hsa-miR-203b-3p	0	0	0	0	0	0	0	0	5	0	0	0	0
hsa-miR-7854-3p	0	0	0	0	0	0	0	0	37	0	0	0	0
hsa-miR-92b-5p	0	8	4	2	0	12	15	0	50	2	0	0	19
hsa-miR-338-3p	0	0	2	0	0	0	2	0	0	0	0	0	3
hsa-miR-3939	0	0	0	0	0	0	0	0	3	0	0	0	0
hsa-miR-222-3p	36	46	155	5	7	24	179	0	1283	36	0	101	901
hsa-miR-6798-3p	0	0	0	0	0	0	0	0	0	0	0	0	2
hsa-miR-3936	0	0	0	0	0	0	0	0	0	0	0	0	8
hsa-miR-4659b-3p	0	2	2	0	0	1	2	0	22	0	0	2	3
hsa-miR-3617-5p	0	0	0	0	0	0	0	0	4	0	0	2	0
hsa-miR-6513-3p	0	0	0	0	0	0	2	0	0	0	0	0	0
hsa-miR-380-5p	0	0	0	0	0	0	0	0	14	0	0	0	15
hsa-miR-3138	0	0	0	0	0	2	7	0	36	2	0	2	13
hsa-miR-6745	0	0	0	0	0	0	0	0	4	0	0	0	0
hsa-miR-1307-3p	33	278	110	4	7	83	248	3	2285	59	2	165	592
hsa-miR-6502-5p	0	0	0	0	0	0	0	0	6	0	0	0	5
hsa-miR-548t-5p	0	0	0	0	0	0	0	0	4	0	0	0	2
hsa-miR-129-5p	0	0	0	0	0	0	0	0	0	0	0	0	11
hsa-miR-182-5p	34	6	93	26	8	46	203	0	9871	158	0	162	2152
hsa-miR-187-3p	0	0	0	0	0	2	0	0	0	0	0	0	0
hsa-miR-379-3p	0	0	0	0	0	0	4	0	0	0	0	0	0
hsa-miR-205-5p	2	4	0	4	0	0	10	0	23	0	0	4	15
hsa-miR-455-3p	0	0	0	0	0	5	3	0	0	0	0	0	0
hsa-miR-429	0	0	0	0	0	0	6	0	19	0	0	0	9
hsa-miR-6741-5p	0	2	7	0	0	0	10	0	0	0	0	2	0
hsa-miR-3128	0	0	0	0	0	0	0	0	5	0	0	0	0
hsa-miR-421	0	2	4	0	0	0	7	0	217	0	0	4	85
hsa-miR-10a-3p	0	0	0	0	0	0	0	0	60	0	0	0	3
hsa-miR-550a-3p	0	0	0	0	0	0	0	0	2	0	0	0	0
hsa-miR-193b-5p	0	3	0	0	0	2	0	0	13	2	0	0	43
hsa-miR-374a-5p	6	0	44	0	0	14	82	0	0	11	0	18	4
hsa-miR-141-3p	0	0	2	0	0	0	0	0	97	0	0	1	15
hsa-miR-92b-3p	0	0	0	0	0	0	16	0	55	3	0	11	28
hsa-miR-26a-1-3p	0	0	0	0	0	0	2	0	0	0	0	0	0
hsa-miR-3157-3p	0	0	0	0	0	0	0	0	0	4	0	0	0
hsa-miR-1185-2-3p	0	0	0	0	0	4	0	0	6	0	0	0	0
hsa-miR-10400-5p	0	0	0	0	0	0	0	0	5	0	0	0	0
hsa-miR-4485-3p	11	14	8	0	0	0	20	0	16	2	0	2	14
hsa-miR-4677-3p	0	0	0	0	0	3	0	0	52	0	0	0	20
hsa-miR-3911	0	0	0	0	0	0	0	0	6	0	0	0	5
hsa-miR-95-3p	0	0	2	2	0	0	0	0	350	0	0	2	90
hsa-miR-6805-5p	0	0	0	0	0	0	0	0	0	0	0	0	4
hsa-let-7e-5p	27	41	130	2	7	59	257	2	556	47	0	269	534
hsa-miR-7-1-3p	0	0	0	0	0	0	6	0	0	0	0	0	0
hsa-miR-485-5p	2	7	4	0	0	2	26	0	41	0	0	0	3
hsa-miR-182-3p	0	0	0	0	0	0	0	0	11	0	0	0	0
hsa-miR-561-5p	0	0	0	0	0	0	3	0	21	0	0	0	0
hsa-miR-3909	0	0	0	0	0	0	0	0	38	0	0	0	3
hsa-miR-3908	0	0	0	0	0	0	0	0	2	0	0	0	0
hsa-miR-758-3p	0	0	0	0	0	0	5	0	21	0	0	0	13
hsa-miR-122b-5p	0	0	0	0	0	0	5	0	35	0	0	0	22
hsa-miR-6852-5p	5	4	9	2	0	0	18	0	130	4	0	5	94
hsa-miR-518b	0	0	0	0	0	0	0	0	5	0	0	0	0
hsa-miR-147b-3p	0	0	0	0	0	0	3	0	66	0	0	0	4
hsa-miR-363-5p	0	0	0	0	0	0	2	0	139	0	0	0	59
hsa-miR-760	0	2	5	0	0	0	0	0	0	4	0	4	15
hsa-miR-193b-3p	0	0	4	0	0	0	0	0	2	0	0	0	5
hsa-miR-939-5p	2	0	0	2	0	0	2	0	0	0	0	0	0
hsa-miR-1343-3p	0	0	0	0	0	0	3	0	0	0	0	0	0
hsa-miR-4701-3p	0	2	0	0	0	0	0	0	0	0	0	0	0
hsa-miR-5192	0	2	0	0	0	0	0	0	0	0	0	0	0
hsa-miR-374a-3p	2	0	0	0	0	0	34	0	578	5	0	0	142
hsa-miR-146a-5p	214	213	526	17	28	124	395	26	744	110	0	785	457
hsa-miR-20a-5p	6	2	46	7	0	137	63	0	7783	10	0	82	2863
hsa-miR-1297	0	0	0	0	0	0	1	0	0	0	0	0	0
hsa-miR-4433b-5p	0	0	7	0	0	0	0	0	0	0	0	12	0
hsa-miR-1294	0	0	2	4	0	3	0	0	95	4	0	0	91
hsa-miR-548ap-5p	0	0	0	0	1	0	0	0	0	0	0	0	0
hsa-miR-1291	0	0	2	0	0	0	0	0	12	0	0	0	0
hsa-miR-625-5p	0	2	2	0	0	0	0	0	0	0	0	0	7
hsa-miR-6724-5p	0	0	0	0	0	0	0	0	3	0	0	0	0
hsa-miR-1908-5p	0	8	12	0	0	2	4	0	32	0	0	4	25
hsa-miR-32-5p	5	0	10	0	0	6	39	0	659	8	0	3	138
hsa-miR-6800-5p	0	0	0	0	0	0	0	0	14	0	0	0	0
hsa-miR-5188	0	0	0	0	0	0	0	0	0	0	0	0	2
hsa-miR-550a-3-5p	0	0	0	0	0	0	3	0	70	0	0	1	34
hsa-miR-4474-3p	0	0	0	0	0	0	0	0	2	0	0	0	0
hsa-miR-4661-5p	0	0	0	0	0	0	0	0	4	0	0	0	7
hsa-miR-548j-5p	5	8	5	0	3	0	2	0	17	3	0	0	11
hsa-miR-548o-3p	0	0	3	0	0	4	3	0	254	4	0	0	51
hsa-miR-1289	0	0	0	0	0	0	0	0	7	0	0	0	0
hsa-miR-485-3p	0	0	0	0	0	0	10	0	0	0	0	0	0
hsa-miR-6887-5p	2	0	0	0	0	0	0	0	0	0	0	0	0
hsa-miR-4742-3p	0	0	0	0	0	0	2	0	0	0	0	0	0
hsa-miR-503-5p	0	2	10	0	0	18	4	0	923	5	0	6	339
hsa-miR-1284	0	0	2	0	0	0	0	0	0	2	0	0	0
hsa-miR-4533	0	0	2	0	0	0	0	0	0	0	0	0	7
ebv-miR-BART13-5p	0	0	0	0	0	0	0	0	0	0	0	0	3
hsa-miR-4531	0	0	0	0	0	0	0	0	4	0	0	0	0
hsa-miR-4530	0	0	0	0	0	0	0	0	2	0	0	0	4
hsa-miR-122b-3p	0	2	0	0	0	0	0	0	0	0	0	0	0
hsa-miR-6852-3p	3	0	0	0	0	0	0	0	0	0	0	3	0
hsa-miR-196b-5p	2	0	0	0	0	0	0	0	40	0	0	0	0
hsa-miR-451b	0	0	0	0	0	0	0	0	2	0	0	0	7
hsa-miR-363-3p	32	3	62	27	14	15	162	0	9573	65	0	92	4237
hsa-miR-451a	1710	507	7093	2465	1747	3694	12147	0	1717454	5558	0	6591	405496
hsa-miR-3187-3p	0	0	0	0	0	0	0	0	2	0	0	0	0
hsa-miR-216b-5p	0	0	0	0	0	0	0	0	25	0	0	0	0
hsa-miR-1278	0	0	0	2	0	0	3	0	192	3	0	2	44
hsa-miR-1276	0	0	0	0	0	0	2	0	4	0	0	0	0
hsa-miR-1275	0	3	0	0	0	0	0	0	0	2	0	0	0
hsa-miR-4433b-3p	0	464	88	0	16	93	0	0	179	30	0	111	31
hsa-miR-378g	0	2	0	0	0	0	0	0	75	0	0	0	17
hsa-miR-378f	0	0	0	0	0	0	2	0	6	0	0	0	0
hsa-miR-1270	0	0	0	0	0	0	6	0	0	0	0	0	0
hsa-miR-378d	0	7	0	0	0	2	0	0	45	0	0	2	11
hsa-miR-9983-3p	0	0	0	0	0	0	0	0	9	0	0	0	0
hsa-miR-378c	1	4	5	0	0	1	3	0	205	3	0	2	47
hsa-miR-433-3p	0	3	2	0	0	0	14	0	0	0	0	9	5
hsa-miR-378b	0	0	0	0	0	0	0	0	26	0	0	0	11
hsa-miR-625-3p	0	0	4	0	0	0	5	0	11	0	0	4	3
hsa-miR-32-3p	0	0	0	0	0	4	0	0	8	0	0	0	0
hsa-miR-154-5p	0	2	0	0	0	0	3	0	0	0	0	0	0
hsa-miR-4772-5p	0	2	0	0	0	0	0	0	2	0	0	0	0
hsa-miR-3150b-3p	0	0	0	0	0	0	0	0	0	0	0	0	9
hsa-miR-548j-3p	0	0	0	0	0	0	3	0	0	0	0	0	0
hsa-miR-125b-5p	2	16	21	2	7	14	52	0	367	8	0	38	280
hsa-miR-21-5p	1977	1982	6526	169	154	1395	12509	101	155890	2114	11	3710	98752
hsa-miR-4516	0	3	0	2	0	0	0	0	0	2	0	0	0
hsa-miR-24-1-5p	0	3	0	0	0	2	2	0	0	0	0	2	0
hsa-miR-3688-3p	0	2	2	0	0	0	0	0	9	0	0	0	10
hsa-miR-4511	0	0	0	0	0	0	0	0	0	0	0	0	7
hsa-miR-1273h-3p	5	0	2	0	0	0	0	0	32	0	0	0	12
hsa-miR-1262	0	0	0	0	0	0	0	0	24	0	0	0	0
hsa-miR-4510	0	0	0	0	0	0	0	0	1	0	0	0	0
hsa-miR-1292-5p	0	0	5	0	0	0	12	0	13	2	0	0	13
hsa-miR-224-5p	7	0	2	0	0	2	26	0	209	0	0	21	136
hsa-miR-196b-3p	0	0	0	0	0	3	0	0	0	0	0	0	0
hsa-miR-500b-5p	0	0	0	0	0	0	0	0	6	0	0	0	0
hsa-miR-6515-5p	0	0	0	0	0	0	0	0	17	0	0	0	10
hsa-miR-3124-5p	0	0	0	0	0	0	0	0	12	0	0	0	15
hsa-miR-3200-5p	0	0	0	0	0	0	0	0	12	0	0	0	18
hsa-miR-195-5p	0	0	0	0	0	0	0	0	21	0	0	0	3
hsa-miR-579-5p	0	0	0	0	0	0	0	0	3	0	0	0	0
hsa-miR-218-5p	0	3	2	0	0	0	4	0	0	9	0	0	0
hsa-miR-4508	0	2	7	0	2	2	18	0	15	9	0	2	48
hsa-miR-6509-5p	0	0	0	0	0	0	0	0	18	0	0	0	2
hsa-miR-4504	0	0	0	0	0	0	2	0	322	0	0	0	159
hsa-miR-1273c	0	0	0	0	0	0	2	0	2	0	0	0	7
hsa-miR-4500	0	0	0	0	0	0	0	0	10	0	0	0	0
hsa-miR-30a-5p	17	28	50	12	0	40	104	0	5847	20	0	92	3167
hsa-miR-4999-5p	0	0	0	0	0	0	0	0	18	2	0	0	7
hsa-miR-718	0	0	0	0	0	2	0	0	0	0	0	0	0
hsa-miR-4714-5p	0	0	0	0	0	0	0	0	6	0	0	0	0
hsa-miR-5001-3p	0	0	0	0	0	0	0	0	5	0	0	0	0
hsa-miR-4772-3p	0	0	0	0	0	0	0	0	0	0	0	0	7
hsa-miR-106b-5p	13	86	101	28	12	1319	291	0	2183	91	0	105	1415
hsa-miR-27b-5p	0	0	4	0	0	0	2	0	0	0	0	0	0
hsa-miR-548e-3p	0	0	4	0	0	2	0	0	299	0	0	2	95
hsa-miR-548u	0	0	0	0	0	0	2	0	10	0	0	0	2
hsa-miR-10395-3p	0	0	0	0	0	0	2	0	2	0	0	0	0
hsa-miR-548q	0	0	0	0	0	0	4	0	0	0	0	0	0
hsa-miR-3130-3p	0	0	0	0	0	2	0	0	0	0	0	0	0
hsa-miR-1248	0	0	2	0	0	0	0	0	0	0	0	0	0
hsa-miR-199b-5p	0	0	4	0	2	2	11	0	106	2	0	4	11
hsa-miR-548n	0	0	0	0	0	0	0	0	22	0	0	0	20
hsa-miR-21-3p	2	0	2	0	0	2	7	0	61	0	0	2	24
hsa-miR-143-5p	0	2	0	0	0	0	0	0	9	0	0	0	0
hsa-miR-1246	7	33	63	13	11	95	44	0	109	45	0	199	58
hsa-miR-548l	0	0	0	0	0	0	0	0	4	0	0	0	5
hsa-miR-335-5p	0	0	3	2	0	0	4	0	65	0	0	8	34
hsa-miR-1244	0	0	6	0	0	0	0	0	0	0	0	0	0
hsa-miR-548k	3	0	0	0	0	0	0	0	12	0	0	2	4
hsa-miR-548i	0	0	0	0	0	0	0	0	2	0	0	0	0
hsa-miR-411-5p	6	2	5	0	3	6	24	0	350	0	0	9	114
hsa-miR-7845-5p	0	0	0	0	0	0	0	0	0	0	0	0	2
hsa-miR-208a-3p	0	0	0	0	0	2	2	0	0	0	0	0	0
hsa-miR-23a-3p	38	17	33	8	9	10	129	0	266	31	0	215	230
hsa-miR-1228-5p	0	0	0	0	0	6	4	0	17	2	0	0	0
hsa-miR-382-5p	2	0	0	0	0	3	6	0	230	2	0	26	174
hsa-miR-195-3p	0	2	0	0	0	0	3	0	0	0	0	0	7
hsa-miR-1304-5p	2	0	2	0	0	0	2	0	88	0	0	0	25
hsa-miR-766-5p	0	2	7	0	0	0	0	0	26	0	0	0	7
hsa-miR-30a-3p	5	3	8	12	0	68	38	0	478	28	0	23	86
hsa-miR-4446-3p	9	0	18	0	0	4	23	0	13	10	0	8	41
hsa-miR-4999-3p	0	0	0	0	0	0	0	0	12	0	0	0	0
hsa-miR-452-5p	0	0	0	0	0	0	3	0	68	0	0	0	14
hsa-miR-320a-3p	487	474	981	286	381	264	1100	12	20621	277	11	2176	18564
hsa-miR-6859-5p	0	0	0	0	0	2	0	0	50	0	0	0	37
hsa-miR-6743-5p	0	0	0	0	0	3	0	0	0	0	0	0	0
hsa-miR-106b-3p	26	10	44	6	6	15	146	2	4269	75	0	59	2812
hsa-miR-27b-3p	41	75	189	35	25	278	493	0	32775	109	0	552	11860
hsa-miR-4796-5p	0	0	0	0	0	0	0	0	6	0	0	0	0
hsa-miR-548al	0	0	0	0	0	0	2	0	0	0	0	0	0
hsa-miR-7851-3p	2	0	0	0	0	0	0	0	0	0	0	0	0
hsa-miR-199b-3p	9	6	46	1	0	24	95	0	573	9	0	117	268
hsa-miR-330-5p	4	7	6	0	0	0	6	0	42	0	0	10	4
hsa-miR-143-3p	43	193	1113	48	35	179	414	0	47180	516	0	589	10793
hsa-miR-374c-5p	0	0	1	0	0	0	7	0	1	0	0	0	0
hsa-miR-335-3p	0	0	2	0	2	0	17	0	0	0	0	18	6
hsa-miR-548ab	0	0	0	0	0	0	0	0	22	0	0	0	4
hsa-miR-26a-5p	617	241	2301	49	50	370	5669	2	21638	757	0	4119	12818
hsa-miR-580-3p	0	4	2	0	2	0	0	0	3	0	0	0	0
hsa-miR-411-3p	0	0	0	0	0	0	0	0	2	0	0	8	0
hsa-miR-6813-5p	0	0	0	0	0	0	0	0	0	0	0	0	3
hsa-miR-4482-5p	0	0	0	0	0	0	0	0	19	0	0	0	0
hsa-miR-3614-5p	0	0	0	0	0	0	0	0	19	0	0	0	7
hsa-miR-181b-5p	14	12	34	4	0	105	85	0	69	51	0	102	19
hsa-miR-493-5p	2	0	2	0	0	17	39	0	53	9	0	30	21
hsa-miR-132-5p	0	17	0	0	0	3	7	0	22	2	0	5	2
hsa-miR-4750-5p	0	0	2	0	0	0	2	0	0	0	0	0	0
hsa-miR-324-5p	0	0	0	0	0	0	2	0	9	0	0	0	26
hsa-miR-4755-3p	0	0	0	0	0	0	0	0	11	0	0	0	0
hsa-miR-329-3p	0	0	0	0	0	0	3	0	0	0	0	4	2
hsa-miR-877-5p	0	0	2	2	0	0	2	0	16	0	0	0	8
hsa-miR-382-3p	0	0	2	0	0	0	11	0	51	0	0	16	41
hsa-miR-574-3p	0	0	0	0	0	0	0	0	0	0	0	53	0
hsa-miR-766-3p	0	0	0	0	0	0	0	0	0	0	0	4	0
hsa-miR-1304-3p	0	0	0	0	0	0	5	0	44	0	0	0	34
hsa-let-7g-5p	328	57	1011	224	179	278	2922	3	147245	830	0	1991	65650
hsa-miR-33a-5p	0	0	2	3	2	11	12	0	28	0	0	0	0
hsa-miR-4668-5p	0	0	0	0	0	0	0	0	7	0	0	0	0
hsa-miR-16-2-3p	17	87	198	19	17	74	389	0	4697	83	0	110	2570
hsa-miR-126-5p	8	5	75	5	14	44	94	0	1795	3	0	54	724
hsa-miR-6778-5p	0	0	0	0	0	5	0	0	0	0	0	0	0
hsa-miR-19a-3p	4	2	12	4	5	3	29	0	1261	4	0	6	206
hsa-miR-6859-3p	0	0	0	0	0	0	0	0	0	0	0	0	6
hsa-miR-181a-2-3p	5	24	32	0	0	6	68	0	2211	7	0	19	647
hsa-miR-4796-3p	0	0	0	0	0	0	0	0	4	0	0	0	0
hsa-miR-3928-3p	0	2	0	0	0	0	0	0	9	0	0	0	4
hsa-miR-1537-3p	0	0	0	0	0	0	2	0	0	0	0	0	0
hsa-miR-330-3p	16	12	55	0	0	2	34	0	136	11	0	26	256
hsa-miR-1203	0	0	2	0	0	0	0	0	0	0	0	0	0
hsa-miR-181b-3p	0	0	0	0	0	0	0	0	5	0	0	0	0
hsa-miR-493-3p	3	19	18	0	0	14	51	0	544	0	0	21	176
hsa-miR-132-3p	0	0	0	0	0	0	4	0	20	0	0	0	5
hsa-miR-511-5p	0	6	6	0	0	0	2	2	115	3	0	14	23
hsa-miR-324-3p	0	0	0	0	0	0	2	0	90	3	0	2	43
hsa-miR-708-3p	0	3	2	0	0	0	0	0	51	2	0	0	33
hsa-let-7f-2-3p	0	0	0	0	0	0	0	0	6	0	0	0	2
hsa-let-7b-5p	602	496	4179	967	725	2011	6519	4	86627	5097	0	2999	86907
hsa-let-7g-3p	0	0	0	0	0	2	3	0	7	2	0	0	0
hsa-miR-126-3p	207	132	1168	91	66	324	2846	0	84852	327	0	1180	32213
hsa-miR-581	0	0	0	0	0	0	0	0	23	0	0	0	6
hsa-miR-323a-3p	3	1	0	0	0	0	15	0	5	0	0	5	0
hsa-miR-505-5p	0	0	0	2	0	0	8	0	41	0	0	2	72
hsa-miR-28-5p	0	0	17	0	0	2	32	0	263	4	0	2	162
hsa-miR-202-3p	0	0	0	0	0	0	0	0	11	0	0	0	11
hsa-miR-450a-5p	0	8	2	2	0	3	13	0	12	0	0	7	7
hsa-miR-942-5p	0	0	13	2	0	4	23	0	27	2	0	0	7
hsa-miR-200a-5p	0	0	0	0	0	0	6	0	59	0	0	0	34
hsa-miR-7977	0	0	2	0	0	0	0	0	0	0	0	0	0
hsa-miR-7976	0	0	2	0	0	0	7	0	131	0	0	2	103
hsa-miR-7975	0	0	0	0	0	0	0	0	3	0	0	0	9
hsa-miR-1-3p	321	48	103	68	35	130	3222	0	539	115	0	371	204
hsa-miR-4738-3p	0	0	0	0	0	0	0	0	0	0	0	0	4
hsa-miR-6767-5p	0	0	0	0	0	0	0	0	3	0	0	0	18
hsa-miR-744-5p	78	102	230	10	16	79	357	0	1131	64	0	198	801
hsa-miR-6090	0	21	0	0	0	15	0	0	0	0	0	0	0
hsa-miR-365a-5p	4	0	0	0	0	0	0	0	0	0	0	0	0
hsa-miR-6837-5p	0	0	0	0	0	0	0	0	0	0	0	0	5
hsa-miR-6088	0	0	0	0	0	3	0	0	0	0	0	0	0
hsa-miR-6721-5p	0	0	0	0	0	0	4	0	2	0	0	0	4
hsa-miR-511-3p	2	0	2	5	0	5	4	0	0	9	0	16	6
hsa-miR-3691-5p	0	0	0	0	0	4	0	0	0	2	0	0	5
hsa-miR-6726-3p	0	0	0	0	0	0	2	0	0	0	0	0	0
hsa-let-7b-3p	0	0	0	0	0	0	0	0	6	0	0	0	2
hsa-miR-598-3p	2	0	0	0	0	0	2	0	95	0	0	0	3
hsa-miR-424-5p	0	0	2	0	0	0	0	0	47	0	0	0	14
hsa-miR-206	62	0	9	10	2	7	574	0	301	11	0	45	178
hsa-miR-7113-5p	2	0	0	0	0	0	2	0	0	0	0	0	0
hsa-miR-2355-3p	0	0	2	0	0	0	2	0	11	0	0	0	4
hsa-miR-505-3p	2	0	2	0	0	0	0	0	0	0	0	0	0
hsa-miR-3190-3p	0	0	0	0	0	0	0	0	7	0	0	0	11
hsa-miR-28-3p	20	36	76	2	0	6	68	3	168	4	0	49	225
hsa-miR-942-3p	0	0	0	0	0	0	0	0	5	0	0	0	0
hsa-miR-509-3-5p	6	99	25	2	0	176	53	0	7	72	3	103	7
hsa-miR-200a-3p	0	0	3	0	0	0	4	0	886	2	0	3	848
hsa-miR-668-3p	0	0	0	0	0	0	2	0	0	0	0	0	0
hsa-miR-151b	12	1	39	10	1	3	83	0	22	6	0	5	28
hsa-miR-3679-5p	0	0	2	0	0	0	2	0	2	0	0	0	0
hsa-miR-17-5p	19	0	18	4	0	20	37	0	2004	5	0	36	1023
hsa-miR-552-3p	0	0	0	0	0	0	0	0	18	0	0	0	5
hsa-miR-29a-3p	59	82	223	48	35	463	522	0	2903	146	0	365	1193
hsa-miR-197-5p	0	0	3	0	0	0	0	0	0	0	0	0	3
hsa-miR-5787	0	8	0	0	0	0	0	0	0	0	0	0	0
hsa-miR-6843-3p	0	0	0	0	0	0	2	0	0	0	0	0	0
hsa-miR-4477a	0	0	0	0	0	0	0	0	9	0	0	0	0
hsa-miR-181b-2-3p	0	0	3	0	0	0	0	0	0	0	0	0	2
hsa-miR-10396b-5p	1	25	9	3	5	19	17	0	0	3	0	5	0
hsa-miR-3173-5p	0	0	0	0	0	0	0	0	0	0	0	3	0
hsa-miR-3912-3p	0	0	0	0	0	0	0	0	69	0	0	0	13
hsa-miR-6863	0	2	0	0	0	0	0	0	0	0	0	0	0
hsa-miR-365a-3p	0	0	0	0	0	0	0	0	0	0	0	0	3
hsa-miR-30c-5p	25	3	42	0	0	4	161	0	35	12	0	121	8
hsa-miR-6837-3p	0	0	0	0	0	0	0	0	24	0	0	0	3
hsa-miR-301a-5p	0	0	0	0	0	0	0	0	19	0	0	0	10
hsa-miR-219a-2-3p	0	0	0	0	0	2	0	0	12	5	0	0	0
hsa-miR-5003-3p	0	0	0	0	0	0	0	0	0	0	0	0	5
hsa-miR-424-3p	0	9	19	0	0	6	12	0	301	2	0	9	202
hsa-miR-6826-5p	0	0	0	0	0	0	2	0	0	0	0	0	0
hsa-miR-543	8	36	41	0	0	16	106	0	78	8	0	57	103
hsa-miR-145-5p	0	0	2	0	0	0	4	0	2	0	0	12	0
hsa-miR-664a-5p	0	0	0	0	0	4	13	0	337	2	0	26	197
hsa-miR-337-5p	0	0	0	0	0	0	0	0	0	0	0	0	5
hsa-miR-190a-5p	0	0	0	0	2	0	6	0	0	2	0	0	0
hsa-miR-221-5p	2	0	3	0	0	0	6	0	210	0	0	4	113
hsa-miR-4659a-5p	0	0	0	0	0	0	0	0	0	0	0	0	3
hsa-miR-4688	0	0	0	0	0	0	0	0	0	0	0	0	3
hsa-miR-15b-5p	2	0	16	2	0	3	20	0	166	0	0	40	165
hsa-miR-4326	0	0	6	0	0	0	4	0	0	0	0	0	0
hsa-miR-1255a	0	0	0	0	0	0	4	0	24	0	0	3	15
hsa-miR-17-3p	0	0	0	0	0	0	4	0	21	0	0	0	9
hsa-miR-139-5p	7	5	58	0	0	11	147	0	68	21	0	112	43
hsa-miR-151a-5p	132	1	230	16	15	3	756	0	127	21	0	15	119
hsa-miR-192-5p	40	39	199	78	29	130	493	0	93507	200	0	230	40025
hsa-miR-197-3p	0	0	0	0	0	0	7	0	6	0	0	20	0
hsa-miR-3942-5p	0	0	0	0	0	0	0	0	9	0	0	0	4
hsa-miR-1288-3p	0	0	0	0	0	0	0	0	15	0	0	0	0
hsa-miR-215-5p	3	7	13	6	6	26	32	0	9015	17	0	47	3382
hsa-miR-1306-5p	0	0	0	0	0	0	0	0	3	0	0	0	7
hsa-miR-516b-5p	0	0	0	0	0	0	0	0	11	0	0	0	8
hsa-miR-6867-5p	0	0	0	0	0	0	0	0	6	0	0	0	0
hsa-miR-376b-3p	3	0	3	0	0	0	0	0	0	0	0	0	0
hsa-miR-148b-5p	0	0	6	2	0	0	7	0	0	0	0	0	0
hsa-miR-186-5p	42	44	115	23	19	16	149	0	2746	61	0	70	896
hsa-miR-5586-5p	0	0	0	0	0	0	0	0	0	0	0	2	0
hsa-miR-4678	0	0	0	0	0	0	0	0	3	0	0	0	0
hsa-miR-454-5p	0	0	0	0	0	0	2	0	6	0	0	0	24
hsa-miR-301a-3p	0	2	0	0	0	0	2	0	9	0	0	0	0
hsa-miR-4674	0	0	0	0	0	4	0	0	0	0	0	0	0
hsa-miR-4672	0	0	0	0	0	0	0	0	2	0	0	0	13
hsa-miR-6821-5p	0	4	0	0	0	0	0	0	0	0	0	0	0
hsa-miR-203a-3p	2	7	10	2	3	53	42	0	89	4	0	21	57
hsa-miR-4687-3p	0	0	0	0	0	0	0	0	0	0	0	2	0
hsa-miR-140-5p	2	2	3	3	0	0	21	0	9	2	0	6	9
hsa-miR-664a-3p	0	0	0	0	0	0	0	0	0	0	0	8	0
hsa-miR-145-3p	0	0	7	0	2	0	0	0	335	4	0	5	125
hsa-miR-885-5p	0	0	0	0	0	0	0	0	0	0	0	0	4
hsa-miR-337-3p	0	0	0	0	0	0	0	0	0	0	0	5	0
hsa-miR-582-3p	2	7	4	0	0	11	2	0	396	7	0	7	59
hsa-miR-221-3p	100	146	240	4	0	32	241	0	113	49	0	333	161
hsa-miR-4669	0	0	2	0	0	0	0	0	29	0	0	2	23
hsa-miR-4659a-3p	0	2	0	0	0	1	0	0	58	4	0	0	18
hsa-miR-6815-5p	0	0	2	0	0	0	2	0	0	0	0	0	5
hsa-miR-15b-3p	2	0	8	0	0	2	8	0	136	2	0	12	37
hsa-miR-4306	3	6	9	3	4	130	21	0	36	4	0	19	21
hsa-miR-3121-3p	0	0	0	0	0	0	0	0	9	0	0	0	0
hsa-miR-134-5p	17	96	30	2	3	63	101	2	332	10	0	62	284
hsa-miR-320e	0	1	0	0	0	1	3	0	5	0	0	2	7
hsa-miR-181d-5p	0	2	6	0	0	12	13	0	13	0	0	7	10
hsa-miR-320d	1	4	2	0	1	10	3	0	53	0	0	7	102
hsa-miR-320c	6	35	18	4	6	72	27	0	131	12	0	92	168
hsa-miR-139-3p	6	5	15	4	0	0	28	0	120	6	0	7	155
hsa-miR-320b	30	118	79	19	17	224	103	3	324	61	6	309	304
hsa-miR-151a-3p	597	621	1618	50	51	367	2521	113	22912	837	0	468	16355
hsa-miR-1306-3p	0	0	6	0	0	2	0	0	20	0	0	0	49
hsa-miR-6809-5p	0	0	0	0	0	0	0	0	3	2	0	0	0
hsa-let-7i-5p	663	112	2049	288	250	432	4775	14	254466	1716	2	2038	130802
hsa-miR-6862-5p	0	0	0	0	0	0	0	0	7	0	0	0	0
hsa-miR-6501-5p	0	0	0	0	0	0	0	0	4	0	0	0	0
hsa-miR-652-3p	2	4	44	4	2	2	44	0	665	14	0	16	231
hsa-miR-148b-3p	148	61	262	15	18	73	572	0	10389	110	0	223	3203
hsa-miR-1843	3	4	5	0	0	0	13	0	138	2	0	7	80
hsa-miR-4746-5p	0	0	0	0	0	0	3	0	53	3	0	0	40
hsa-miR-186-3p	0	0	0	0	0	0	4	0	0	0	0	0	0
hsa-miR-204-5p	0	0	0	0	0	0	0	0	0	0	0	0	2
hsa-miR-1277-3p	0	0	0	0	0	0	2	0	10	4	0	2	0
hsa-miR-4657	0	0	0	0	0	0	0	0	13	0	0	0	0
hsa-miR-454-3p	0	0	0	0	3	0	3	0	7	0	0	0	0
hsa-miR-4654	0	0	0	0	0	0	0	0	4	0	0	0	0
hsa-miR-130b-5p	2	0	11	0	0	3	31	0	0	0	0	8	0
hsa-miR-5196-3p	0	0	0	0	0	0	0	0	0	0	0	0	2
hsa-miR-193a-5p	0	10	0	0	0	3	2	0	769	2	0	9	599
hsa-miR-18b-5p	0	0	0	0	0	0	2	0	7	0	0	0	5
hsa-miR-92a-3p	311	361	1129	144	210	363	2326	5	18560	580	0	1451	10872
hsa-miR-140-3p	172	381	548	83	53	86	628	8	64751	303	0	467	22985
hsa-miR-3151-5p	0	0	0	0	0	0	2	0	0	0	0	0	0
hsa-miR-6734-5p	0	0	6	0	0	4	4	0	12	0	0	0	26
hsa-miR-885-3p	0	0	0	0	0	0	0	0	21	0	0	0	5
hsa-miR-1185-1-3p	0	0	2	0	0	4	0	0	44	0	0	0	2
hsa-miR-4671-5p	0	2	0	0	0	0	0	0	0	0	0	0	0
hsa-miR-548ay-3p	0	0	0	0	0	0	0	0	0	0	0	0	2
hsa-miR-629-5p	12	7	21	3	2	17	39	0	1621	13	0	20	662
hsa-miR-9985	0	0	1	1	0	45	16	0	50	4	0	16	28
hsa-miR-495-3p	0	7	4	0	0	0	4	0	30	0	0	31	3
hsa-miR-210-3p	0	0	2	0	0	13	6	0	71	0	0	0	41
hsa-miR-1301-3p	2	13	22	0	0	0	25	0	57	0	0	11	35
hsa-miR-6804-5p	0	0	0	0	0	0	0	0	6	0	0	0	3
hsa-let-7d-5p	77	21	216	42	36	108	688	2	4142	125	0	945	4005
hsa-let-7i-3p	2	0	0	0	0	3	0	0	21	0	0	0	2
hsa-miR-3605-5p	0	0	0	0	0	0	0	0	57	0	0	0	92
hsa-miR-6501-3p	0	0	2	0	0	0	0	0	0	0	0	0	0
hsa-miR-2110	7	0	9	0	2	0	54	0	228	7	0	16	234
hsa-miR-4665-5p	0	0	0	0	0	0	5	0	0	0	0	0	0
hsa-miR-1827	0	0	0	0	0	4	3	0	14	2	0	2	3
hsa-miR-128-3p	75	130	427	8	4	128	827	0	993	98	0	293	846
hsa-miR-378a-5p	0	0	0	0	0	0	0	0	14	0	0	0	3
hsa-miR-3192-5p	0	0	0	0	0	0	0	0	0	0	0	0	7
hsa-miR-204-3p	0	2	0	0	0	0	0	0	54	3	0	6	9
hsa-miR-4637	0	0	0	0	0	0	0	0	2	0	0	0	0
hsa-miR-128-1-5p	0	0	0	0	0	0	0	0	10	0	0	0	0
hsa-miR-130b-3p	0	3	4	0	0	2	7	0	41	0	0	0	15
hsa-miR-362-5p	2	0	0	0	0	0	2	0	0	0	0	0	0
hsa-miR-1295b-3p	0	0	0	0	0	0	0	0	0	0	0	0	4
hsa-miR-29c-5p	3	0	2	2	0	4	0	0	0	0	0	2	0
hsa-miR-193a-3p	0	0	0	3	2	0	0	0	0	0	0	6	0
hsa-miR-18b-3p	0	0	0	0	0	0	0	0	0	0	0	0	3
hsa-miR-92a-1-5p	0	0	0	0	0	0	0	0	9	0	0	0	9
hsa-miR-548at-3p	0	0	0	0	0	0	0	0	7	0	0	0	9
hsa-miR-3064-5p	0	5	0	0	0	0	0	0	3	0	0	0	0
hsa-miR-432-5p	12	9	37	3	2	16	99	0	132	6	0	65	108
hsa-miR-624-5p	0	0	0	0	0	0	0	0	18	0	0	0	0
hsa-miR-490-3p	0	0	0	0	0	4	0	0	0	0	0	0	0
hsa-miR-6892-5p	0	3	3	0	0	0	2	0	0	0	0	0	0
hsa-miR-8086	0	0	0	0	0	0	0	0	2	0	0	0	0
hsa-miR-874-3p	0	0	0	0	0	0	0	0	15	0	0	0	6
hsa-miR-31-5p	0	3	0	0	0	2	0	0	19	0	0	0	0
hsa-miR-99b-5p	53	29	89	0	0	19	243	0	548	17	0	110	665
hsa-miR-1249-5p	0	0	0	0	0	0	0	0	0	0	0	0	3
hsa-let-7d-3p	8	6	31	0	2	13	108	0	176	6	0	41	225
hsa-miR-5703	0	0	0	0	0	0	0	0	0	0	0	0	5
hsa-miR-3605-3p	0	0	0	0	0	0	3	0	0	0	0	0	0
hsa-miR-10399-5p	0	0	0	0	0	2	0	0	37	0	0	0	4
hsa-miR-671-5p	0	4	0	0	0	0	0	0	25	0	0	0	2
hsa-miR-6717-5p	0	0	0	0	0	0	3	0	0	2	0	0	0
hsa-miR-378a-3p	45	107	103	45	15	40	134	10	16242	37	0	82	5116
hsa-miR-25-5p	0	11	4	0	0	8	13	0	25	2	0	2	13
hsa-miR-1296-5p	0	0	2	0	3	0	0	0	13	0	0	2	0
hsa-miR-200c-3p	0	3	0	0	0	0	9	0	156	0	0	4	192
hsa-miR-589-5p	0	0	4	0	0	0	2	0	115	10	0	0	40
hsa-miR-196a-5p	0	0	0	0	0	0	0	0	4	0	0	0	0
hsa-miR-642a-3p	0	0	0	0	0	0	0	0	8	2	0	0	2
hsa-miR-7109-5p	0	0	3	0	0	0	0	0	0	0	0	0	0
hsa-miR-6764-5p	0	0	0	0	0	0	2	0	5	0	0	0	0
hsa-miR-29c-3p	4	1	2	7	2	2	14	0	169	0	0	9	71
hsa-miR-125b-2-3p	0	0	0	0	0	2	0	0	171	0	0	0	112
hsa-miR-659-5p	0	0	0	0	0	0	0	0	58	0	0	0	11
hsa-miR-4433a-3p	0	0	0	0	0	0	0	0	0	2	0	0	0
hsa-miR-30e-5p	87	73	277	21	24	170	411	6	19102	66	0	234	9544
hsa-miR-8069	2	12	0	0	0	6	7	0	0	3	0	0	0
hsa-miR-3140-3p	0	0	0	0	0	0	0	0	17	0	0	0	0
hsa-miR-345-5p	2	0	0	0	0	2	6	0	199	0	0	2	68
hsa-miR-99b-3p	2	0	10	2	0	0	0	0	64	0	0	0	43
hsa-miR-11401	0	0	4	2	0	0	0	0	194	0	0	0	149
hsa-miR-11400	4	2	16	0	0	21	34	0	256	2	0	15	194
hsa-miR-6828-5p	0	0	0	0	0	0	0	2	0	0	0	0	0
hsa-miR-10394-5p	0	0	0	0	0	2	2	0	0	0	0	0	0
hsa-miR-125a-5p	23	13	36	3	0	0	96	0	152	6	0	61	120
hsa-miR-10399-3p	6	0	2	0	0	7	8	0	0	0	0	0	0
hsa-miR-671-3p	0	0	0	0	0	2	32	0	19	0	0	6	4
hsa-miR-133b	0	0	0	0	0	0	3	0	0	0	0	0	0
hsa-miR-103a-3p	279	91	546	190	182	150	1155	1	6346	165	0	523	2859
hsa-miR-502-3p	0	0	0	0	0	0	13	0	12	0	0	2	23
hsa-miR-25-3p	181	122	424	126	77	63	918	4	23346	331	0	363	16663
hsa-miR-339-5p	0	0	6	0	0	2	27	0	36	0	0	14	6
hsa-miR-584-5p	37	62	209	0	3	60	271	2	392	56	0	67	209
hsa-miR-223-5p	6	6	45	0	0	12	81	0	0	30	0	2	0
hsa-miR-6799-5p	0	0	0	0	0	2	0	0	0	2	0	0	0
hsa-miR-589-3p	0	0	0	0	0	3	0	0	0	0	0	0	0
hsa-miR-1180-3p	15	16	24	3	7	4	75	0	339	17	0	9	227
hsa-miR-371b-5p	0	0	0	0	0	0	0	0	0	0	0	2	0
hsa-miR-500a-5p	0	0	0	0	0	0	0	0	6	0	0	0	0
hsa-miR-660-5p	3	2	16	0	2	0	26	0	564	2	0	4	145
hsa-miR-6514-5p	0	0	0	0	0	0	0	0	13	0	0	0	0
hsa-miR-6875-5p	0	0	0	0	0	0	0	0	15	0	0	0	5
hsa-miR-194-5p	2	2	9	0	2	7	34	0	121	7	0	23	38
hsa-miR-409-5p	0	0	0	0	0	0	4	0	3	0	0	0	25
hsa-miR-101-5p	0	0	0	0	0	0	0	0	15	0	0	0	3
hsa-miR-654-5p	8	4	11	2	0	2	30	0	35	7	0	10	38
hsa-miR-188-5p	0	0	0	0	0	0	0	0	8	0	0	0	10
hsa-miR-5588-5p	0	0	0	0	0	0	0	0	9	0	0	0	0
hsa-miR-30e-3p	8	3	21	10	0	72	135	0	1797	38	0	33	472
hsa-miR-340-5p	9	29	62	0	0	35	162	0	922	23	0	84	256
hsa-miR-532-5p	41	41	111	21	21	13	228	0	24913	61	0	39	7371
hsa-miR-106a-5p	0	0	1	0	0	5	4	0	587	4	0	4	243
hsa-miR-27a-5p	0	0	0	0	2	0	0	0	82	0	0	0	33
hsa-miR-10b-5p	24	9	122	11	15	70	170	0	28941	109	0	287	12144
hsa-miR-10394-3p	2	0	0	0	0	0	7	0	0	8	0	0	0
hsa-miR-125a-3p	0	0	0	0	0	0	0	0	17	0	0	3	0
hsa-miR-7850-5p	0	0	0	0	0	0	0	0	10	0	0	0	0
hsa-miR-199a-5p	50	6	93	5	0	14	174	0	1285	31	0	104	274
hsa-miR-3682-3p	0	0	0	0	0	0	0	0	0	0	0	0	6
hsa-miR-142-5p	96	148	447	162	94	775	1075	0	4076	366	0	956	3248
hsa-miR-550b-2-5p	0	0	0	0	0	0	0	0	0	0	0	0	2
hsa-miR-339-3p	0	0	6	0	0	6	11	0	276	0	0	2	144
hsa-miR-410-5p	0	0	0	0	0	0	0	0	0	0	0	0	14
hsa-miR-223-3p	22	0	25	0	5	14	49	0	102	11	0	418	46
hsa-miR-219a-5p	0	0	0	0	0	0	0	0	0	0	0	0	7
hsa-miR-660-3p	0	0	0	0	0	0	0	0	20	0	0	0	6
hsa-miR-500a-3p	0	0	0	0	0	0	3	0	381	0	0	3	136
hsa-miR-1323	0	0	2	0	0	0	0	0	0	0	0	0	0
hsa-miR-497-5p	0	0	0	0	0	0	0	0	4	0	0	0	3
hsa-miR-136-5p	2	3	11	0	0	0	9	2	58	0	0	5	5
hsa-miR-328-5p	0	2	0	0	0	0	0	0	0	0	0	0	0
hsa-miR-194-3p	0	0	0	0	0	0	3	0	5	0	0	0	6
hsa-miR-449c-5p	0	0	0	0	0	0	0	0	0	0	0	0	5
hsa-miR-4498	0	0	0	0	0	0	0	0	0	0	0	0	5
hsa-miR-212-5p	0	0	0	0	0	0	5	0	0	0	0	0	0
hsa-miR-3944-3p	0	0	0	0	0	0	0	0	8	0	0	0	0
hsa-miR-4497	0	0	0	0	0	3	0	0	0	2	0	0	0
hsa-miR-96-5p	0	0	0	0	0	5	5	0	163	0	0	5	49
hsa-miR-409-3p	20	19	11	0	0	16	77	0	0	6	0	12	4
hsa-miR-101-3p	386	194	1417	429	319	364	2426	0	291645	835	0	363	62697
hsa-miR-6503-5p	2	0	2	2	0	21	8	0	0	0	0	3	0
hsa-miR-4492	0	0	5	0	0	0	5	0	0	3	0	0	0
hsa-miR-654-3p	4	4	0	0	0	12	27	0	5	4	0	9	10
hsa-miR-3117-3p	0	0	0	0	0	0	0	0	7	0	0	0	0
hsa-miR-5699-5p	0	0	0	0	0	0	0	0	0	0	0	0	2
hsa-miR-183-5p	19	0	60	18	2	22	231	0	22727	177	0	64	10517
hsa-miR-4690-3p	0	0	0	0	0	0	0	0	17	0	0	0	5
hsa-miR-9903	0	0	0	0	0	0	0	0	13	0	0	0	9
hsa-miR-340-3p	0	4	20	6	2	19	65	0	151	6	0	28	53
hsa-miR-9901	0	0	0	0	2	0	0	0	0	0	0	0	0
hsa-miR-106a-3p	0	0	0	0	0	0	0	0	14	0	0	0	0
hsa-miR-532-3p	0	0	0	0	0	0	5	0	0	0	0	2	0
hsa-miR-27a-3p	25	52	140	32	23	276	370	0	15084	99	0	391	4075
hsa-miR-4489	0	0	2	0	0	0	0	0	16	0	0	0	16
hsa-miR-10b-3p	0	0	0	0	0	0	0	0	8	0	0	0	3
hsa-miR-4488	0	2	9	0	6	2	12	0	11	2	0	0	4
hsa-miR-369-5p	0	0	0	0	0	0	3	0	141	4	0	3	64
hsa-miR-199a-3p	18	13	92	2	0	49	186	0	1127	17	0	235	542
hsa-miR-374b-5p	4	0	6	2	0	0	23	0	90	4	0	10	22
hsa-miR-142-3p	23	4	23	9	2	10	97	0	616	5	0	13	85
hsa-miR-663b	0	0	0	0	0	0	7	0	0	0	0	0	0
hsa-miR-663a	0	0	2	0	0	0	5	0	0	0	0	0	0
hsa-miR-6736-5p	0	0	0	0	0	0	2	0	0	0	0	0	0
hsa-miR-3158-3p	0	4	2	5	0	2	50	0	2882	29	0	2	590
hsa-miR-5187-5p	0	0	10	0	0	0	0	0	0	0	0	0	4
hsa-miR-410-3p	5	4	4	0	0	0	9	0	31	0	0	0	18
hsa-miR-6812-5p	0	0	2	0	0	0	0	0	0	0	0	0	0
hsa-miR-3613-5p	0	0	2	0	0	0	7	0	151	0	0	0	23
hsa-miR-10401-5p	4	0	6	5	4	0	28	0	0	9	0	0	0
hsa-miR-1303	0	0	0	0	0	0	0	0	0	0	0	0	6
hsa-miR-181a-5p	244	160	361	7	8	295	900	9	287	176	2	496	127
hsa-miR-497-3p	2	0	0	0	0	0	0	0	0	0	0	0	0
hsa-miR-136-3p	0	0	0	0	0	0	2	0	89	0	0	6	32
hsa-miR-328-3p	14	5	33	4	4	0	122	0	37	6	0	38	17
hsa-miR-381-3p	36	37	41	4	9	13	142	0	435	10	0	34	104
hsa-miR-4479	0	0	0	0	0	0	0	0	6	0	0	0	0
hsa-miR-6783-5p	0	0	0	0	0	0	3	0	0	0	0	0	0
hsa-let-7f-5p	580	346	3267	958	479	1813	10015	266	130581	5285	5	9372	64105
hsa-miR-4473	0	0	2	0	0	0	19	0	0	5	0	6	0
hsa-miR-6503-3p	0	0	7	0	0	0	2	0	12	0	0	0	11
hsa-miR-4470	0	0	0	0	0	0	2	0	11	0	0	0	0
hsa-miR-486-5p	734	61	1657	165	99	1812	4943	25	18335	1259	4	901	38773
hsa-miR-509-5p	0	0	0	0	0	0	2	0	0	0	0	0	0
hsa-miR-326	0	0	0	0	0	0	4	0	5	0	0	0	0
hsa-miR-375-3p	9	14	36	15	9	24	27	0	1820	35	0	55	1175
hsa-miR-6777-5p	0	0	0	0	0	0	0	0	0	0	0	0	7
hsa-miR-369-3p	2	0	0	0	0	0	2	0	0	0	0	4	0
hsa-miR-4466	2	7	7	9	4	6	11	0	0	4	0	10	2
hsa-miR-4463	0	2	0	0	0	0	3	0	0	0	0	0	0
hsa-miR-6847-5p	0	0	0	0	0	0	5	0	2	0	0	0	0
hsa-miR-1269a	0	0	0	0	0	0	0	0	5	0	0	0	0
hsa-miR-20b-5p	2	0	0	1	2	38	9	0	710	0	0	4	246
hsa-miR-146b-5p	106	196	496	7	5	134	563	24	107	145	0	157	86
hsa-miR-135a-3p	0	0	0	0	0	0	2	0	0	0	0	0	6
hsa-miR-548av-3p	0	0	0	0	0	0	0	0	5	0	0	0	0
hsa-miR-181a-3p	0	4	0	0	0	0	11	0	77	2	0	4	37
hsa-miR-6783-3p	0	0	0	0	0	0	0	0	0	2	0	0	0
hsa-let-7f-1-3p	0	0	0	0	0	0	0	0	0	0	0	2	7
hsa-miR-487b-3p	0	0	0	0	0	0	0	0	10	0	0	3	5
hsa-let-7a-5p	653	315	2405	614	329	1295	9263	15	64931	4122	0	6382	58329
hsa-miR-7706	0	2	3	0	2	2	16	0	273	4	0	7	142
hsa-miR-7705	0	0	0	0	0	3	0	0	0	0	0	0	0
hsa-miR-6806-3p	0	0	0	0	0	0	2	0	31	0	0	0	6
hsa-miR-7704	276	2490	2296	333	206	402	2410	0	6	1623	0	2812	6
hsa-miR-597-5p	0	0	2	0	0	0	0	0	3	0	0	0	0
hsa-miR-486-3p	10	5	33	4	7	2	79	0	4581	32	0	41	3047
hsa-miR-504-5p	0	0	0	0	0	0	0	0	0	0	0	2	0
hsa-miR-3136-5p	0	0	0	0	0	0	0	0	7	0	0	0	0
hsa-miR-370-3p	161	175	140	2	6	35	660	0	378	46	0	168	298
hsa-miR-509-3p	0	0	0	0	0	0	0	0	0	0	0	0	3
hsa-miR-1298-5p	0	0	0	0	0	0	0	0	5	0	0	0	2
hsa-miR-4732-5p	2	0	5	6	0	3	11	0	389	0	0	5	301
hsa-miR-5094	0	0	0	0	0	0	0	0	13	0	0	0	4
hsa-miR-4449	0	0	0	2	0	0	0	0	0	0	0	0	0
hsa-miR-4444	0	0	0	0	0	0	7	0	0	0	0	0	0
hsa-miR-6842-5p	0	0	0	0	0	0	0	0	12	0	0	0	0
hsa-miR-4443	2	84	16	0	0	158	100	0	0	185	3	0	0
hsa-miR-1193	0	0	0	0	0	0	0	0	2	0	0	0	0
hsa-miR-20b-3p	0	0	0	0	0	0	0	0	7	0	0	0	0
hsa-miR-1915-3p	0	2	0	0	0	0	0	0	0	0	0	0	0
hsa-miR-146b-3p	0	0	0	0	0	3	2	0	63	0	0	2	36
hsa-miR-658	0	141	6	0	8	433	5	0	0	8	0	37	0
hsa-miR-545-5p	0	0	0	0	0	0	0	0	8	0	0	0	0
hsa-miR-155-5p	11	5	11	2	0	0	26	0	84	8	0	22	62
hsa-miR-4437	0	0	0	0	0	0	0	0	3	0	0	0	0
hsa-let-7a-3p	0	3	0	0	0	2	14	0	367	2	0	8	73
hsa-miR-539-5p	0	0	0	0	0	0	2	0	0	0	0	0	0
hsa-miR-4435	0	0	0	0	0	0	0	0	21	0	0	0	14
hsa-miR-423-5p	595	784	2001	367	334	928	2814	8	66578	1265	0	1393	54023
hsa-miR-4791	0	0	2	0	0	0	0	0	19	0	0	0	14
hsa-miR-22-5p	8	0	2	0	0	3	0	0	199	2	0	2	167
hsa-miR-24-2-5p	0	21	20	0	0	30	43	0	0	12	0	28	0
hsa-miR-6772-3p	0	2	0	2	0	0	0	0	0	0	0	0	0
hsa-miR-641	0	0	5	0	0	7	12	0	66	0	0	0	39
hsa-miR-7106-5p	0	0	0	0	0	0	0	0	0	0	0	0	2
hsa-miR-6877-5p	0	0	0	0	0	0	2	0	5	0	0	0	0
hsa-miR-4732-3p	0	0	0	0	0	0	0	0	15	0	0	0	8
hsa-miR-23b-5p	0	0	0	0	0	0	3	0	0	0	0	0	0
hsa-miR-16-5p	56	6	155	63	39	44	227	0	14954	31	0	108	7278
hsa-miR-4429	0	0	1	0	0	0	2	0	4	0	0	0	6
hsa-miR-1287-5p	0	0	2	0	0	0	3	0	12	0	0	0	29
hsa-miR-6842-3p	0	0	3	0	0	0	0	0	0	0	0	3	0
hsa-miR-3135a	0	0	0	0	0	0	0	0	0	0	0	0	2
hsa-miR-10396a-5p	1	13	4	1	3	10	7	0	0	2	0	3	0
hsa-miR-6755-5p	0	0	0	0	0	0	0	0	8	0	0	0	2
hsa-miR-636	0	0	0	0	0	3	0	0	0	0	0	0	0
hsa-miR-3177-3p	2	0	0	0	0	3	3	0	40	3	0	2	15
kshv-miR-K12-1-5p	0	0	0	0	2	0	0	0	0	0	0	0	0
hsa-miR-30b-5p	4	0	2	0	0	0	15	0	14	1	0	6	20
hsa-miR-219a-1-3p	0	3	0	0	0	8	5	0	15	0	0	0	0
hsa-miR-150-5p	7	2	14	0	0	2	30	0	73	2	0	115	65
hsa-miR-342-5p	0	8	32	4	4	26	63	0	834	20	0	12	596
hsa-miR-3690	0	0	0	0	0	0	0	0	21	0	0	0	11
hsa-miR-6780a-5p	0	0	0	0	0	0	0	0	3	0	0	0	0
hsa-miR-539-3p	0	0	0	0	0	0	0	0	5	0	0	0	8
hsa-miR-4775	0	0	0	0	0	0	2	0	4	0	0	0	0
hsa-miR-548f-3p	0	0	0	0	0	0	0	0	2	0	0	0	0
hsa-miR-423-3p	93	168	294	16	23	269	582	10	2184	88	0	319	1325
hsa-miR-6825-5p	0	0	0	0	0	0	2	0	0	0	0	0	0
hsa-miR-615-3p	0	0	0	2	0	0	0	0	0	0	0	3	0
hsa-miR-22-3p	1232	411	1692	41	47	1041	3208	10	5220	392	0	653	5201
hsa-miR-144-5p	29	0	39	36	22	0	286	0	1328	45	0	11	234
hsa-miR-412-5p	0	0	0	0	0	2	0	0	10	0	0	0	3
hsa-miR-15a-5p	13	0	19	20	11	6	41	0	386	2	0	7	266
hsa-miR-34c-5p	0	0	0	0	0	0	0	0	37	0	0	0	24
hsa-miR-3684	0	0	0	0	0	0	0	0	7	0	0	0	0
hsa-miR-6516-3p	0	0	0	0	0	0	2	0	5	0	0	0	0
hsa-miR-208b-3p	0	2	0	0	0	5	0	0	10	0	0	4	0
hsa-miR-23b-3p	20	8	16	6	9	9	89	0	32	13	0	78	84
hsa-miR-138-5p	0	0	0	0	0	0	3	0	0	4	0	2	0
hsa-miR-191-5p	335	149	579	35	39	146	1199	0	4329	176	0	1511	4203
hsa-miR-184	0	0	0	0	0	0	0	0	219	0	0	0	111
