name	SRX2205015	SRX2204999	SRX2205014	SRX2205006	SRX2205007	SRX2205004	SRX2205005	SRX2205011	SRX2205010	SRX2205013	SRX2205012	SRX2205008	SRX2205009
hsa	88.53	63.3	78.83	4.13	5.78	51.12	84.52	58.0	39.01	85.38	40.62	63.86	29.41	692.4899999999999
unmapped	2.274556602147973	3.456811319827924	3.3894554536232024	91.52387195238553	89.80162998088883	3.1928642164441143	2.1290845112013774	14.973669604759204	49.3452055814737	1.5589573620829003	24.40512444335771	27.037891946576256	57.97250153547089	371.0616245102396
bacteria_collection	5.05	13.97	10.32	1.76	2.09	21.28	6.09	14.13	5.77	5.45	20.63	5.41	5.73	117.67999999999999
hsa-bacteria_collection	1.26	15.2	3.95	2.26	1.91	18.2	4.51	10.94	5.17	5.51	12.79	1.75	6.08	89.52999999999999
hsa_HR	2.16	0.75	1.64	0.07	0.15	1.01	1.68	0.51	0.28	1.16	0.2	0.99	0.27	10.87
bacteria_collection_HR	0.62	2.0	1.64	0.11	0.12	2.91	0.77	0.22	0.04	0.62	0.17	0.79	0.05	10.059999999999999
human_virus	0.04	0.44	0.09	0.01	0.01	0.78	0.09	0.62	0.1	0.09	0.48	0.07	0.12	2.94
bacteria_collection_HR-hsa_HR	0.02	0.27	0.04	0.01	0.01	0.61	0.05	0.23	0.09	0.07	0.24	0.02	0.12	1.7800000000000002
human_virus-bacteria_collection	0.02	0.35	0.04	0.09	0.09	0.47	0.07	0.13	0.08	0.07	0.17	0.03	0.11	1.7200000000000004
human_virus-hsa	0.01	0.15	0.03	0.01	0.0	0.25	0.05	0.12	0.04	0.05	0.12	0.02	0.05	0.9000000000000001
	sumhuman_virus-hsa-bacteria_collection	0.01	0.12	0.02	0.03	0.03	0.19	0.04	0.14	0.07	0.04	0.18	0.02	0.08	0.9700000000000001
hsa_HR-human_virus_HR	0.0	0.0	0.0	0.0	0.0	0.0	0.0	0.0	0.0	0.0	0.0	0.0	0.0	0.0
bacteria_collection_HR-hsa_HR-human_virus_HR	0.0	0.0	0.0	0.0	0.0	0.0	0.0	0.0	0.0	0.0	0.0	0.0	0.0	0.0
