name	SRX2540520	SRX2540521	SRX2540509	SRX2540508	SRX2540518	SRX2540519	SRX2540514	SRX2540512	SRX2540513	SRX2540510	SRX2540511	SRX2540516	SRX2540517	SRX2540507	SRX2540515
hsa-miR-21-5p	614819	194955	384566	326545	574089	847809	263904	17388	12776	461911	365127	1370193	3142878	117208	433413	9127581.0
hsa-miR-451a	566417	102234	193425	111967	653002	334246	625256	13453	2836	164819	2249447	1312217	541388	46938	54623	6972268.0
hsa-miR-486-5p	566667	334669	206523	171693	524058	684164	294050	9546	11216	101331	410898	847498	1017532	71417	215388	5466650.0
hsa-miR-148a-3p	134592	110474	114767	57763	317113	192846	463704	14184	7811	71529	101826	1107811	1036545	42425	505252	4278639.18
hsa-let-7f-5p	156687	88072	114803	172411	395170	707302	267538	7908	4427	98836	208167	795759	401117	52243	279262	3749701.6299999994
hsa-let-7a-5p	193052	84368	133064	190141	365082	551471	437211	10647	7357	127711	188059	467791	431201	57204	337532	3581891.6500000004
hsa-miR-22-3p	148895	75120	36417	36824	241072	115230	153376	6465	3107	38143	70999	353972	1836913	10121	83199	3209853.0
hsa-let-7i-5p	121740	77265	75689	109121	312635	378595	143434	6308	2944	92380	392025	502632	258625	35557	161611	2670557.84
hsa-miR-122-5p	44387	34766	79854	16043	539969	251629	38973	2680	5777	30377	191235	78645	1159726	102541	83572	2660174.0
hsa-miR-26a-5p	174829	75888	151060	313775	179905	276999	141750	7118	4947	248412	151621	441796	182359	84090	220052	2654601.34
hsa-miR-92a-3p	174555	132012	123641	136075	288293	319160	187468	7876	7424	73389	110973	322942	333623	63492	110137	2391060.68
hsa-let-7g-5p	60230	43895	51582	75211	164918	335720	133374	3342	2196	58720	421368	440272	179346	24864	160766	2155805.0999999996
hsa-miR-30d-5p	132403	54320	142724	185946	150657	209442	55610	4945	4210	150845	84186	256203	178206	60624	140531	1810847.0
hsa-miR-320a-3p	228653	58478	58782	48418	199318	96037	60288	6185	6237	40682	60788	82968	398678	16758	98132	1460401.58
hsa-miR-101-3p	56816	58023	41694	17493	82030	62930	83873	1831	1166	26676	391017	299569	140757	8625	27658	1300158.0
hsa-miR-27a-3p	54644	26362	25312	9928	46882	30250	132431	3368	1224	8006	19672	381259	175765	4700	61185	980988.6700000003
hsa-let-7b-5p	69671	17262	38511	32400	99924	81531	97154	2800	2664	42475	199070	65555	138445	16136	77069	980668.74
hsa-miR-24-3p	58804	23738	31855	23924	41482	51358	99721	2519	1759	18744	14583	225501	221441	6448	110093	931970.0
hsa-miR-126-3p	93600	23120	57937	68107	44459	89586	24374	2100	2138	69237	88068	174660	90211	17105	53145	897847.0
hsa-miR-423-3p	60250	28699	43727	74443	66791	85773	56671	2610	2633	64522	18434	154623	81611	22920	112310	876017.0
hsa-miR-146a-5p	54477	18605	21679	50356	126026	129660	6380	1913	910	35416	24601	164141	90414	10894	59375	794845.0
hsa-miR-191-5p	56776	19389	40302	76909	48439	87402	39126	1771	2335	46315	22738	110147	66571	18771	97332	734323.0
hsa-miR-140-3p	56314	12018	24655	25229	35674	48647	55859	1208	1099	20154	131474	164474	54513	6610	89631	727559.0
hsa-miR-143-3p	30877	13240	65792	22271	23200	21008	145664	1299	601	20488	15432	172809	49585	11149	105320	698735.0
hsa-miR-185-5p	73349	52398	31562	32992	50776	97979	37933	1627	1102	15770	62450	102248	75572	8107	39422	683283.5
hsa-miR-423-5p	71125	19146	18591	16277	68070	28461	78274	3076	3093	72515	104068	28148	101950	9006	48302	670102.0
hsa-miR-103a-3p	32314	16519	16315	37857	35281	112447	23989	940	923	12944	37992	144156	59371	6044	55135	592226.3200000001
hsa-miR-99a-5p	26236	7703	10284	7770	49405	9547	13567	1075	781	5832	5150	48251	346709	3847	47214	583367.0
hsa-miR-25-3p	27831	17386	29689	35939	32752	64823	56655	1028	718	15166	89927	118675	56366	7755	28100	582809.67
hsa-miR-151a-3p	33794	10662	50667	66709	34047	57787	10434	1106	875	61069	44122	57540	36948	17585	28119	511464.0
hsa-miR-30e-5p	28340	19688	26009	25797	43300	48455	33061	1562	540	24113	52616	105113	48620	9780	36048	503037.0
hsa-miR-142-5p	19526	8095	16760	10206	27823	19523	72526	1634	732	15100	64851	127755	55752	5527	52331	498141.0
hsa-miR-10b-5p	29324	10518	11960	7876	79164	19477	6712	1093	667	3796	407	51893	200209	3380	38312	464785.5
hsa-miR-378a-3p	53039	25474	10168	6794	27267	28633	30495	1466	1833	5305	15833	109671	78576	2738	66912	464202.79999999993
hsa-miR-10a-5p	22733	8833	11438	9810	79569	18186	5449	1047	659	9293	1392	52764	207467	4089	26709	459436.0
hsa-miR-181a-5p	19425	10285	15497	12695	24102	14998	27450	958	700	8360	16304	136389	102293	2962	25679	418095.5
hsa-miR-27b-3p	17186	10812	13521	9889	23250	16873	27500	1020	416	11986	12954	77282	135330	3841	21400	383258.6699999999
hsa-miR-192-5p	11180	4508	11346	4676	23541	17635	19933	328	362	7533	57803	50615	101839	5614	11851	328759.0
hsa-let-7d-3p	19641	6611	7775	5417	39663	24092	18839	1418	761	1872	1135	47192	111975	3432	37822	327645.0
hsa-miR-29a-3p	4096	2473	2952	1659	6081	3001	9366	484	293	2770	7264	18082	260147	667	7606	326940.68
hsa-miR-128-3p	26774	9987	19208	15873	28114	29496	31207	1241	661	14947	4909	54265	42495	7364	31306	317847.0
hsa-miR-26b-5p	11205	8261	9243	11984	24662	34211	21311	453	453	11029	38595	79173	32418	3571	22862	309429.17
hsa-miR-221-3p	14196	20453	11356	21782	24139	32810	8113	877	323	16513	6021	56606	67471	4505	18366	303531.0
hsa-let-7d-5p	26631	5617	16106	23458	24512	34003	38547	995	658	17015	23141	20829	33469	7199	25038	297218.57
hsa-miR-629-5p	18991	14296	3333	2805	31474	15469	36050	1446	692	1953	5197	76743	38789	1244	46540	295022.0
hsa-miR-223-5p	18825	4499	12525	7685	19931	23669	22344	694	317	3141	2142	72099	19536	2750	49655	259812.0
hsa-miR-16-5p	9276	3018	9056	8297	15465	20110	12944	283	133	6823	90201	37714	23174	2090	6298	244883.02
hsa-miR-16-2-3p	12030	10893	6574	3258	40720	20521	24227	664	224	7303	9847	53870	34457	2428	9098	236114.0
hsa-miR-146b-5p	17378	5365	10512	20667	12846	28194	4466	484	717	33580	42988	20586	8852	5162	14314	226109.0
hsa-miR-222-3p	20874	7409	12635	18769	17816	35964	8343	785	739	18469	3077	22748	22783	7909	17924	216244.0
hsa-miR-148b-3p	10787	7416	9052	13188	15799	14485	13474	565	213	8754	17501	44834	30805	3754	14673	205297.68000000002
hsa-miR-144-3p	3927	3657	2190	1523	9513	7207	13851	188	197	1202	60549	60426	22245	804	1345	188824.0
hsa-miR-20a-5p	7497	4768	7326	6117	10722	34468	3754	180	145	4743	27510	55332	15391	1985	6658	186595.00000000003
hsa-miR-3615	12314	4229	4472	3681	14454	8946	25827	459	618	1614	1405	47407	28030	1181	23597	178234.0
hsa-miR-484	13579	9797	6914	12199	17601	17604	13238	464	397	5288	7649	35292	15336	2476	16575	174409.0
hsa-miR-532-5p	11355	6728	6585	6253	9217	12985	20979	491	275	6558	21861	25023	11513	2164	17578	159565.0
hsa-miR-99b-5p	12862	2545	4177	10920	13361	10850	2693	267	389	3818	745	20639	53108	5758	11876	154008.0
hsa-miR-584-5p	14185	5621	7009	9188	19782	23185	6034	345	310	6925	3131	23623	21250	3161	9981	153730.0
hsa-miR-340-5p	7998	4373	6380	4467	7919	7127	9237	263	138	5957	8689	57040	16861	2304	9412	148165.0
hsa-miR-23a-3p	7286	3571	6258	11888	7878	7599	10963	329	176	1924	2748	32726	33381	1326	14308	142356.16999999998
hsa-miR-100-5p	4539	5635	1861	911	10175	3601	5480	187	128	1107	3261	16004	70677	1006	3666	128233.5
hsa-miR-363-3p	7261	2049	3510	3593	11439	14670	8792	165	130	2106	28005	26819	15612	785	1865	126801.0
hsa-miR-186-5p	6487	5571	4713	4076	8311	11661	5153	252	129	5101	27313	26536	8491	1392	5276	120462.0
hsa-miR-30a-5p	5490	2956	5195	5140	7740	4795	1903	270	240	3069	1765	16454	51307	1524	7509	115353.0
hsa-miR-182-5p	3781	1624	2132	3104	15288	25289	10326	134	112	1397	19941	13029	10557	642	5665	113021.0
hsa-miR-7-5p	5327	2894	2763	2700	14149	21804	4623	216	186	2387	12185	19777	7333	733	9298	106374.98000000001
hsa-miR-193a-5p	8087	2793	1101	916	4949	9355	9251	319	351	120	49	22360	32631	258	13241	105781.0
hsa-miR-320b	7080	2523	1808	1147	11789	2757	4596	373	359	1057	1971	3766	61944	433	4075	105679.94
hsa-miR-199a-3p	3918	2586	3989	4637	7646	6531	8507	263	44	3441	1796	32055	19886	1319	7973	104589.98000000001
hsa-miR-93-5p	4168	2133	4191	6388	4851	15201	3439	80	123	2886	14080	27643	6483	1225	9274	102165.0
hsa-miR-125b-5p	2409	825	1302	887	3867	1537	1048	110	222	351	138	3517	78489	588	4930	100220.34
hsa-miR-1307-3p	8466	1836	8109	11949	3831	7127	6313	283	332	9901	3203	10937	7094	2813	14761	96955.0
hsa-miR-106b-3p	2781	2502	3624	4777	3856	7492	6734	118	113	3339	21217	16637	5281	1232	7338	87041.0
hsa-miR-30c-5p	6695	1893	3880	10701	5501	10557	3473	126	257	5878	3369	17482	5934	1764	8876	86386.34
hsa-miR-181b-5p	3489	2857	1743	1366	5675	3168	5085	212	143	1107	1652	23055	30778	323	5680	86331.84
hsa-miR-1-3p	2082	586	2073	2074	2830	2233	845	122	81	351	846	5416	61229	714	4722	86204.0
hsa-miR-744-5p	7174	1387	9304	11788	2306	4998	6367	256	272	9688	2880	5161	5027	3273	8390	78271.0
hsa-miR-28-3p	6490	1920	4361	5756	6146	7699	3259	154	205	5229	2026	13230	7674	1578	11777	77504.0
hsa-miR-183-5p	3131	935	1559	1643	9145	13228	9167	59	85	1581	18298	6731	7144	557	2818	76081.0
hsa-miR-127-3p	5436	1776	4325	11480	6531	7531	439	198	74	15229	1767	4879	3440	2168	2753	68026.0
hsa-miR-223-3p	3187	1034	8988	13559	1209	4113	3913	28	84	2335	1850	14510	2082	2049	7385	66326.0
hsa-miR-144-5p	2417	893	592	895	6187	13496	3520	69	89	249	7610	19184	9297	202	962	65662.0
hsa-miR-17-5p	3137	1262	2437	3370	3773	13264	1364	63	103	1876	5900	18444	5291	777	2890	63951.0
hsa-let-7c-5p	2952	1716	3090	2703	3731	4364	9468	224	243	2486	5280	5804	9542	1027	7362	59993.28
hsa-miR-375-3p	1588	482	2302	376	3808	540	481	17	24	486	77	593	43618	2254	1336	57982.0
hsa-miR-338-5p	2055	1173	1327	817	4046	1702	5531	189	51	303	95	21316	5187	334	10969	55095.0
hsa-miR-199b-3p	1952	1291	1986	2311	3819	3251	4250	131	22	1713	895	16014	9933	658	3980	52206.990000000005
hsa-miR-150-5p	2205	1013	1131	3330	1311	2674	1085	55	450	14178	14631	1933	2669	496	3530	50691.0
hsa-miR-425-5p	4100	1314	2556	3868	2773	4361	4764	153	116	2156	4513	9899	4858	778	3798	50007.0
hsa-miR-30e-3p	2329	1266	2204	3495	2825	5332	3950	103	139	2502	3464	10146	3491	857	7618	49716.5
hsa-miR-199a-5p	3636	1287	5613	6206	3979	4138	342	154	59	8351	2419	5300	3048	1988	1946	48464.64
hsa-miR-501-3p	3295	2690	540	520	4822	3251	4159	130	127	364	873	5403	12692	217	5666	44747.5
hsa-miR-126-5p	2744	1128	2994	3386	2798	4565	877	98	53	3807	5053	8060	5729	1214	1782	44288.0
hsa-miR-134-5p	5107	1223	1590	3114	4820	4466	733	174	102	4464	1088	3951	10677	534	1918	43961.0
hsa-miR-107	2767	1576	616	901	3389	3060	5145	110	30	559	5135	8913	9748	188	1269	43406.66
hsa-miR-409-3p	3246	1216	2404	7504	5336	4334	221	141	52	7161	529	3614	3294	1576	2420	43048.0
hsa-miR-152-3p	1613	927	1358	1812	1870	3189	496	57	51	1189	843	8202	16947	528	2465	41546.17999999999
hsa-miR-98-5p	1976	959	1770	3558	3160	6829	2060	64	36	1553	3313	6863	3487	921	3042	39590.91
hsa-miR-125a-5p	2457	1323	1761	3793	2797	4089	868	122	250	940	136	8164	4995	1713	4999	38407.0
hsa-miR-625-3p	3028	1175	1162	2428	2688	4747	1200	92	139	4247	634	6017	2144	1276	7163	38140.0
hsa-miR-361-3p	2588	840	2500	3622	1656	3294	1716	55	169	4525	4055	4644	1633	876	4716	36889.0
hsa-miR-142-3p	2159	1290	1219	1710	1927	4398	1676	46	99	951	1956	13134	3474	367	2477	36883.0
hsa-miR-145-3p	1626	534	787	259	3401	970	3165	86	26	134	45	11913	8040	152	4073	35211.0
hsa-miR-215-5p	585	263	1038	143	1136	341	568	10	0	132	521	1117	26783	195	399	33226.0
hsa-miR-652-3p	1733	769	1197	2426	2760	2812	2400	41	46	1417	5375	6577	2879	383	2408	33223.0
hsa-miR-370-3p	2629	836	2066	4908	1950	3164	301	101	33	9275	2045	2151	1774	692	1250	33175.0
hsa-miR-486-3p	2687	861	2656	1993	2944	4394	3887	89	99	1720	2311	2115	4452	884	1360	32452.0
hsa-miR-450b-5p	1085	708	262	104	2610	1032	2806	92	8	57	141	15174	3587	65	2431	30162.0
hsa-miR-328-3p	2379	1214	1392	2418	3016	4045	1090	116	117	834	78	6926	2228	940	2732	29525.0
hsa-miR-139-5p	2952	604	2116	4153	1457	2498	776	96	100	2378	342	4101	3649	637	3542	29401.0
hsa-miR-2110	2061	995	724	715	3036	3008	2654	112	74	585	799	3003	5413	297	4089	27565.0
hsa-miR-320c	1535	841	373	391	3859	555	1858	165	88	372	399	1227	13396	159	1523	26741.03
hsa-miR-19b-3p	2067	516	1876	1061	1711	2023	728	42	23	937	6073	6197	1214	464	1420	26352.68
hsa-miR-224-5p	3900	489	2651	2845	925	6868	178	36	31	3605	127	989	1789	1021	795	26249.0
hsa-miR-941	1476	621	1966	1456	1017	2106	3314	89	113	945	1242	4819	1434	470	5013	26081.060000000005
hsa-miR-106b-5p	1058	604	776	372	867	1298	2188	41	18	408	8710	5725	3041	150	642	25898.0
hsa-miR-140-5p	1686	400	2111	1447	945	3211	1482	35	31	1213	2228	4683	2126	438	3092	25128.0
hsa-miR-27a-5p	2488	870	362	720	2134	4230	2972	70	214	83	31	5762	1365	83	3626	25010.0
hsa-miR-23b-3p	836	645	1348	4994	1100	1160	1019	50	27	841	565	2697	7828	600	1171	24876.17
hsa-miR-361-5p	1162	407	778	1083	1397	1647	1253	33	9	487	398	4713	6270	233	3797	23667.0
hsa-miR-155-5p	1219	1047	687	1402	1097	3095	375	82	729	1454	1275	2620	2123	356	5061	22622.0
hsa-miR-424-3p	1038	479	1062	546	1302	1332	4113	62	41	237	346	2948	4588	279	4225	22598.0
hsa-let-7e-5p	2131	332	1218	4034	2022	1543	1106	67	47	2416	507	1387	1494	2150	1936	22387.64
hsa-miR-660-5p	1311	955	469	347	2098	1157	1437	59	18	283	1714	5328	5180	119	1572	22047.0
hsa-miR-22-5p	1488	617	290	351	2345	1053	1479	59	26	242	605	5188	6431	79	1452	21705.0
hsa-let-7a-3p	1203	430	585	386	2522	865	1395	48	28	477	589	7939	3404	247	1273	21391.68
hsa-miR-335-5p	1653	435	344	229	2057	1270	247	35	21	185	218	6218	7130	75	876	20993.0
hsa-miR-194-5p	882	279	555	368	1349	1947	985	18	23	180	2707	4544	5702	186	661	20386.0
hsa-miR-500a-3p	987	1044	284	309	1891	1565	1467	47	26	202	617	3703	5252	82	2896	20368.5
hsa-miR-320d	1427	432	324	144	1327	370	1322	94	62	118	178	866	12502	63	996	20224.359999999997
hsa-miR-203a-3p	237	1118	1114	334	130	232	874	78	152	138	86	4863	8846	71	499	18772.0
hsa-miR-379-5p	1710	446	1194	2295	1128	2061	204	52	21	3101	1354	1630	2503	334	727	18760.0
hsa-miR-130b-5p	1612	441	960	1095	1628	4855	601	61	39	386	0	2048	2109	540	2147	18522.0
hsa-miR-1180-3p	2176	704	385	375	1639	1424	1607	26	52	304	943	2321	5928	108	519	18511.0
hsa-miR-15b-5p	867	652	371	508	794	983	1905	15	13	202	4022	4717	2357	95	744	18244.5
hsa-miR-382-5p	1180	577	705	1567	1678	2493	126	48	17	1286	380	2169	3612	236	1079	17153.0
hsa-miR-92b-3p	1114	882	816	968	1559	2561	1364	63	55	500	642	1998	3313	438	760	17032.67
hsa-miR-432-5p	1108	334	999	2260	1874	1625	104	52	15	4066	602	939	1005	438	872	16293.0
hsa-miR-20b-5p	620	277	368	431	991	3697	370	6	17	269	2165	4667	1278	74	307	15534.01
hsa-miR-15a-5p	718	468	200	124	1576	936	1037	31	9	123	1778	4703	3261	45	445	15453.5
hsa-miR-32-5p	666	182	343	175	739	525	786	28	7	181	1713	7215	2122	65	451	15198.0
hsa-miR-21-3p	748	581	214	226	1772	794	909	66	29	341	304	2323	6011	64	799	15181.0
hsa-miR-378c	1112	785	214	115	800	604	1096	61	41	88	587	5076	3359	48	1018	15002.299999999997
hsa-miR-330-3p	1433	253	1118	1853	787	1359	568	16	40	1571	309	2111	743	577	2160	14898.0
hsa-miR-11400	2098	404	734	2338	1092	1312	272	45	11	1192	729	1988	1084	514	934	14747.0
hsa-miR-543	2291	681	907	1676	1707	1659	112	80	18	653	24	1558	1688	468	751	14273.0
hsa-miR-381-3p	945	358	786	1686	847	781	125	59	12	3525	1151	2272	770	229	396	13942.0
hsa-miR-323b-3p	1427	212	410	874	2329	1287	329	56	19	934	40	1891	3353	101	492	13754.0
hsa-miR-1307-5p	560	543	340	218	1041	195	1411	35	15	202	336	4534	3301	62	649	13442.0
hsa-miR-28-5p	1416	326	1197	1210	625	1267	646	22	42	1240	982	1959	979	363	1145	13419.0
hsa-miR-4433b-5p	853	411	793	3118	702	1897	33	44	33	1071	66	988	659	950	1799	13417.0
hsa-miR-125a-3p	984	328	93	111	245	272	4540	10	102	18	8	2216	1888	38	2453	13306.0
hsa-miR-542-3p	490	234	188	59	472	432	1384	38	3	26	141	6963	1786	45	968	13229.0
hsa-miR-197-3p	715	132	1791	2010	372	1209	919	19	26	243	48	1705	803	667	2568	13227.0
hsa-miR-502-3p	952	543	171	156	956	1028	1127	31	20	94	502	2444	3142	35	1981	13179.0
hsa-miR-503-5p	590	724	363	256	573	1439	1290	28	25	94	812	2543	3228	57	1048	13070.0
hsa-miR-342-5p	1966	238	416	337	643	806	590	38	49	1501	2397	628	2265	121	931	12926.0
hsa-miR-151a-5p	1438	292	434	844	1296	1951	212	16	7	711	408	2017	1749	602	751	12726.5
hsa-miR-425-3p	634	315	505	1009	571	617	1194	22	7	872	1181	3033	738	170	1419	12287.0
hsa-miR-1301-3p	756	281	802	1649	877	1374	280	28	16	914	205	954	2480	538	1129	12283.0
hsa-miR-181a-2-3p	618	387	647	639	696	534	987	37	32	776	939	1155	3317	208	1063	12035.0
hsa-miR-345-5p	972	251	286	480	841	806	1264	42	25	261	296	2782	1226	118	2352	12002.0
hsa-miR-15b-3p	417	493	252	346	1220	852	662	31	6	282	2114	2717	1710	86	467	11655.0
hsa-miR-130b-3p	285	114	67	57	335	441	244	20	13	46	143	749	8637	5	370	11526.0
hsa-miR-654-3p	1025	326	910	1430	827	743	166	65	10	1950	407	1359	1402	336	332	11288.0
hsa-miR-206	63	13	69	18	192	22	40	14	0	14	1	245	10380	52	69	11192.0
hsa-miR-19a-3p	635	253	699	353	743	994	301	31	18	397	2105	2993	501	190	586	10798.34
hsa-miR-1843	911	342	644	1123	944	1093	393	21	16	651	500	1780	1845	279	188	10730.0
hsa-miR-339-5p	682	276	725	1986	671	1107	435	24	33	1185	258	968	1190	438	652	10630.0
hsa-miR-493-5p	713	436	505	1351	1123	1560	76	23	5	1721	218	1280	900	228	418	10557.0
hsa-miR-769-5p	453	309	839	863	438	714	1179	41	29	568	555	1661	831	277	1581	10338.0
hsa-miR-340-3p	927	228	632	1067	584	1282	438	11	18	695	231	2087	919	198	765	10082.0
hsa-miR-148a-5p	460	291	353	345	447	395	1064	34	69	402	238	2022	2840	122	963	10045.0
hsa-miR-10a-3p	164	109	61	35	853	170	86	10	5	21	13	577	7631	7	133	9875.0
hsa-miR-193b-5p	142	60	21	13	257	641	23	0	35	6	2	61	8163	8	308	9740.0
hsa-miR-181d-5p	865	169	295	273	604	364	379	37	14	199	141	3307	2119	104	785	9654.67
hsa-miR-589-5p	806	245	286	305	601	607	885	7	15	218	448	2668	1413	74	721	9299.0
hsa-miR-582-3p	368	275	557	133	446	159	1509	14	15	78	130	3018	1493	135	819	9149.0
hsa-miR-185-3p	480	271	482	1043	485	1379	474	9	12	527	846	1477	776	201	567	9029.0
hsa-miR-335-3p	1114	253	1140	763	499	1585	100	15	20	597	119	1522	831	109	315	8982.0
hsa-let-7b-3p	486	99	275	249	994	415	422	17	13	119	147	1035	4014	105	590	8980.0
hsa-miR-24-2-5p	644	206	426	305	411	418	741	11	22	273	208	2043	2422	81	727	8937.0
hsa-miR-664a-5p	1059	214	470	483	845	750	524	41	40	347	208	880	1489	147	1419	8916.0
hsa-miR-106a-5p	363	139	195	251	570	2051	152	6	5	100	1157	2886	674	41	271	8859.0
hsa-miR-374b-5p	368	106	629	1118	492	723	321	4	5	492	1414	1812	621	186	206	8496.5
hsa-miR-1246	696	539	118	170	569	372	2809	78	40	138	24	930	614	24	1359	8480.0
hsa-miR-339-3p	624	235	482	638	425	561	791	15	19	607	771	1073	1027	135	598	8001.0
hsa-miR-150-3p	266	167	103	121	403	351	1025	28	69	456	418	267	2342	35	1843	7894.0
hsa-miR-942-5p	644	167	301	257	902	1041	437	22	12	190	207	1703	835	110	823	7651.0
hsa-miR-130a-3p	468	99	158	187	514	500	242	8	0	201	763	978	3142	25	134	7419.0
hsa-miR-421	583	189	323	357	493	863	334	6	8	219	446	1648	789	89	846	7193.0
hsa-miR-424-5p	208	145	96	46	292	235	475	9	4	7	103	3987	1126	12	418	7163.0
hsa-miR-3613-5p	385	271	225	171	515	773	672	8	6	113	457	1386	1037	69	694	6782.0
hsa-miR-450a-5p	199	176	340	138	276	308	1495	21	8	62	192	2139	530	112	784	6780.0
hsa-miR-494-3p	533	135	219	945	445	587	21	10	16	1161	210	819	1102	86	302	6591.0
hsa-miR-200a-3p	94	45	300	60	382	115	149	11	2	90	14	320	4652	63	159	6456.0
hsa-miR-671-3p	526	155	407	636	622	854	223	14	27	347	20	996	591	244	698	6360.0
hsa-miR-433-3p	502	269	335	931	705	690	53	28	5	836	64	652	883	184	223	6360.0
hsa-miR-548e-3p	396	161	181	59	587	345	384	20	0	92	247	2564	643	35	646	6360.0
hsa-miR-199b-5p	200	247	494	309	279	283	1371	18	8	131	146	1425	274	120	999	6305.32
hsa-miR-323a-3p	743	215	218	614	774	489	135	16	10	664	28	1105	923	107	242	6283.0
hsa-miR-30a-3p	371	230	220	303	255	311	318	12	15	191	209	1681	1343	57	767	6279.0
hsa-miR-29b-3p	223	99	103	77	216	371	248	6	24	164	1359	705	2103	27	416	6142.7
hsa-miR-181a-3p	229	165	182	256	314	187	577	8	24	198	204	1342	1893	45	452	6075.0
hsa-miR-452-5p	1109	83	102	120	387	823	45	5	0	118	25	364	2566	32	225	6004.0
hsa-miR-493-3p	568	144	393	822	482	661	34	27	3	1203	413	591	294	120	229	5984.0
hsa-miR-342-3p	596	190	206	754	480	547	120	9	45	453	539	1064	264	130	573	5970.0
hsa-miR-651-5p	329	176	96	54	531	246	412	13	7	59	353	2042	1151	44	250	5763.0
hsa-miR-1273h-3p	446	170	333	438	447	465	285	26	31	442	78	973	478	134	854	5600.0
hsa-miR-200c-3p	421	147	497	619	248	939	213	17	20	362	291	500	500	151	598	5523.0
hsa-miR-3614-5p	565	431	217	686	377	522	293	41	15	8	0	788	226	59	1213	5441.0
hsa-miR-139-3p	522	90	489	641	431	579	129	10	32	559	36	375	571	211	719	5394.0
hsa-miR-221-5p	466	171	357	541	406	950	197	24	21	403	254	847	186	144	392	5359.0
hsa-miR-30b-5p	257	50	211	496	134	261	190	4	5	434	2039	783	226	83	112	5284.67
hsa-miR-3158-3p	344	67	371	232	248	408	443	18	6	265	1488	458	712	79	110	5249.0
hsa-miR-411-5p	589	111	379	740	313	502	37	14	6	1004	409	427	441	103	165	5240.0
hsa-miR-10b-3p	121	56	25	5	491	118	69	8	2	2	0	249	3860	4	184	5194.0
hsa-miR-628-3p	465	103	348	356	209	462	306	2	13	415	145	606	583	122	884	5019.0
hsa-miR-499a-5p	190	84	77	37	406	125	284	14	4	21	97	1057	2261	19	246	4922.0
hsa-miR-29c-3p	182	115	94	43	199	136	341	11	11	41	624	738	1950	18	390	4891.68
hsa-miR-1260b	202	90	526	1099	165	333	216	23	25	124	30	673	442	270	478	4692.5
hsa-let-7i-3p	184	111	51	58	244	180	273	20	2	26	266	981	2095	15	172	4678.0
hsa-miR-550a-5p	515	92	259	172	196	293	747	4	11	168	348	429	437	63	750	4483.68
hsa-miR-99b-3p	226	68	71	332	274	185	162	10	0	101	16	833	1255	179	471	4183.0
hsa-miR-320e	233	116	75	40	261	97	292	17	15	32	46	148	2646	11	149	4179.6
hsa-miR-485-5p	392	68	224	393	444	444	18	11	11	645	91	188	875	64	163	4031.0
hsa-miR-4433b-3p	487	131	405	257	594	69	115	17	8	444	306	578	314	77	178	3980.0
hsa-miR-374a-5p	113	63	158	221	247	467	96	3	4	150	1055	703	487	55	117	3939.0
hsa-miR-96-5p	98	49	61	43	353	392	175	0	4	18	1795	537	314	5	50	3894.0
hsa-miR-378d	414	181	76	41	118	106	391	13	20	34	229	1044	722	18	274	3677.6
hsa-miR-6852-5p	316	62	298	655	214	373	54	15	9	573	159	233	208	152	322	3643.0
hsa-miR-654-5p	321	76	238	582	238	300	30	9	4	1086	156	103	168	83	163	3557.0
hsa-miR-485-3p	195	93	169	427	459	549	2	15	0	73	3	274	953	138	188	3538.0
hsa-miR-4443	229	226	92	69	179	47	1302	23	75	9	4	249	200	31	771	3506.0
hsa-miR-505-3p	306	129	198	446	239	270	233	4	12	182	40	582	216	99	542	3498.0
hsa-miR-148b-5p	260	46	116	116	164	365	178	4	8	124	1072	575	258	37	147	3470.0
hsa-miR-326	243	131	293	682	178	233	90	2	21	500	262	352	194	126	115	3422.0
hsa-miR-1304-3p	202	100	142	146	229	240	465	4	2	164	83	859	325	43	410	3414.0
hsa-miR-4732-5p	544	80	125	92	322	170	371	4	13	202	924	232	192	37	83	3391.0
hsa-miR-760	395	84	150	221	311	254	112	11	8	123	28	336	920	87	337	3377.0
hsa-miR-125b-2-3p	102	52	55	27	154	79	34	3	7	21	31	152	2385	11	258	3371.0
hsa-miR-4508	247	590	430	135	248	48	767	3	14	51	180	297	259	43	42	3353.5
hsa-miR-210-3p	288	178	111	192	278	482	173	5	9	96	338	549	412	61	130	3302.0
hsa-miR-618	144	46	98	60	156	169	422	5	2	16	21	1277	245	11	512	3184.0
hsa-miR-548o-3p	252	144	128	72	318	295	149	11	5	89	346	858	288	15	191	3161.68
hsa-miR-136-3p	181	88	101	228	482	144	34	9	0	429	220	480	611	50	54	3111.0
hsa-miR-10527-5p	277	68	101	77	307	358	212	4	4	119	97	552	314	30	586	3106.0
hsa-miR-18a-5p	181	67	110	116	156	544	164	4	4	113	733	455	333	47	68	3092.0
hsa-miR-495-3p	348	84	201	342	397	230	40	19	0	571	160	288	186	78	137	3081.0
hsa-miR-200b-3p	218	98	288	176	142	413	145	5	9	184	112	255	639	88	298	3070.0
hsa-miR-26b-3p	175	92	224	243	285	218	175	3	3	122	59	673	230	95	438	3035.0
hsa-miR-873-5p	50	56	67	17	103	21	400	15	11	36	125	395	1031	2	698	3027.0
hsa-miR-410-3p	138	110	90	176	457	245	40	9	3	241	74	602	678	52	73	2988.0
hsa-miR-374a-3p	168	38	102	111	140	260	163	0	0	126	468	838	315	56	165	2950.0
hsa-miR-4732-3p	258	142	107	70	330	459	207	15	12	41	25	464	705	40	63	2938.0
hsa-miR-7706	333	79	137	158	234	356	173	8	4	88	93	568	288	48	320	2887.0
hsa-miR-9985	55	98	42	15	59	22	390	19	6	20	54	560	1396	6	67	2808.67
hsa-miR-2355-3p	185	56	71	62	194	139	217	5	0	56	30	1002	301	24	293	2635.0
hsa-miR-574-3p	139	36	383	621	84	174	158	0	3	170	87	313	231	89	91	2579.0
hsa-miR-324-3p	157	65	136	182	124	210	211	5	2	88	310	537	225	47	280	2579.0
hsa-miR-6503-3p	186	82	20	16	184	147	282	8	6	16	21	810	576	0	165	2519.0
hsa-miR-10399-3p	234	48	108	180	176	396	199	9	3	100	190	416	119	45	239	2462.0
hsa-miR-6842-3p	245	59	124	171	127	155	267	6	2	145	122	322	341	52	306	2444.0
hsa-miR-454-5p	132	94	117	158	209	231	150	3	4	112	163	598	231	49	173	2424.0
hsa-miR-95-3p	103	100	144	52	169	130	69	5	7	58	194	465	535	28	343	2402.0
hsa-miR-184	10	22	20	13	9	33	12	2	2	5	9	17	2240	0	8	2402.0
hsa-miR-4497	24	86	203	135	309	51	460	16	32	45	23	425	295	28	189	2321.0
hsa-miR-331-5p	74	150	36	49	224	216	104	2	0	34	74	454	781	13	108	2319.0
hsa-miR-1304-5p	237	87	129	120	230	292	260	0	5	85	141	233	240	31	211	2301.0
hsa-miR-511-5p	143	18	163	28	165	35	32	7	4	17	6	148	1370	13	118	2267.0
hsa-miR-145-5p	52	24	44	123	144	36	110	2	0	20	30	603	870	23	152	2233.0
hsa-miR-1294	121	106	57	63	152	237	355	7	5	71	141	333	345	30	190	2213.0
hsa-miR-193b-3p	7	7	6	3	5	2	9	0	3	0	19	15	2102	0	27	2205.0
hsa-miR-4446-3p	176	30	221	316	78	122	22	5	5	640	63	166	86	131	69	2130.0
hsa-miR-3605-3p	54	44	49	43	308	202	79	10	5	10	5	256	676	19	359	2119.0
hsa-miR-378g	216	80	69	51	90	122	238	9	11	41	126	423	325	17	296	2113.5
hsa-miR-1908-5p	357	123	116	99	228	145	111	0	9	101	43	191	359	69	144	2095.0
hsa-miR-1284	162	41	43	25	291	145	168	13	9	19	10	354	465	22	304	2071.0
hsa-miR-25-5p	149	54	120	130	141	140	271	7	7	85	152	195	241	38	322	2052.0
hsa-miR-889-3p	94	72	124	177	194	118	18	0	0	447	170	310	138	55	77	1994.0
hsa-miR-132-3p	255	43	66	114	56	220	267	4	0	41	99	345	193	16	262	1981.0
hsa-miR-7704	14	14	662	500	13	24	197	2	4	89	88	52	95	148	54	1956.0
hsa-miR-4326	160	41	167	265	116	189	55	0	4	189	150	256	148	67	131	1938.0
hsa-miR-1185-1-3p	128	51	128	381	105	218	11	6	2	350	133	121	174	45	60	1912.5
hsa-miR-7976	115	89	54	62	133	161	239	3	0	50	149	440	289	20	92	1896.0
hsa-miR-483-5p	66	48	19	12	255	88	12	2	9	5	3	46	1290	4	37	1896.0
hsa-miR-548k	131	97	77	60	176	167	102	4	3	83	187	386	272	25	114	1883.0
hsa-miR-18a-3p	97	69	98	108	136	324	101	0	5	52	50	426	225	29	142	1862.0
hsa-miR-191-3p	169	19	110	189	120	149	177	2	0	69	20	350	195	39	246	1854.0
hsa-miR-132-5p	170	48	31	23	34	104	274	6	7	16	19	576	275	0	253	1836.0
hsa-miR-2115-3p	110	29	39	32	89	124	312	4	0	0	4	425	397	7	261	1833.0
hsa-miR-10395-3p	47	12	25	16	14	24	26	0	2	748	887	4	15	3	5	1828.0
hsa-miR-3150b-3p	107	59	23	21	107	83	327	3	4	4	20	566	211	4	286	1824.5
hsa-miR-454-3p	89	32	53	115	65	383	51	2	0	30	359	359	104	18	103	1763.0
hsa-miR-1260a	108	42	147	287	51	91	128	2	37	23	8	317	212	49	254	1752.5
hsa-miR-9-5p	184	62	86	71	120	332	89	0	0	40	69	305	243	26	125	1752.06
hsa-miR-196b-5p	44	65	86	71	188	334	78	0	0	59	214	384	151	19	54	1746.67
hsa-miR-4791	5	7	231	330	0	0	54	0	0	444	608	4	4	32	3	1722.0
hsa-miR-766-3p	109	19	160	555	56	70	35	2	4	97	41	167	74	84	134	1607.0
hsa-let-7f-1-3p	64	20	59	94	127	89	92	0	0	114	132	410	272	23	110	1606.0
hsa-miR-548j-5p	90	91	80	124	129	190	44	3	4	108	40	383	93	30	120	1529.0
hsa-miR-1291	85	68	45	160	71	44	242	8	6	43	31	231	106	11	340	1491.0
hsa-miR-330-5p	180	47	36	54	58	119	166	5	0	37	62	290	233	16	178	1481.0
hsa-miR-146b-3p	82	33	64	159	90	130	58	6	2	151	216	158	147	23	149	1468.0
hsa-miR-576-5p	76	19	80	115	104	102	63	0	0	103	141	426	84	28	95	1436.0
hsa-miR-129-5p	41	20	22	28	234	57	46	2	4	4	2	87	749	15	99	1410.0
hsa-miR-1287-5p	107	63	35	61	195	110	102	4	2	80	60	186	237	16	134	1392.0
hsa-miR-598-3p	104	40	81	78	52	79	92	2	0	55	235	311	189	11	47	1376.0
hsa-miR-3928-3p	92	26	61	69	93	107	193	6	6	29	22	289	246	15	102	1356.0
hsa-miR-369-5p	185	21	91	145	105	99	2	2	0	282	95	107	140	20	36	1330.0
hsa-miR-10399-5p	194	24	26	36	78	143	40	2	0	15	65	448	175	10	71	1327.0
hsa-miR-3909	83	16	81	59	66	73	213	0	0	17	21	196	98	37	366	1326.0
hsa-miR-9-3p	152	68	12	6	153	70	57	0	3	3	2	156	531	0	107	1320.03
hsa-miR-12136	59	211	47	100	121	101	64	18	10	20	9	83	149	19	292	1303.0
hsa-miR-181c-3p	117	38	92	99	56	38	134	2	2	88	50	417	63	23	77	1295.0
hsa-miR-151b	114	21	38	51	155	124	54	1	1	54	112	214	232	60	54	1283.5
hsa-miR-23a-5p	169	29	40	37	90	68	245	25	20	26	9	41	227	7	247	1280.0
hsa-miR-1250-5p	105	27	19	24	58	50	111	4	0	6	6	499	69	4	291	1273.0
hsa-miR-143-5p	77	24	136	65	58	42	162	3	0	34	25	318	78	20	202	1244.0
hsa-miR-411-3p	76	27	112	203	51	97	14	7	0	255	46	149	146	27	20	1230.0
hsa-miR-511-3p	7	3	3	0	8	0	0	2	0	0	0	19	1183	0	2	1227.0
hsa-miR-23b-5p	53	22	51	38	139	145	34	6	0	16	0	117	458	23	98	1200.0
hsa-miR-369-3p	45	23	18	50	161	68	7	3	0	96	50	379	249	8	7	1164.0
hsa-miR-550a-3-5p	115	28	27	39	38	53	299	2	1	35	68	107	98	16	227	1153.34
hsa-miR-382-3p	154	9	54	98	74	65	9	0	0	237	36	214	126	16	45	1137.0
hsa-miR-133a-3p	68	26	58	256	38	21	11	0	0	53	328	30	121	32	91	1133.3400000000001
hsa-miR-190b-5p	76	36	51	23	58	147	61	3	0	33	43	300	84	7	211	1133.0
hsa-miR-708-3p	57	10	2	3	48	6	0	0	0	2	3	87	873	2	23	1116.0
hsa-miR-3182	9	88	210	175	44	26	97	9	16	15	13	186	77	28	84	1077.0
hsa-miR-450a-2-3p	76	18	24	18	63	82	172	0	0	0	7	286	70	6	236	1058.0
hsa-miR-1278	40	37	27	29	45	84	128	2	2	43	226	253	85	19	36	1056.0
hsa-miR-885-5p	16	33	30	14	137	119	10	3	0	6	5	59	506	69	33	1040.0
hsa-miR-625-5p	88	37	47	58	81	126	163	0	2	84	74	55	113	9	96	1033.0
hsa-miR-874-3p	77	43	35	85	50	41	36	0	0	81	61	88	334	16	83	1030.0
hsa-let-7f-2-3p	51	18	56	30	76	49	62	0	0	27	87	325	200	4	44	1028.3400000000001
hsa-miR-3177-3p	72	35	95	136	49	84	71	2	10	106	64	57	78	29	122	1010.0
hsa-miR-329-3p	55	13	54	206	49	136	12	2	0	154	13	167	88	25	22	996.0
hsa-miR-4746-5p	107	16	60	65	50	127	88	3	2	36	52	96	182	12	98	994.0
hsa-miR-133a-5p	14	0	0	0	7	0	5	0	0	0	0	24	938	0	3	991.0
hsa-miR-2115-5p	68	44	22	16	47	50	234	8	4	0	0	247	150	2	98	990.0
hsa-miR-4429	140	29	41	24	107	58	53	3	6	27	26	53	332	7	64	969.5400000000001
hsa-miR-641	93	19	49	106	43	169	29	2	0	167	60	115	27	27	58	964.0
hsa-miR-505-5p	105	7	51	77	34	47	44	0	2	273	210	10	27	23	36	946.0
hsa-miR-3690	141	0	123	4	12	14	317	0	0	21	0	82	42	2	186	944.0
hsa-miR-3120-3p	86	18	64	141	57	127	14	2	0	91	29	127	100	10	44	910.0
hsa-miR-487b-3p	79	36	52	185	39	60	10	0	0	158	57	109	54	31	24	894.0
hsa-miR-548l	42	46	17	17	103	54	47	0	0	13	19	278	139	5	106	886.0
hsa-miR-642a-3p	56	7	13	2	212	20	43	6	8	5	18	31	407	2	52	881.0
hsa-miR-766-5p	120	35	39	111	45	66	32	4	0	152	21	37	114	34	49	859.0
hsa-miR-3187-3p	146	59	11	22	52	92	44	0	0	14	12	135	189	6	72	854.0
hsa-miR-30d-3p	52	27	24	36	73	46	50	2	0	34	78	249	134	7	39	850.5
hsa-miR-136-5p	74	36	43	71	112	63	3	0	0	115	52	166	71	7	23	836.0
hsa-miR-409-5p	55	11	36	161	50	94	6	2	0	153	29	71	118	24	18	828.0
hsa-miR-3913-5p	41	32	25	16	68	71	72	2	0	6	210	181	72	0	29	825.0
hsa-miR-3912-3p	69	6	22	25	48	35	55	3	2	16	161	227	74	7	71	821.0
hsa-miR-3074-5p	58	4	48	54	51	71	35	0	0	69	64	198	56	18	80	806.0
hsa-miR-1468-5p	78	25	52	39	72	60	16	0	2	28	13	146	171	27	58	787.0
hsa-miR-758-3p	62	20	66	145	26	70	6	0	0	112	49	95	72	23	33	779.0
hsa-miR-371b-5p	51	27	17	24	52	15	155	2	0	4	0	173	109	15	133	777.0
hsa-miR-17-3p	32	33	41	32	58	46	60	2	0	25	115	146	142	11	18	761.0
hsa-miR-378a-5p	41	18	46	28	43	53	55	0	2	28	51	161	112	8	113	759.0
hsa-miR-4485-3p	24	112	42	60	28	72	52	4	11	42	2	14	126	12	156	757.0
hsa-miR-873-3p	6	0	10	7	2	5	52	0	0	7	3	70	66	0	529	757.0
hsa-miR-222-5p	43	63	0	0	12	54	189	0	4	0	0	144	52	0	178	739.0
hsa-miR-331-3p	66	21	42	151	32	51	27	0	0	40	15	147	63	35	48	738.0
hsa-miR-3140-3p	77	11	5	6	67	101	41	0	5	3	16	147	167	2	87	735.0
hsa-miR-27b-5p	75	19	50	84	23	93	13	0	0	85	18	77	91	17	83	728.0
hsa-miR-301a-5p	56	13	35	72	33	64	33	0	0	32	46	147	78	16	100	725.0
hsa-miR-412-5p	14	87	0	52	132	32	24	2	0	2	2	191	120	6	54	718.0
hsa-miR-7850-5p	23	18	15	13	26	17	147	2	0	2	0	242	34	0	170	709.0
hsa-miR-3143	35	41	0	3	89	32	62	0	0	11	120	190	92	4	25	704.0
hsa-miR-4677-3p	63	14	30	23	22	50	94	5	0	13	50	130	159	7	43	703.0
hsa-miR-29c-5p	46	18	23	61	18	51	43	2	2	16	45	184	66	2	113	690.0
hsa-miR-204-5p	61	49	30	45	25	70	9	3	6	27	2	123	101	14	124	689.0
hsa-miR-6866-5p	54	15	26	15	87	29	71	0	0	26	43	92	66	9	152	685.0
hsa-miR-532-3p	33	8	59	41	54	25	46	0	2	22	107	76	156	2	49	680.0
hsa-miR-1306-3p	97	25	33	48	24	61	57	0	0	41	52	92	59	12	76	677.0
hsa-miR-181c-5p	30	16	90	42	42	16	32	0	0	42	62	195	79	4	23	673.0
hsa-miR-1292-5p	116	16	17	34	49	91	50	0	5	46	61	96	46	7	36	670.0
hsa-miR-1262	48	17	8	4	26	34	46	7	0	0	0	308	91	2	71	662.0
hsa-miR-3605-5p	78	10	26	15	64	10	74	0	3	12	81	48	100	3	124	648.0
hsa-miR-214-3p	33	5	20	6	16	2	4	0	0	2	0	23	491	0	45	647.0
hsa-miR-125b-1-3p	2	9	10	0	24	53	6	0	0	0	0	23	497	2	17	643.0
hsa-miR-378b	74	38	11	0	37	39	25	0	0	3	20	159	108	0	115	629.0
hsa-miR-504-5p	21	5	54	38	21	31	53	10	2	2	0	243	40	5	103	628.0
hsa-miR-877-5p	64	8	19	67	37	37	41	0	0	69	110	62	72	7	35	628.0
hsa-miR-11401	78	0	5	118	24	52	3	2	0	7	112	136	11	4	63	615.0
hsa-miR-455-5p	5	12	8	2	12	10	10	0	0	4	75	72	367	8	28	613.0
hsa-miR-431-5p	66	6	35	131	26	52	7	0	0	82	22	68	94	10	6	605.0
hsa-miR-664a-3p	35	13	91	184	26	52	9	0	3	38	37	51	31	22	9	601.0
hsa-miR-205-5p	0	2	92	18	12	0	4	0	2	0	0	17	447	4	0	598.0
hsa-miR-324-5p	25	9	26	65	31	37	24	0	0	30	217	52	46	10	15	587.0
hsa-miR-34c-5p	31	16	25	11	18	42	103	0	0	10	18	201	81	14	15	585.0
hsa-miR-4755-5p	57	7	6	15	72	60	44	0	4	4	2	118	100	0	95	584.0
hsa-miR-628-5p	50	15	27	15	10	72	19	0	0	25	36	133	53	7	92	554.0
hsa-miR-195-3p	21	6	42	25	65	30	14	0	2	13	2	91	154	7	76	548.0
hsa-miR-218-5p	25	3	7	15	37	14	22	0	0	2	3	204	133	6	75	546.0
hsa-miR-33a-5p	21	31	31	20	16	15	77	0	0	22	38	150	93	9	21	544.0
hsa-miR-212-5p	74	21	11	24	18	44	92	0	0	12	7	93	47	6	89	538.0
hsa-miR-4772-5p	25	22	40	3	27	23	65	0	2	14	20	183	41	10	62	537.0
hsa-miR-127-5p	28	36	24	59	21	69	2	0	0	79	25	42	126	10	14	535.0
hsa-miR-5010-3p	25	5	40	109	48	69	6	0	0	30	43	76	26	25	23	525.0
hsa-miR-1255a	30	15	33	2	49	63	17	0	0	84	0	30	144	19	36	522.0
hsa-miR-3176	65	20	9	2	31	50	22	0	0	2	24	148	96	2	45	516.0
hsa-miR-195-5p	57	19	24	6	23	34	8	0	0	3	31	79	189	4	38	514.01
hsa-miR-4665-5p	60	27	34	60	45	44	5	0	6	62	8	49	30	17	67	514.0
hsa-miR-30c-1-3p	34	8	32	40	39	63	69	6	3	20	8	53	33	11	93	512.0
hsa-miR-188-5p	61	12	5	2	54	18	23	0	3	2	4	71	249	0	8	512.0
hsa-miR-3688-3p	22	13	11	10	25	26	54	0	0	13	158	135	25	0	19	511.0
hsa-miR-4482-3p	21	6	0	7	6	6	19	0	0	2	6	0	70	0	363	506.0
hsa-miR-656-3p	25	6	14	24	48	20	10	0	0	53	16	128	130	3	13	490.0
hsa-miR-539-3p	34	29	36	43	59	29	3	2	0	80	35	85	44	8	2	489.0
hsa-miR-3679-5p	69	10	4	4	11	19	47	4	0	11	10	77	139	2	74	481.0
hsa-miR-627-5p	4	15	2	2	29	15	31	0	0	0	3	219	140	0	20	480.0
hsa-miR-6877-5p	33	26	15	29	62	37	57	2	0	14	18	51	77	0	54	475.0
hsa-miR-671-5p	18	3	17	42	59	37	19	0	3	28	15	70	78	7	71	467.0
hsa-miR-208b-3p	11	3	0	0	15	0	0	0	0	0	0	2	429	2	0	462.0
hsa-miR-6131	31	19	6	5	19	14	66	2	0	2	22	87	89	2	89	453.0
hsa-miR-590-3p	18	7	16	19	31	22	12	0	0	9	78	158	70	7	3	450.0
hsa-miR-4659b-3p	47	15	19	28	26	84	16	3	0	5	40	88	42	11	17	439.0
hsa-miR-200b-5p	23	0	15	14	20	13	25	0	0	0	0	14	256	3	54	437.0
hsa-miR-1271-5p	31	2	35	69	26	34	19	0	0	43	42	51	44	8	30	434.0
hsa-miR-362-5p	21	11	2	21	35	69	32	0	0	12	31	104	38	6	49	431.0
hsa-miR-5100	6	11	9	34	21	12	102	0	8	0	0	117	68	4	30	422.0
hsa-miR-3124-5p	24	7	10	13	37	22	31	2	0	7	3	66	57	3	128	410.0
hsa-miR-93-3p	30	9	37	46	18	33	17	0	0	17	52	79	34	14	21	407.0
hsa-miR-658	2	19	2	9	5	0	276	6	6	9	4	19	0	3	42	402.0
hsa-miR-7854-3p	54	9	4	9	22	32	34	2	0	4	3	73	101	0	52	399.0
hsa-miR-200a-5p	10	7	11	8	28	14	3	0	0	5	4	5	289	0	13	397.0
hsa-miR-92a-1-5p	34	26	9	16	26	43	28	0	12	24	14	46	34	2	75	389.0
hsa-miR-3173-5p	37	10	16	9	23	111	14	2	2	4	0	66	49	19	25	387.0
hsa-miR-92b-5p	53	12	17	8	30	26	62	3	0	18	39	20	76	4	12	380.0
hsa-miR-4772-3p	19	27	25	8	13	15	59	0	0	6	11	146	15	4	32	380.0
hsa-miR-1273c	22	4	7	8	36	30	24	0	2	16	39	70	73	0	33	364.0
hsa-miR-147b-3p	10	2	14	4	36	21	25	0	0	3	28	89	115	2	15	364.0
hsa-miR-4669	2	2	0	23	7	46	6	0	7	9	59	0	132	0	69	362.0
hsa-miR-26a-2-3p	0	27	5	20	20	32	20	0	0	8	9	159	30	0	30	360.0
hsa-miR-30b-3p	23	24	20	48	16	20	37	2	2	31	20	27	29	12	47	358.0
hsa-miR-32-3p	18	16	13	22	15	36	41	0	0	16	25	66	62	0	26	356.0
hsa-miR-141-3p	3	7	13	4	24	6	6	2	0	7	22	34	218	0	7	353.0
hsa-miR-429	18	5	42	6	12	13	30	0	0	11	17	42	142	12	2	352.0
hsa-miR-31-5p	17	123	0	2	12	8	10	0	0	2	40	49	83	0	5	351.0
hsa-miR-6747-3p	51	9	15	4	25	51	15	2	0	0	0	67	65	4	42	350.0
hsa-miR-377-3p	21	16	13	39	36	23	4	0	0	40	14	45	77	8	10	346.0
hsa-miR-4470	38	2	0	13	25	38	10	2	0	6	0	101	54	2	55	346.0
hsa-miR-4738-3p	47	14	13	5	26	40	29	0	2	8	19	42	62	0	36	343.0
hsa-miR-937-3p	20	21	6	4	25	57	13	4	0	2	2	46	117	0	25	342.0
hsa-miR-942-3p	23	16	2	0	46	27	21	2	0	2	0	90	63	0	49	341.0
hsa-miR-337-3p	39	2	25	53	24	23	0	0	0	77	13	48	22	7	3	336.0
hsa-miR-3168	68	23	13	15	12	4	64	10	13	10	9	34	29	0	26	330.0
hsa-miR-138-5p	0	56	3	0	3	2	3	2	2	2	0	54	152	0	49	328.0
hsa-miR-1224-5p	41	11	12	7	4	12	16	0	0	5	93	5	116	3	2	327.0
hsa-miR-615-3p	35	3	36	5	13	5	9	0	0	0	0	9	180	13	14	322.0
hsa-miR-6501-5p	20	0	13	11	11	118	35	0	0	4	24	17	39	2	27	321.0
hsa-miR-4306	18	12	8	5	8	2	69	2	0	14	140	7	32	3	3	319.5
hsa-miR-363-5p	30	0	8	24	31	57	23	2	0	37	39	12	36	6	12	317.0
hsa-miR-500b-3p	26	19	4	8	34	26	37	2	0	5	1	34	80	0	43	316.0
hsa-miR-4511	37	0	5	8	63	33	18	0	0	16	22	46	24	0	41	313.0
hsa-miR-3120-5p	61	4	18	31	12	29	8	2	0	26	0	41	48	2	30	312.0
hsa-miR-6852-3p	33	7	26	44	25	44	5	0	0	40	3	51	10	12	8	308.0
hsa-miR-4504	18	7	5	2	10	33	22	0	0	7	140	29	22	3	9	307.0
hsa-let-7g-3p	8	7	2	0	30	11	13	0	0	0	36	19	167	0	11	304.0
hsa-miR-190a-5p	13	0	7	2	27	49	6	0	0	2	46	68	67	0	17	304.0
hsa-miR-4742-3p	16	4	2	9	31	61	20	0	0	0	3	109	26	0	20	301.0
hsa-miR-24-1-5p	35	8	10	14	25	14	12	0	0	5	21	58	66	5	28	300.0
hsa-miR-6837-3p	20	6	17	13	23	23	24	0	0	18	2	43	52	6	51	298.0
hsa-miR-490-3p	50	15	2	18	2	156	10	0	0	18	5	0	4	5	10	295.0
hsa-miR-1976	17	11	11	17	11	29	44	0	3	2	7	71	39	4	29	295.0
hsa-miR-194-3p	10	20	9	17	15	10	23	2	0	4	4	81	15	0	85	295.0
hsa-miR-18b-5p	25	5	7	5	9	21	26	0	0	2	112	39	36	2	5	291.0
hsa-miR-6882-5p	47	9	9	0	15	25	38	0	0	4	2	37	34	0	70	290.0
hsa-miR-338-3p	22	11	23	9	2	12	34	0	0	2	7	99	53	3	12	289.0
hsa-miR-3934-5p	44	8	4	6	9	16	3	0	0	11	19	29	84	4	47	284.0
hsa-miR-605-3p	48	9	18	39	7	58	0	0	3	15	5	37	24	4	14	281.0
hsa-miR-5189-5p	45	5	40	9	0	34	30	0	0	15	38	17	39	4	0	276.0
hsa-miR-374b-3p	36	8	6	26	10	20	6	0	0	12	11	77	26	5	32	275.0
hsa-miR-1270	25	0	0	6	71	19	19	0	0	3	15	13	91	3	10	275.0
hsa-miR-4488	30	27	9	8	2	20	84	0	12	0	0	22	46	0	14	274.0
hsa-miR-29b-2-5p	20	10	9	15	17	43	2	0	0	10	16	60	47	0	24	273.0
hsa-miR-204-3p	62	9	8	2	21	0	0	2	0	2	2	7	154	0	3	272.0
hsa-miR-4690-3p	20	13	10	7	5	59	20	0	2	7	49	47	32	0	0	271.0
hsa-miR-4440	21	10	2	7	0	12	32	0	0	0	0	49	51	0	83	267.0
hsa-miR-1275	0	2	2	0	0	0	2	0	0	83	173	0	0	0	0	262.0
hsa-miR-610	19	5	9	5	16	19	12	0	0	15	28	72	43	0	17	260.0
hsa-miR-181b-3p	2	0	7	0	8	11	14	0	3	4	8	142	31	0	27	257.0
hsa-miR-1306-5p	16	8	30	31	17	33	18	0	0	4	9	8	48	10	22	254.0
hsa-miR-4755-3p	19	8	0	2	14	28	23	2	2	5	0	52	59	0	37	251.0
hsa-miR-6513-3p	29	4	19	24	15	34	20	0	2	12	2	37	38	2	11	249.0
hsa-miR-616-3p	23	0	6	8	16	9	30	2	0	9	3	44	41	2	54	247.0
hsa-miR-659-5p	18	0	10	8	25	10	22	0	0	17	33	77	16	0	10	246.0
hsa-miR-98-3p	15	7	9	19	10	11	3	0	0	30	28	49	47	5	12	245.0
hsa-miR-6815-5p	18	8	0	7	16	7	37	0	0	3	27	2	120	0	0	245.0
hsa-miR-551a	19	8	3	6	6	7	31	0	0	2	0	109	18	0	35	244.0
hsa-miR-624-5p	0	4	8	7	9	9	3	0	0	0	145	37	21	0	0	243.0
hsa-miR-5189-3p	23	20	42	7	0	52	13	0	0	16	3	17	41	9	0	243.0
hsa-miR-4659a-3p	19	3	12	3	12	26	15	0	0	14	61	36	31	1	8	239.0
hsa-miR-5571-3p	0	62	0	0	8	11	0	9	0	0	0	20	111	0	18	239.0
hsa-miR-3064-5p	21	2	8	11	17	23	38	0	0	9	18	31	34	0	27	239.0
hsa-miR-214-5p	9	0	15	4	21	3	0	2	0	2	0	23	146	2	8	235.0
hsa-miR-6786-3p	38	2	4	2	20	18	14	2	0	0	2	56	46	0	29	233.0
hsa-miR-6842-5p	23	2	7	15	8	20	32	0	0	14	25	21	7	5	54	233.0
hsa-miR-6503-5p	6	8	0	0	6	37	8	0	0	8	4	20	121	0	14	232.0
hsa-miR-296-5p	2	2	4	20	0	29	4	0	0	58	86	8	8	3	7	231.0
hsa-miR-497-5p	17	6	4	0	29	15	5	0	0	4	0	23	117	2	5	227.0
hsa-miR-4482-5p	4	3	0	3	0	15	2	0	0	0	4	0	29	0	166	226.0
hsa-miR-582-5p	2	2	6	7	10	6	43	0	0	0	5	61	51	0	32	225.0
hsa-miR-3130-3p	0	4	0	4	0	0	2	0	0	0	0	10	196	0	7	223.0
hsa-miR-1288-3p	32	2	6	6	12	15	8	2	0	3	0	38	83	0	15	222.0
hsa-miR-6741-5p	43	4	9	15	10	8	11	0	4	58	41	0	10	0	9	222.0
hsa-miR-933	9	4	7	7	25	0	79	0	0	7	0	27	45	0	11	221.0
hsa-miR-636	33	14	9	12	12	22	32	0	2	3	13	39	22	2	4	219.0
hsa-miR-4724-5p	32	16	7	12	47	24	32	0	0	0	0	23	7	0	15	215.0
hsa-miR-548ac	28	14	3	2	30	17	15	0	0	0	9	47	45	0	5	215.0
hsa-miR-376c-3p	0	2	14	35	21	7	0	2	0	34	25	35	16	10	14	215.0
hsa-miR-4435	15	2	17	19	25	32	2	0	0	22	16	14	20	11	19	214.0
hsa-miR-217-5p	24	3	15	2	31	0	5	2	0	3	0	32	85	0	10	212.0
hsa-let-7e-3p	14	7	3	19	15	19	11	0	0	6	0	43	39	2	33	211.0
hsa-miR-1296-5p	8	0	12	36	8	8	14	0	0	43	39	17	6	4	15	210.0
hsa-miR-431-3p	11	16	12	34	27	22	0	0	0	33	6	10	19	2	18	210.0
hsa-miR-6509-5p	18	8	9	0	13	12	26	0	0	2	0	27	56	0	38	209.0
hsa-miR-30c-2-3p	25	23	5	16	13	6	12	0	0	13	5	21	23	0	47	209.0
hsa-miR-5588-5p	6	4	0	0	13	29	2	0	0	2	2	44	81	0	26	209.0
hsa-miR-3675-5p	21	3	0	15	44	0	5	2	2	7	8	65	9	0	28	209.0
hsa-miR-4676-3p	9	15	8	21	25	4	12	0	0	2	0	90	13	0	9	208.0
hsa-miR-122-3p	0	0	0	2	2	2	5	0	0	0	160	14	13	9	0	207.0
hsa-miR-7-1-3p	8	0	13	13	10	10	23	0	0	5	19	69	5	2	30	207.0
hsa-miR-6516-3p	5	2	16	37	2	11	2	0	0	37	40	29	11	0	13	205.0
hsa-miR-378i	21	9	3	0	13	10	6	0	2	0	9	52	32	0	40	197.0
hsa-miR-34a-5p	4	4	5	0	4	9	2	0	0	0	0	33	131	0	5	197.0
hsa-miR-365a-3p	11	0	9	30	3	10	14	0	1	2	6	37	65	3	7	194.0
hsa-miR-3138	33	3	11	7	27	3	10	0	0	34	14	11	22	2	17	194.0
hsa-miR-365b-3p	11	0	9	30	3	10	14	0	1	2	6	37	65	3	7	194.0
hsa-miR-4741	23	10	3	0	19	7	4	0	0	0	2	4	113	0	8	193.0
hsa-miR-548n	9	2	2	0	16	29	11	3	0	5	16	60	32	0	9	191.0
hsa-miR-128-1-5p	0	8	6	9	16	11	8	0	0	0	0	75	14	0	43	190.0
hsa-miR-6511a-3p	16	2	8	18	14	33	0	0	0	0	0	37	24	4	33	188.8
hsa-miR-208a-3p	8	2	0	0	5	3	0	0	0	0	0	6	161	0	0	185.0
hsa-miR-6741-3p	21	4	16	22	17	51	0	3	2	0	0	8	21	15	5	185.0
hsa-miR-5193	5	2	34	70	12	24	0	0	0	4	0	3	7	9	14	184.0
hsa-miR-6130	7	2	14	9	9	5	41	0	1	10	44	18	15	4	5	181.69
hsa-miR-579-5p	14	3	11	8	5	19	10	0	0	9	23	56	7	5	11	181.0
hsa-miR-3150a-5p	18	2	6	11	2	21	9	0	0	0	0	83	10	2	16	180.0
hsa-miR-3157-3p	13	0	0	3	37	15	21	0	0	0	7	43	28	0	12	179.0
hsa-miR-548j-3p	20	9	8	3	13	12	0	0	0	0	7	89	9	0	9	179.0
hsa-miR-4645-3p	29	2	6	17	19	27	6	0	0	7	2	40	13	2	8	178.0
hsa-miR-5010-5p	33	9	4	10	17	15	11	2	0	28	30	3	9	0	7	178.0
hsa-miR-3164	8	10	2	2	19	20	5	0	0	5	36	10	52	0	8	177.0
hsa-miR-219a-1-3p	26	4	5	11	4	20	11	0	0	10	16	22	36	4	7	176.0
hsa-miR-581	24	2	2	12	11	19	7	0	0	7	27	50	14	0	0	175.0
hsa-miR-196a-5p	9	7	6	0	0	20	5	0	0	2	31	8	56	0	29	173.34
hsa-miR-6721-5p	13	3	25	33	7	13	3	0	0	30	7	20	3	10	6	173.0
hsa-miR-4662a-5p	17	4	17	15	5	32	4	0	0	17	6	2	34	8	12	173.0
hsa-miR-1538	5	11	11	20	17	19	22	2	0	8	2	10	22	2	21	172.0
hsa-miR-6516-5p	19	0	15	23	7	25	3	0	0	12	12	15	25	5	10	171.0
hsa-miR-3186-3p	20	0	0	0	15	5	0	0	0	0	0	54	33	0	44	171.0
hsa-miR-5009-5p	12	3	8	2	12	19	5	0	0	7	31	27	18	0	23	167.0
hsa-miR-3180-3p	8	17	2	2	6	12	19	0	0	0	0	9	76	2	15	166.54
hsa-miR-939-5p	11	2	8	5	8	7	5	0	0	18	79	14	9	0	0	166.0
hsa-miR-4664-3p	20	4	2	5	20	16	26	0	0	0	2	51	9	0	10	165.0
hsa-miR-296-3p	12	6	2	10	5	25	11	0	0	8	2	0	61	0	23	165.0
hsa-miR-6514-5p	21	3	5	6	4	12	10	0	2	4	28	23	10	0	36	164.0
hsa-miR-337-5p	3	4	6	3	10	10	3	0	0	10	9	19	85	0	0	162.0
hsa-miR-376a-3p	14	4	13	36	10	8	0	0	0	28	10	26	9	0	3	161.34
hsa-miR-1197	4	9	5	13	29	10	0	0	0	16	8	44	23	0	0	161.0
hsa-miR-6502-5p	0	2	3	6	6	4	12	0	0	2	0	54	5	0	66	160.0
hsa-miR-2277-5p	7	0	7	33	3	9	9	0	0	2	6	43	17	0	22	158.0
hsa-miR-101-5p	13	4	0	2	3	10	15	0	0	3	55	32	18	2	0	157.0
hsa-miR-3199	5	11	5	0	4	3	19	2	2	2	10	15	73	0	5	156.0
hsa-miR-1249-3p	9	4	19	59	0	17	2	0	0	0	5	0	17	7	17	156.0
hsa-miR-20b-3p	10	9	0	2	9	13	11	0	0	0	25	42	27	0	5	153.0
hsa-miR-508-3p	3	6	0	2	17	4	2	0	0	0	0	8	110	0	0	152.0
hsa-miR-1185-2-3p	3	4	6	39	3	22	2	0	0	7	6	20	31	4	5	151.5
hsa-miR-6764-5p	23	0	2	12	6	12	2	0	0	8	10	31	28	2	15	151.0
hsa-miR-1277-3p	0	4	10	6	15	13	5	0	0	2	36	45	14	0	0	150.0
hsa-miR-487a-5p	17	7	14	31	4	11	0	0	0	26	0	23	10	4	2	149.0
hsa-miR-5695	8	0	3	0	0	6	7	0	0	5	72	31	11	0	6	149.0
hsa-miR-4473	19	0	5	10	4	16	14	0	0	15	10	32	20	4	0	149.0
hsa-miR-193a-3p	0	0	0	0	0	0	2	0	0	0	0	8	138	0	0	148.0
hsa-miR-18b-3p	11	23	4	11	19	31	21	0	0	0	6	14	4	0	3	147.0
hsa-miR-3200-3p	0	7	0	13	0	5	13	0	0	2	77	25	5	0	0	147.0
hsa-miR-6515-5p	29	0	10	5	4	13	17	2	0	11	4	29	16	0	7	147.0
hsa-miR-216b-5p	13	3	5	0	13	0	0	2	0	0	0	72	36	0	2	146.0
hsa-miR-3174	28	6	17	6	16	8	3	0	0	8	6	20	10	2	15	145.0
hsa-miR-3135a	27	0	6	16	3	8	9	0	0	14	40	4	14	0	4	145.0
hsa-miR-6818-5p	0	9	4	2	8	7	26	0	0	4	10	15	51	0	7	143.0
hsa-miR-627-3p	3	0	3	2	6	4	19	0	0	2	3	72	5	0	22	141.0
hsa-miR-7849-3p	10	11	2	18	12	49	2	0	0	4	0	16	6	0	11	141.0
hsa-miR-3186-5p	16	4	2	0	0	6	8	0	2	2	0	34	6	0	60	140.0
hsa-miR-676-3p	5	4	0	0	24	0	2	0	0	0	0	5	93	0	7	140.0
hsa-miR-4474-3p	6	0	0	0	2	14	12	0	0	0	12	12	78	0	2	138.0
hsa-miR-3191-3p	30	7	15	28	2	15	3	0	0	12	4	2	11	4	4	137.0
hsa-miR-3190-3p	8	6	8	5	19	13	6	0	0	19	6	16	19	0	11	136.0
hsa-miR-6859-5p	24	2	8	7	2	12	5	2	2	6	44	0	6	0	16	135.84000000000003
hsa-miR-4661-5p	21	6	7	2	15	20	17	0	0	3	5	16	18	0	5	135.0
hsa-miR-4685-3p	10	6	6	21	9	25	8	0	0	0	3	6	28	7	4	133.0
hsa-miR-6868-3p	24	8	0	2	0	3	20	0	0	2	4	30	29	0	9	131.0
hsa-miR-1343-3p	8	6	16	28	5	17	3	0	0	6	2	3	14	2	20	130.0
hsa-miR-629-3p	8	3	6	6	9	11	13	0	0	0	0	34	6	0	32	128.0
hsa-miR-548ay-3p	0	0	6	2	18	9	4	0	0	2	17	25	21	0	24	128.0
hsa-miR-4639-5p	4	0	0	0	17	10	15	0	0	0	9	7	49	0	15	126.0
hsa-miR-3178	3	10	13	8	5	3	34	3	4	0	2	9	17	9	6	126.0
hsa-miR-4516	10	4	10	10	0	0	72	0	0	2	0	9	8	0	0	125.0
hsa-miR-501-5p	10	2	10	12	4	32	3	0	0	2	10	7	11	0	20	123.0
hsa-miR-3163	10	0	2	0	11	23	9	0	0	0	36	21	7	0	3	122.0
hsa-miR-365b-5p	23	2	0	0	0	2	14	0	0	2	0	3	70	0	5	121.0
hsa-miR-548a-3p	10	5	3	5	4	24	5	0	0	5	0	29	27	0	3	120.03
hsa-miR-7848-3p	27	6	10	7	10	23	4	2	0	0	0	3	8	6	14	120.0
hsa-miR-135a-5p	4	2	2	3	0	19	3	2	0	2	17	58	8	0	0	120.0
hsa-miR-548ab	9	2	2	0	9	10	7	0	0	3	12	36	26	0	5	118.0
hsa-miR-744-3p	25	0	4	13	16	10	12	0	0	3	5	17	6	2	5	118.0
hsa-miR-483-3p	0	5	21	16	2	11	11	0	0	0	0	2	26	22	2	118.0
hsa-miR-3911	18	0	0	0	0	2	4	0	0	0	0	0	87	0	6	117.0
hsa-miR-33b-3p	15	0	0	3	3	0	13	0	0	0	0	47	16	0	20	117.0
hsa-miR-6772-3p	15	5	18	11	2	41	0	0	0	7	0	10	3	4	0	116.0
hsa-miR-660-3p	7	9	2	2	10	0	5	2	0	0	31	15	29	0	4	116.0
hsa-miR-4668-5p	10	3	4	0	10	8	13	0	0	2	10	44	10	0	2	116.0
hsa-miR-122b-5p	0	0	2	0	16	2	4	0	0	0	0	0	83	2	5	114.0
hsa-miR-9903	5	5	2	7	18	10	5	0	0	3	26	11	18	0	4	114.0
hsa-miR-513c-5p	19	22	0	0	6	2	0	0	0	0	0	0	62	0	3	114.0
hsa-miR-29b-1-5p	8	8	0	4	5	21	8	0	0	0	0	13	12	0	34	113.0
hsa-miR-3613-3p	5	0	8	39	5	5	0	0	2	2	7	16	7	4	13	113.0
hsa-miR-3179	11	0	8	10	2	11	0	0	0	11	35	2	10	2	11	112.79999999999998
hsa-miR-202-3p	2	0	2	0	8	11	4	0	0	0	0	0	78	0	7	112.0
hsa-miR-2355-5p	5	0	6	20	2	3	16	0	0	10	6	35	7	2	0	112.0
hsa-miR-4660	3	3	0	5	9	14	0	0	0	0	0	5	50	0	22	111.0
hsa-miR-5001-3p	16	4	2	0	2	10	7	0	0	2	13	26	29	0	0	111.0
hsa-miR-4510	4	1	10	9	3	3	36	1	0	8	20	4	8	2	2	110.69999999999999
hsa-miR-3691-5p	26	6	6	4	4	3	10	2	0	0	11	5	24	2	7	110.0
hsa-miR-580-3p	3	10	0	0	2	23	2	2	3	0	21	22	18	2	2	110.0
hsa-miR-4437	0	5	0	0	0	4	12	2	4	2	0	4	49	0	28	110.0
hsv2-miR-H10	15	5	14	0	0	0	43	2	4	2	14	0	11	0	0	110.0
hsa-miR-496	11	12	2	11	6	9	0	0	0	11	2	7	36	3	0	110.0
hsa-miR-3611	6	4	4	2	2	2	13	0	0	2	7	47	16	0	3	108.0
hsa-miR-4781-3p	5	0	7	8	0	15	18	0	0	4	6	23	3	0	18	107.0
hsa-miR-6818-3p	7	3	3	4	14	12	15	0	0	2	0	18	13	2	14	107.0
hsa-miR-4533	19	3	4	5	15	16	2	2	0	18	0	3	19	0	0	106.0
hsa-miR-544b	0	0	0	6	0	0	0	0	0	0	0	49	44	6	0	105.0
hsa-miR-6513-5p	4	2	0	2	4	0	13	0	0	10	61	0	9	0	0	105.0
hsa-miR-3131	0	0	0	0	12	6	3	0	0	0	0	13	70	0	0	104.0
hsa-miR-362-3p	0	0	0	0	8	0	0	0	0	0	28	41	17	0	9	103.0
hsa-miR-6805-5p	5	5	4	5	6	14	20	0	0	4	19	2	12	0	7	103.0
hsa-miR-3918	11	5	0	0	12	3	18	2	0	0	5	0	19	0	27	102.0
hsa-miR-548u	3	4	3	3	6	11	4	2	2	4	11	32	12	0	4	101.0
hsa-miR-6862-5p	0	0	0	3	8	5	8	0	0	0	2	9	51	0	15	101.0
hsa-miR-7977	3	5	7	30	2	4	8	0	0	3	2	10	17	3	6	100.0
hsa-miR-3682-3p	18	0	0	0	7	13	28	0	0	4	2	10	15	0	3	100.0
hsa-miR-4707-3p	17	0	0	11	32	4	3	0	0	0	5	0	20	0	8	100.0
hsa-miR-3146	0	2	0	2	16	8	7	0	0	0	2	6	50	0	7	100.0
hsa-miR-4753-5p	13	0	0	0	8	2	5	2	0	4	7	38	8	0	13	100.0
hsa-miR-4479	7	6	0	0	0	2	13	0	0	2	4	35	21	2	8	100.0
hsa-miR-6735-5p	11	4	12	8	13	9	6	0	0	4	4	10	11	0	8	100.0
hsa-miR-4489	5	0	9	8	17	2	6	0	0	0	10	11	22	3	6	99.0
hsa-miR-3609	5	0	8	45	0	0	0	0	0	31	6	0	0	4	0	99.0
hsa-miR-301a-3p	11	0	6	5	3	15	4	0	0	8	19	2	18	0	6	97.0
hsa-miR-3155a	3	3	2	0	2	5	9	0	0	0	0	46	11	0	15	96.0
hsa-miR-1323	16	0	2	8	5	11	0	0	0	0	0	25	24	3	2	96.0
hsa-miR-5697	11	2	8	5	6	2	7	0	0	0	3	16	16	0	19	95.0
hsa-miR-4657	20	0	3	5	3	18	15	0	0	0	3	16	7	0	4	94.0
hsa-let-7c-3p	0	0	4	2	10	0	2	0	0	0	0	21	55	0	0	94.0
hsa-miR-6806-3p	11	0	0	8	4	22	8	0	0	3	16	7	13	0	2	94.0
hsa-miR-4999-5p	4	2	2	2	0	12	9	2	0	0	18	27	9	0	4	91.0
hsa-miR-16-1-3p	4	2	4	4	0	0	9	0	0	4	5	49	7	0	3	91.0
hsa-miR-3127-3p	0	0	14	10	11	14	0	0	0	2	0	14	12	4	9	90.0
hsa-miR-124-3p	0	15	0	2	0	6	7	0	0	0	0	18	39	0	2	89.01
hsa-miR-548ar-3p	10	0	0	2	8	4	2	0	0	4	7	44	8	0	0	89.0
hsa-miR-4672	3	0	2	4	14	0	16	0	0	0	7	5	33	0	4	88.0
hsa-miR-668-3p	8	0	7	22	4	7	0	0	2	3	0	3	29	0	3	88.0
hsa-miR-6761-5p	4	4	0	0	6	3	10	0	0	0	0	31	18	0	11	87.0
hsa-miR-556-5p	22	0	7	10	2	6	5	0	0	4	6	7	9	2	5	85.0
hsa-miR-4467	14	0	0	0	34	4	5	0	0	0	0	6	3	0	19	85.0
hsa-miR-4773	10	0	0	7	8	0	24	0	2	0	0	12	10	0	12	85.0
hsa-miR-4742-5p	0	0	0	12	10	20	6	0	0	4	6	18	0	0	9	85.0
hsa-miR-3939	13	0	2	0	7	18	4	0	0	0	4	23	5	2	7	85.0
hsa-miR-509-3p	0	6	0	4	4	7	0	0	0	4	0	0	54	0	5	84.0
hsa-miR-377-5p	7	13	6	9	7	4	0	0	0	13	4	7	10	0	3	83.0
hsa-miR-4503	13	2	2	0	5	11	2	0	0	0	0	30	7	0	11	83.0
hsa-miR-6813-5p	5	0	12	7	4	0	15	0	0	0	0	6	6	0	26	81.0
hsa-miR-487a-3p	0	4	10	2	14	5	0	0	0	19	0	9	16	2	0	81.0
hsa-miR-3944-5p	0	0	0	0	3	0	6	0	0	0	0	24	33	0	14	80.0
Hsa-Mir-4773_5p	0	0	2	0	9	5	19	0	0	0	0	39	4	0	2	80.0
hsa-miR-3128	8	0	2	0	7	2	4	0	0	2	31	21	2	0	0	79.0
hsa-miR-1295a	2	0	2	0	0	0	0	0	0	0	0	0	42	0	33	79.0
hsa-miR-4788	5	0	0	0	2	0	0	0	0	0	0	3	69	0	0	79.0
hsa-miR-3916	0	2	0	4	12	7	18	0	0	0	0	10	10	0	14	77.0
hsa-miR-3127-5p	12	0	4	0	10	8	13	0	0	2	0	2	22	0	3	76.0
hsa-miR-450a-1-3p	2	0	0	6	0	0	13	0	0	0	0	37	0	0	18	76.0
hsa-miR-146a-3p	0	0	18	27	6	7	0	0	0	0	0	0	3	12	3	76.0
hsa-miR-576-3p	16	0	0	0	11	0	13	0	0	0	0	16	12	0	8	76.0
hsa-miR-10401-3p	0	8	2	8	7	5	8	4	0	0	0	6	22	2	3	75.04
hsa-miR-664b-5p	17	0	0	2	0	9	4	0	2	9	4	0	9	3	16	75.0
hsa-miR-5187-5p	9	0	2	5	7	0	0	0	0	0	6	18	14	3	11	75.0
hsa-miR-3940-3p	0	0	6	0	3	11	10	0	0	0	11	18	13	0	2	74.0
hsa-miR-3121-3p	3	0	0	0	7	7	17	0	0	0	0	14	20	0	6	74.0
hsa-miR-154-5p	6	0	3	10	3	10	2	0	0	12	10	0	14	2	2	74.0
hsa-miR-5683	0	0	0	7	0	3	3	0	0	4	3	27	27	0	0	74.0
hsa-miR-1297	2	4	2	2	2	0	12	0	0	0	9	11	29	0	2	73.5
hsa-miR-1228-5p	9	0	2	15	9	0	0	0	2	3	0	12	21	0	0	73.0
hsa-miR-4487	10	2	3	0	0	0	13	2	2	0	0	19	6	0	16	73.0
hsa-miR-6511b-3p	9	10	6	2	0	11	5	0	0	0	0	10	19	0	0	72.0
hsa-miR-4449	7	0	9	18	0	2	6	0	0	0	0	10	16	0	4	72.0
hsa-miR-6837-5p	4	2	0	9	5	2	17	0	0	2	0	2	22	4	2	71.0
hsa-miR-3667-5p	0	0	0	2	0	2	0	0	0	0	0	30	17	0	20	71.0
hsa-miR-491-5p	0	7	3	11	6	5	2	0	0	0	0	19	0	0	18	71.0
hsa-miR-6793-5p	21	4	2	2	2	0	10	0	0	2	0	3	23	0	2	71.0
hsa-miR-6855-5p	0	0	0	3	3	0	5	0	0	4	27	6	2	0	20	70.0
hsa-miR-183-3p	0	0	4	6	0	2	9	0	0	0	13	8	22	0	6	70.0
hsa-miR-3065-5p	2	0	10	5	2	8	0	0	0	4	0	18	20	0	0	69.0
hsa-miR-380-5p	5	2	8	11	6	6	0	0	0	12	3	14	2	0	0	69.0
hsa-miR-643	0	9	6	0	2	5	4	0	0	0	7	8	17	2	9	69.0
hsa-miR-3188	12	0	2	9	7	2	0	0	0	2	0	0	35	0	0	69.0
hsa-miR-6716-3p	0	5	3	2	6	7	0	0	0	2	0	20	15	0	9	69.0
hsa-miR-6783-3p	10	3	2	0	0	10	2	0	0	3	3	29	3	0	4	69.0
hsa-miR-4466	0	2	0	0	4	0	4	0	2	0	0	0	57	0	0	69.0
hsa-miR-5584-5p	11	0	7	5	5	4	9	0	0	3	2	0	19	0	3	68.0
hsa-miR-378f	10	2	0	0	2	0	5	0	0	0	4	18	22	0	5	68.0
hsa-miR-550a-3p	0	0	7	22	0	7	12	0	0	2	7	4	7	0	0	67.95
hsa-miR-10393-3p	4	0	8	11	2	5	13	0	2	4	0	11	2	0	5	67.0
hsa-miR-329-5p	4	2	0	26	11	7	0	0	0	12	0	0	0	0	5	67.0
hsa-miR-181b-2-3p	0	2	0	0	2	0	9	0	0	0	10	26	16	2	0	67.0
hsa-miR-4686	0	0	12	0	3	0	3	0	0	0	0	11	35	2	0	66.0
hsa-miR-4637	6	0	2	0	2	10	5	0	0	2	17	8	10	2	2	66.0
hsa-miR-4750-5p	5	6	4	4	2	2	10	0	0	9	4	12	0	0	8	66.0
hsa-miR-3150b-5p	9	2	0	0	0	0	12	0	0	0	0	32	3	0	8	66.0
hsa-miR-197-5p	3	3	4	5	0	6	0	0	0	0	7	24	8	0	5	65.0
hsa-miR-6850-5p	11	2	4	2	9	5	14	0	0	2	4	5	7	0	0	65.0
hsa-miR-597-3p	8	0	2	2	12	3	7	0	2	6	4	0	17	0	2	65.0
hsa-miR-3920	8	0	0	5	0	3	0	0	0	5	3	8	23	0	9	64.0
hsa-miR-548q	10	3	0	2	7	0	8	0	0	0	0	12	12	0	10	64.0
hsa-miR-6511a-5p	8	6	0	2	11	4	11	0	0	0	2	0	20	0	0	64.0
hsa-miR-548t-5p	0	3	2	0	2	2	8	0	0	0	0	31	8	0	7	63.0
hsa-miR-3160-3p	0	0	0	0	2	0	18	0	0	0	2	12	29	0	0	63.0
hsa-miR-1910-5p	2	0	2	0	7	13	7	2	0	0	0	15	12	0	3	63.0
hsa-miR-5581-3p	3	5	0	2	2	4	7	0	0	0	0	12	8	0	20	63.0
hsa-miR-676-5p	0	0	0	0	0	0	0	0	0	0	0	3	54	0	5	62.0
hsa-miR-512-3p	0	0	0	0	8	0	0	2	0	0	0	7	40	0	4	61.0
hsa-miR-3202	18	0	3	0	10	3	2	0	0	2	4	0	11	0	8	61.0
hsa-miR-1229-3p	0	0	5	8	0	12	3	0	0	2	0	10	16	0	5	61.0
hsa-miR-3677-3p	2	0	0	0	2	0	3	0	0	0	3	13	35	0	2	60.0
hsa-miR-6884-5p	13	0	2	0	3	9	9	0	0	2	17	0	3	0	2	60.0
hsa-miR-1276	12	4	0	0	3	2	4	0	0	2	2	9	19	0	3	60.0
hsa-miR-539-5p	2	0	3	12	4	9	0	0	0	19	2	0	0	0	9	60.0
hsa-miR-4775	0	0	3	3	3	8	5	0	0	2	9	19	8	0	0	60.0
hsa-miR-3136-5p	0	0	0	2	3	5	4	0	0	0	9	25	11	0	0	59.0
hsa-miR-4743-5p	22	9	3	0	3	0	5	0	0	0	0	0	12	0	5	59.0
hsa-miR-6500-3p	13	5	2	0	4	0	0	0	0	0	0	3	28	0	4	59.0
hsa-miR-4797-3p	0	2	2	0	10	0	6	0	0	0	4	26	0	0	9	59.0
hsa-miR-3198	11	4	6	2	0	4	4	0	0	9	8	0	6	2	2	58.0
hsa-miR-323a-5p	12	2	2	0	4	3	2	0	0	8	0	0	21	4	0	58.0
hsa-miR-379-3p	2	2	2	12	4	6	0	0	0	5	6	11	8	0	0	58.0
hsa-miR-370-5p	4	2	2	12	6	8	0	0	0	12	2	0	9	0	0	57.0
hsa-miR-3200-5p	2	0	0	2	0	7	3	0	0	0	32	5	2	3	0	56.0
hsa-miR-5001-5p	8	0	4	0	0	13	9	0	0	0	0	6	10	0	6	56.0
hsa-miR-589-3p	0	7	4	5	6	0	7	0	0	2	0	11	13	0	0	55.0
hsa-miR-4688	10	0	0	0	10	0	2	0	0	5	2	10	3	2	11	55.0
hsa-miR-665	12	2	6	3	0	2	8	0	0	2	0	9	8	0	3	55.0
hsa-miR-4513	0	34	2	0	2	0	0	0	0	0	0	0	0	0	17	55.0
hsa-miR-6891-5p	7	3	0	2	2	0	0	0	0	0	0	0	37	0	4	55.0
hsa-miR-4521	0	3	0	0	5	6	4	0	0	4	2	12	13	3	2	54.0
hsa-miR-5582-3p	8	0	0	2	6	4	0	0	0	2	2	28	2	0	0	54.0
hsa-miR-3074-3p	15	2	0	6	0	14	0	0	0	4	0	6	0	0	6	53.0
hsa-miR-365a-5p	0	0	0	0	2	0	0	0	2	0	0	0	49	0	0	53.0
hsa-miR-219a-2-3p	3	2	0	0	2	0	0	0	0	0	0	3	43	0	0	53.0
hsa-miR-4286	0	0	0	19	0	0	9	0	0	2	2	8	4	2	6	52.0
hsa-miR-299-3p	0	4	0	9	3	8	0	0	0	5	2	7	14	0	0	52.0
hsa-miR-708-5p	12	0	0	0	2	0	0	0	0	0	2	7	16	0	13	52.0
hsa-miR-6750-5p	6	0	2	3	0	4	7	0	0	2	12	3	13	0	0	52.0
hsa-miR-301b-3p	0	0	5	11	3	11	4	0	0	7	0	0	7	0	3	51.0
hsa-miR-6734-5p	2	0	2	3	2	4	0	0	0	0	22	12	4	0	0	51.0
hsa-miR-135a-3p	9	0	0	4	0	3	2	0	0	11	0	10	9	0	3	51.0
hsa-miR-4785	0	0	0	0	0	0	11	0	0	0	3	28	6	0	3	51.0
hsa-miR-4767	5	0	0	0	0	0	0	0	0	0	0	29	12	0	5	51.0
hsa-miR-6733-5p	0	0	0	0	0	0	10	0	0	0	0	21	8	0	11	50.0
hsa-miR-7155-3p	6	0	0	0	3	2	16	0	2	0	5	7	2	0	7	50.0
hsa-miR-561-5p	0	2	0	0	4	0	2	0	0	0	6	19	16	0	0	49.0
hsa-miR-1303	9	0	0	0	9	12	0	0	0	0	7	10	0	2	0	49.0
hsa-miR-769-3p	7	2	0	2	0	6	4	0	0	0	2	6	20	0	0	49.0
hsa-miR-216a-3p	2	0	0	0	0	0	0	0	0	0	0	0	47	0	0	49.0
hsa-miR-4745-5p	2	2	0	0	2	5	0	0	0	0	0	0	38	0	0	49.0
hsa-miR-579-3p	10	0	0	3	6	0	0	0	0	0	3	20	0	0	6	48.0
hsa-miR-1289	0	0	0	0	6	0	8	0	0	2	15	16	0	0	0	47.0
hsa-miR-616-5p	0	0	2	7	0	2	6	0	0	0	2	13	4	0	11	47.0
hsa-miR-2276-3p	8	5	2	0	0	2	0	0	0	0	0	5	21	0	4	47.0
hsa-miR-655-3p	0	9	0	0	0	0	0	0	0	12	10	9	6	0	0	46.0
hsa-miR-3942-5p	0	2	0	0	2	0	0	0	0	0	0	16	15	0	11	46.0
hsa-miR-500a-5p	2	3	2	4	8	10	0	0	0	0	5	0	6	0	8	46.0
hsa-miR-182-3p	5	0	0	0	2	0	9	0	0	0	14	11	4	0	0	45.0
hsa-miR-4754	0	2	0	0	0	6	4	0	0	0	6	2	5	2	18	45.0
hsa-miR-1298-5p	17	2	2	5	0	6	3	0	0	0	0	4	2	0	4	45.0
hsa-miR-4647	7	0	0	0	0	2	7	0	0	0	0	0	20	0	8	44.0
hsa-miR-26a-1-3p	0	6	0	4	6	5	0	0	0	6	0	6	2	4	5	44.0
hsa-miR-4659b-5p	2	2	5	0	9	4	0	0	0	0	2	13	7	0	0	44.0
hsa-miR-3140-5p	5	2	0	0	0	0	0	0	0	0	0	28	9	0	0	44.0
hsa-miR-6505-5p	7	0	4	7	11	0	0	0	0	0	5	8	2	0	0	44.0
hsa-miR-3661	0	0	0	3	8	0	2	0	0	5	3	10	0	2	11	44.0
hsa-miR-4734	8	0	3	0	0	3	6	0	0	0	0	3	12	0	9	44.0
hsa-miR-516b-5p	0	0	2	2	0	2	0	0	0	5	0	12	20	0	0	43.0
hsa-miR-4536-5p	0	4	0	0	0	2	3	0	0	3	2	5	12	0	12	43.0
hsa-miR-5701	5	0	0	0	0	0	0	0	0	16	22	0	0	0	0	42.959999999999994
hsa-miR-378e	3	0	0	0	3	0	6	0	0	0	4	9	7	0	10	42.8
hsa-miR-552-3p	10	2	8	7	0	0	0	0	0	3	2	3	0	4	3	42.0
hsa-miR-6729-5p	11	2	0	0	7	2	2	0	0	2	5	0	4	0	7	42.0
hsa-miR-7705	0	3	0	0	6	5	3	0	0	0	6	17	0	0	2	42.0
hsa-miR-6855-3p	12	0	2	2	0	0	0	0	2	0	0	4	14	0	5	41.0
hsa-miR-2277-3p	7	4	0	3	0	0	2	0	0	3	2	16	2	0	2	41.0
hsa-miR-4762-3p	4	0	2	0	12	5	2	0	0	2	8	0	2	0	4	41.0
hsa-miR-7151-3p	7	0	0	6	0	0	0	0	0	0	3	0	13	0	12	41.0
hsa-miR-4757-3p	0	4	2	0	0	0	0	4	0	0	0	23	4	0	4	41.0
hsa-miR-520a-3p	0	0	0	0	2	5	0	0	0	0	0	4	21	0	8	40.0
hsa-miR-7110-3p	10	2	5	2	0	14	0	0	0	0	0	0	2	2	3	40.0
hsa-miR-451b	2	0	2	0	0	0	7	0	0	0	10	15	4	0	0	40.0
hsa-miR-541-3p	2	4	0	0	3	4	0	0	0	4	2	8	6	0	7	40.0
hsa-miR-3117-3p	0	0	0	0	0	16	2	0	0	0	11	0	11	0	0	40.0
hsa-miR-4687-3p	0	0	0	2	3	0	0	0	0	0	0	10	22	0	2	39.0
hsa-miR-4683	0	0	7	2	11	4	0	0	0	0	0	0	6	0	9	39.0
hsa-miR-6807-5p	6	0	3	0	5	0	3	0	0	0	0	0	20	0	2	39.0
hsa-miR-4638-5p	0	0	2	6	0	2	13	0	0	5	3	0	2	0	6	39.0
hsa-miR-3651	0	0	5	7	0	0	11	0	0	4	2	3	5	2	0	39.0
hsa-miR-219b-5p	8	2	0	2	0	7	0	0	0	0	2	3	3	0	12	39.0
hsa-miR-6755-5p	0	0	0	6	6	3	0	0	0	2	8	9	0	0	4	38.0
hsa-miR-3122	0	6	3	0	3	5	10	0	0	0	0	7	4	0	0	38.0
hsa-miR-514a-3p	0	0	0	0	4	2	5	0	0	0	0	18	5	0	4	38.0
hsa-miR-6820-5p	0	0	5	0	2	0	3	0	0	2	0	5	17	0	4	38.0
hsa-miR-542-5p	5	2	0	0	0	0	5	2	0	0	0	9	5	0	10	38.0
hsa-miR-186-3p	0	0	0	0	0	7	0	0	0	0	3	11	10	0	7	38.0
hsa-miR-4498	0	4	6	10	0	6	2	0	0	0	5	0	2	2	0	37.0
Hsa-Mir-599_5p	0	0	2	0	7	6	0	0	0	0	4	4	14	0	0	37.0
hsa-miR-1228-3p	0	2	0	0	2	7	0	0	0	0	0	0	20	0	5	36.0
hsa-miR-4654	4	3	0	2	4	0	5	0	0	4	2	6	2	0	4	36.0
hsa-miR-455-3p	0	0	0	2	0	0	0	0	0	0	12	4	15	0	3	36.0
hsa-miR-1908-3p	0	0	2	12	4	0	3	0	0	0	0	0	10	0	5	36.0
hsa-miR-548e-5p	0	3	0	0	6	3	3	0	0	0	4	9	4	0	4	36.0
hsa-miR-2116-3p	0	0	2	0	3	6	0	0	0	0	0	0	25	0	0	36.0
hsa-miR-3680-3p	0	0	0	0	3	0	2	0	0	0	0	5	23	0	3	36.0
hsa-miR-590-5p	0	0	0	0	2	0	0	0	0	0	5	23	6	0	0	36.0
hsa-miR-2278	9	0	0	4	0	6	2	0	0	0	0	12	0	0	3	36.0
hsa-miR-4448	0	0	2	7	12	0	2	0	3	2	0	0	4	0	4	36.0
hsa-miR-4729	0	0	0	0	0	0	2	0	0	0	0	14	20	0	0	36.0
hsa-miR-7844-5p	7	2	0	4	0	2	0	0	0	0	0	9	3	0	8	35.0
hsa-miR-3614-3p	0	3	2	2	0	0	9	0	0	0	0	9	4	0	6	35.0
hsa-miR-6781-5p	6	4	0	0	4	0	8	0	0	0	2	2	8	0	0	34.0
hsa-miR-5003-3p	9	5	2	0	2	5	0	0	0	0	6	0	5	0	0	34.0
hsa-miR-3161	0	0	0	0	0	0	0	0	0	0	2	0	3	0	29	34.0
hsa-miR-940	6	3	0	5	0	6	10	0	0	4	0	0	0	0	0	34.0
hsa-miR-4714-5p	7	2	0	0	0	0	3	0	0	0	2	12	6	0	2	34.0
hsa-miR-3617-5p	2	2	4	7	0	0	0	0	0	5	3	11	0	0	0	34.0
hsa-miR-6767-5p	2	0	0	0	3	0	4	0	0	5	8	0	3	2	6	33.0
hsa-miR-6780a-5p	0	0	0	0	0	2	0	0	0	0	27	2	0	0	2	33.0
hsa-miR-3192-5p	9	0	2	3	0	5	9	0	0	0	2	0	0	0	3	33.0
hsa-miR-6783-5p	2	2	3	5	0	0	2	0	0	0	9	8	2	0	0	33.0
hsa-miR-7855-5p	4	0	5	2	0	3	0	0	0	2	0	15	0	0	2	33.0
hsa-miR-3150a-3p	0	6	1	0	0	6	3	0	0	0	0	3	9	2	3	32.5
hsa-miR-509-3-5p	0	0	5	5	0	3	2	0	0	0	0	0	3	0	14	32.0
hsa-miR-20a-3p	0	0	0	2	4	4	0	0	0	0	2	11	9	0	0	32.0
hsa-miR-500b-5p	2	3	2	2	1	10	0	0	0	0	5	0	6	0	3	32.0
hsa-miR-6718-5p	0	4	2	0	0	2	0	0	0	2	0	4	10	0	8	32.0
hsa-miR-1269a	3	0	0	0	0	0	0	0	0	0	0	0	29	0	0	32.0
hsa-miR-548av-5p	0	0	0	0	8	1	4	0	0	2	2	13	2	0	1	32.0
hsa-miR-1226-3p	0	0	5	7	0	7	0	2	0	0	0	0	6	0	5	32.0
hsa-miR-1827	0	0	3	0	1	0	8	0	0	0	11	5	4	0	0	32.0
hsa-miR-152-5p	14	0	5	0	2	4	0	0	0	2	0	0	5	0	0	32.0
hsa-miR-4786-5p	8	6	2	0	0	8	0	0	0	0	5	0	2	0	0	31.0
hsa-miR-3183	5	0	0	4	0	0	4	0	0	0	0	12	6	0	0	31.0
hsa-miR-4796-5p	0	0	2	0	0	0	6	0	0	4	0	11	8	0	0	31.0
hsa-miR-1537-3p	0	0	0	0	4	0	6	0	0	0	0	14	2	0	5	31.0
hsa-miR-4425	0	2	0	0	5	0	0	0	0	0	0	0	24	0	0	31.0
hsa-miR-6726-3p	0	0	3	7	3	2	0	0	0	0	0	9	7	0	0	31.0
hsa-miR-3180	1	3	0	0	1	2	3	0	0	0	0	2	14	0	3	30.28
hsa-miR-6763-5p	16	0	0	2	0	0	0	2	0	2	0	0	8	0	0	30.0
hsa-miR-3149	0	0	3	0	2	2	5	2	0	0	4	0	0	0	12	30.0
hsa-miR-885-3p	0	0	5	0	3	0	2	0	0	0	0	0	15	5	0	30.0
hsa-miR-187-5p	0	0	0	0	0	0	0	0	0	0	0	7	20	0	2	29.0
hsa-miR-5000-3p	0	0	0	0	0	0	0	0	0	0	7	15	2	0	5	29.0
hsa-miR-212-3p	9	2	0	7	0	2	2	0	0	0	0	7	0	0	0	29.0
hsa-miR-1290	0	0	0	0	2	0	13	0	0	0	0	5	2	0	7	29.0
hsa-miR-1258	4	0	0	0	2	4	0	0	0	0	0	0	19	0	0	29.0
hsa-miR-4717-3p	3	0	3	3	0	6	2	0	0	0	0	3	9	0	0	29.0
hsa-miR-9983-3p	0	0	0	0	3	0	0	0	0	0	0	5	20	0	0	28.0
hsa-miR-642b-3p	0	0	0	0	3	0	2	0	0	0	0	0	19	0	5	28.0
hsa-miR-4709-5p	4	2	0	0	5	2	2	0	0	2	0	6	3	0	2	28.0
hsa-miR-4678	0	0	0	2	0	2	2	0	0	0	5	5	11	0	0	27.0
hsa-miR-6758-3p	7	0	2	0	0	0	3	0	0	0	0	6	9	0	0	27.0
hsa-miR-4676-5p	0	0	0	0	6	0	0	0	0	0	2	7	3	0	9	27.0
hsa-miR-4804-5p	8	0	6	0	0	0	4	0	0	4	0	0	2	0	2	26.0
hsa-miR-675-3p	8	0	2	0	2	0	2	0	0	0	0	3	9	0	0	26.0
hsa-miR-5706	3	0	0	0	2	3	4	0	0	0	0	9	3	0	2	26.0
hsa-miR-550b-2-5p	6	3	0	0	0	2	2	0	0	0	0	4	0	1	8	26.0
hsa-miR-154-3p	0	0	2	0	2	0	0	0	0	4	3	0	15	0	0	26.0
hsa-miR-944	0	0	2	2	0	0	0	0	0	0	0	8	14	0	0	26.0
hsa-miR-1914-5p	0	0	2	2	0	8	0	0	0	2	0	0	10	2	0	26.0
hsa-miR-592	0	4	0	0	5	0	0	0	0	0	0	0	17	0	0	26.0
hsa-miR-652-5p	0	0	0	4	0	0	2	0	0	0	0	5	15	0	0	26.0
hsa-miR-6809-5p	0	0	0	0	0	0	4	0	0	2	2	0	18	0	0	26.0
hsa-miR-6753-3p	0	0	0	0	7	2	4	0	2	2	0	0	2	0	7	26.0
hsa-miR-4797-5p	3	2	0	0	0	2	0	0	0	2	3	14	0	0	0	26.0
hsa-miR-6816-3p	0	0	0	0	0	0	0	0	0	0	2	12	0	0	11	25.0
hsa-miR-5004-3p	2	0	2	7	0	6	0	0	0	0	0	0	4	0	4	25.0
hsa-miR-1236-5p	0	0	0	0	0	0	0	0	0	0	0	0	25	0	0	25.0
hsa-miR-545-3p	10	0	0	0	0	2	2	0	0	0	2	9	0	0	0	25.0
hsa-miR-4800-5p	3	2	0	0	2	3	0	0	0	0	0	0	15	0	0	25.0
hsa-miR-3684	3	0	0	0	2	6	3	0	0	0	2	9	0	0	0	25.0
hsa-miR-4638-3p	0	0	0	0	0	6	0	0	0	0	11	0	8	0	0	25.0
hsa-miR-8069	0	0	0	0	5	0	0	0	0	0	0	17	0	0	3	24.96
hsa-miR-1244	0	0	0	2	0	3	0	0	4	3	0	2	5	0	6	24.96
hsa-miR-6803-3p	7	0	2	4	0	6	0	0	0	0	0	0	3	2	0	24.0
hsa-miR-4777-3p	0	0	0	0	5	2	2	0	0	0	2	4	9	0	0	24.0
hsa-miR-3175	5	5	3	2	0	3	0	0	0	0	2	0	2	2	0	24.0
hsa-miR-4802-3p	0	0	0	0	0	0	0	0	0	0	0	11	7	0	6	24.0
hsa-miR-4796-3p	4	0	0	0	2	3	4	0	0	0	3	0	6	0	2	24.0
hsa-miR-149-5p	0	4	2	4	3	0	2	2	0	0	2	0	5	0	0	24.0
hsa-miR-33b-5p	2	0	0	0	3	0	0	0	0	0	2	8	9	0	0	24.0
hsa-miR-4782-5p	3	0	0	2	0	0	4	0	0	0	0	8	3	0	3	23.0
hsa-miR-943	2	2	0	4	0	3	3	0	0	2	0	4	0	0	3	23.0
hsa-miR-489-3p	0	0	0	0	0	0	0	0	0	0	0	0	23	0	0	23.0
hsa-miR-4477b	0	0	0	2	0	0	0	0	0	0	0	6	15	0	0	23.0
hsa-miR-4753-3p	0	0	0	0	0	7	2	0	0	0	0	4	10	0	0	23.0
hsa-miR-29a-5p	5	0	0	0	0	0	0	0	0	0	0	12	0	0	6	23.0
hsa-miR-549a-3p	0	0	0	0	2	0	0	0	0	0	0	0	21	0	0	23.0
hsa-miR-6505-3p	7	0	0	0	2	4	0	0	0	0	0	2	6	2	0	23.0
hsa-miR-4492	0	0	2	0	1	0	13	0	2	0	1	3	0	0	1	22.5
hsa-miR-548al	0	0	0	0	2	2	0	0	0	0	14	4	0	0	0	22.0
hsa-miR-5094	0	0	2	0	4	8	0	0	0	0	0	0	5	0	3	22.0
hsa-miR-3166	0	0	0	5	0	0	0	0	0	0	0	17	0	0	0	22.0
hsa-miR-6817-3p	0	0	0	0	0	0	7	0	0	0	0	0	11	0	4	22.0
hsa-miR-1248	10	2	0	0	0	10	0	0	0	0	0	0	0	0	0	22.0
hsa-miR-584-3p	0	0	0	3	0	8	2	0	0	0	0	0	9	0	0	22.0
hsa-miR-487b-5p	0	2	0	4	3	0	0	0	0	2	0	0	0	0	11	22.0
hsa-miR-6787-5p	4	0	0	4	0	0	0	0	0	5	0	3	2	0	4	22.0
hsa-miR-4421	0	0	2	0	0	9	0	0	0	0	0	0	11	0	0	22.0
hsa-miR-490-5p	0	0	0	0	6	8	0	0	0	0	0	0	0	0	7	21.0
hsa-miR-4795-3p	0	0	0	0	0	3	0	0	0	0	4	8	6	0	0	21.0
hsa-miR-4505	2	0	0	0	0	0	7	0	0	0	0	8	4	0	0	21.0
hsa-miR-216a-5p	3	0	3	0	0	0	0	0	0	0	0	9	6	0	0	21.0
hsa-miR-675-5p	0	0	0	2	0	0	3	0	0	0	0	0	13	0	2	20.0
hsa-miR-1247-5p	10	2	2	2	0	2	0	0	0	0	0	0	2	0	0	20.0
hsa-miR-6832-5p	5	0	0	4	0	5	0	0	0	2	2	0	2	0	0	20.0
hsa-miR-4525	4	0	0	0	0	0	0	0	0	0	0	0	16	0	0	20.0
hsa-miR-6511b-5p	2	2	0	2	5	1	3	0	0	0	0	0	5	0	0	20.0
ebv-miR-BART13-5p	0	9	2	0	0	0	4	0	0	0	0	2	3	0	0	20.0
hsa-miR-3685	0	0	0	0	0	2	4	0	0	0	0	0	8	0	6	20.0
hsa-miR-3622a-5p	0	0	0	0	0	0	0	0	0	0	0	0	17	0	3	20.0
hsa-miR-5006-3p	0	0	0	4	3	2	2	0	0	0	0	5	3	0	0	19.0
hsa-miR-4433a-5p	0	6	0	2	0	4	0	0	0	3	0	0	2	2	0	19.0
hsa-miR-3145-3p	0	2	0	0	0	0	0	0	0	0	0	15	0	0	2	19.0
hsa-miR-7975	0	7	4	0	0	0	2	2	0	0	0	0	4	0	0	19.0
hsa-miR-7856-5p	0	3	0	0	2	2	0	0	0	0	0	3	7	0	2	19.0
hsa-miR-6125	0	0	0	6	0	0	6	0	0	0	0	0	5	0	2	19.0
hsa-miR-607	2	0	0	0	0	0	0	0	0	0	2	13	2	0	0	19.0
hsa-miR-1910-3p	0	0	2	0	3	0	7	0	0	0	0	0	7	0	0	19.0
hsa-miR-3165	3	0	2	3	0	4	3	0	0	0	0	0	2	0	2	19.0
hsa-miR-7851-3p	3	0	2	10	0	4	0	0	0	0	0	0	0	0	0	19.0
hsa-miR-106a-3p	0	0	0	0	0	0	0	0	0	0	6	2	7	0	4	19.0
hsa-miR-6861-5p	7	0	0	4	2	0	0	0	0	5	0	0	0	0	0	18.0
hsa-miR-6736-5p	6	0	3	2	3	0	0	0	0	0	0	2	0	2	0	18.0
hsa-miR-6892-5p	6	3	0	0	0	0	0	0	0	0	0	0	3	2	4	18.0
hsa-miR-4648	5	0	0	0	4	0	0	0	0	0	0	0	9	0	0	18.0
hsa-miR-556-3p	0	0	0	3	2	0	0	0	0	3	2	8	0	0	0	18.0
hsa-miR-5587-5p	0	0	0	2	0	0	0	0	0	0	0	7	9	0	0	18.0
hsa-miR-6866-3p	0	3	0	0	0	0	0	0	0	0	0	0	8	2	5	18.0
hsa-miR-6839-5p	0	0	0	0	0	2	5	0	0	0	0	11	0	0	0	18.0
hsa-miR-219a-5p	0	0	4	4	0	2	0	0	0	2	2	4	0	0	0	18.0
hsa-miR-4677-5p	4	0	0	2	2	0	2	0	0	0	2	6	0	0	0	18.0
hsa-miR-6854-3p	0	0	0	0	0	4	0	0	0	0	0	14	0	0	0	18.0
hsa-miR-4680-3p	0	2	2	2	0	0	0	0	0	0	0	8	4	0	0	18.0
hsa-miR-3157-5p	7	2	0	0	0	0	0	0	0	2	0	2	3	2	0	18.0
hsa-miR-5188	0	0	0	0	0	4	0	0	0	0	2	9	2	0	0	17.0
hsa-miR-570-3p	0	0	0	2	5	0	0	0	0	0	7	0	0	0	3	17.0
hsa-miR-6843-3p	0	0	2	0	8	5	0	0	0	2	0	0	0	0	0	17.0
hsa-miR-4658	3	0	0	0	7	4	0	0	0	0	0	0	3	0	0	17.0
hsa-miR-371b-3p	0	0	2	0	0	0	2	0	0	0	0	8	5	0	0	17.0
ebv-miR-BART22	0	0	0	0	0	5	0	0	0	0	0	10	2	0	0	17.0
hsa-miR-1226-5p	0	0	0	0	0	0	0	0	0	3	0	11	0	0	3	17.0
hsa-miR-4646-5p	0	0	0	0	3	0	0	0	0	0	10	0	4	0	0	17.0
hsa-miR-6802-5p	3	0	0	0	0	0	2	0	0	0	0	2	10	0	0	17.0
hsa-miR-548at-3p	0	0	0	0	2	4	0	0	0	3	2	0	6	0	0	17.0
hsa-miR-6821-5p	0	2	0	0	0	2	0	0	0	0	0	3	10	0	0	17.0
hsa-miR-187-3p	2	0	0	2	2	4	0	0	0	0	0	0	6	0	0	16.0
hsa-miR-3940-5p	0	2	0	0	0	0	4	0	0	0	0	0	10	0	0	16.0
hsa-miR-5090	0	0	0	3	2	0	2	0	0	2	0	3	0	0	4	16.0
hsa-miR-3137	0	0	0	0	0	0	0	0	0	0	2	0	4	0	10	16.0
hsa-miR-6774-5p	0	0	0	0	4	4	0	0	0	0	0	0	4	0	4	16.0
hsa-miR-577	9	0	2	0	0	0	0	0	0	0	0	5	0	0	0	16.0
hsa-miR-6738-3p	0	0	0	0	7	5	0	0	0	0	0	0	0	0	4	16.0
hsa-miR-3187-5p	0	0	0	0	0	2	2	0	0	0	0	8	4	0	0	16.0
hsa-miR-135a-2-3p	0	0	0	0	0	0	0	0	0	0	0	3	13	0	0	16.0
hsa-miR-1295b-3p	3	0	0	0	2	2	0	0	0	0	2	0	7	0	0	16.0
hsa-miR-519a-5p	0	1	0	0	9	0	0	0	0	0	0	5	1	0	0	15.17
hsa-miR-6812-3p	0	0	0	0	2	0	0	0	0	0	0	0	13	0	0	15.0
hsa-miR-6779-5p	3	0	0	0	6	0	0	0	0	0	0	0	6	0	0	15.0
hsa-miR-7847-3p	0	0	0	0	0	0	5	0	0	0	0	10	0	0	0	15.0
hsa-miR-95-5p	0	0	2	0	4	0	3	0	0	0	0	0	6	0	0	15.0
hsa-miR-5698	0	0	0	2	6	2	0	0	0	0	0	0	5	0	0	15.0
hsa-miR-3139	5	0	0	0	0	0	3	0	0	4	0	0	3	0	0	15.0
hsa-miR-4512	0	0	2	0	2	0	0	0	0	0	0	4	0	0	7	15.0
hsa-miR-4787-3p	0	0	0	3	0	4	0	0	0	0	0	0	8	0	0	15.0
hsa-miR-6881-3p	0	0	0	2	0	2	0	0	0	0	0	4	7	0	0	15.0
hsa-miR-6774-3p	0	4	4	0	0	0	0	0	0	0	0	0	0	0	7	15.0
hsa-miR-3678-5p	0	0	0	0	0	0	0	0	0	0	0	12	3	0	0	15.0
hsa-miR-4723-3p	0	0	0	0	0	0	0	0	0	0	0	10	0	0	5	15.0
hsa-miR-6802-3p	0	0	2	2	0	2	0	0	0	0	0	5	4	0	0	15.0
hsa-miR-3129-3p	0	0	0	0	0	0	2	0	0	0	0	0	13	0	0	15.0
hsa-miR-4800-3p	0	0	0	0	0	0	0	0	0	0	0	4	9	0	2	15.0
hsa-miR-6770-3p	0	2	2	7	0	0	0	0	0	0	0	2	0	0	2	14.940000000000001
hsa-miR-6859-3p	0	0	0	3	0	3	0	0	0	0	2	0	3	0	3	14.079999999999998
hsa-miR-202-5p	3	0	0	0	0	0	3	0	0	0	2	0	6	0	0	14.0
hsa-miR-4715-5p	0	0	0	2	0	0	0	0	0	0	0	0	12	0	0	14.0
hsa-miR-516a-5p	3	0	0	0	0	3	0	0	0	0	0	8	0	0	0	14.0
hsa-miR-147b-5p	3	2	0	0	4	0	0	0	0	0	0	0	5	0	0	14.0
hsa-miR-4700-5p	2	0	0	0	5	3	4	0	0	0	0	0	0	0	0	14.0
hsa-miR-449c-5p	0	0	2	0	3	3	4	0	0	2	0	0	0	0	0	14.0
hsa-miR-6838-5p	0	0	2	0	0	0	5	0	0	0	0	5	0	0	2	14.0
hsa-miR-5004-5p	0	0	0	4	2	0	0	0	0	0	0	5	0	0	3	14.0
hsa-miR-6810-5p	0	0	2	8	0	0	0	0	0	4	0	0	0	0	0	14.0
hsa-miR-3944-3p	3	3	0	0	0	0	0	0	0	0	0	0	8	0	0	14.0
hsa-miR-3159	0	0	0	0	0	2	3	0	0	0	0	2	0	0	7	14.0
hsa-miR-372-3p	0	0	2	0	5	0	0	0	0	0	0	0	4	0	3	14.0
hsa-miR-4726-5p	0	0	0	0	0	0	2	0	0	0	0	0	12	0	0	14.0
hsa-miR-6857-3p	0	0	2	0	0	2	0	0	0	0	0	0	7	0	3	14.0
hsa-miR-4670-5p	0	0	0	0	0	2	0	0	0	0	0	4	8	0	0	14.0
hsa-miR-7109-3p	4	0	2	8	0	0	0	0	0	0	0	0	0	0	0	14.0
hsa-miR-449a	0	0	0	0	2	8	0	0	0	2	0	0	2	0	0	14.0
hsa-miR-4491	3	0	0	0	0	0	0	0	0	0	0	0	5	0	6	14.0
hsa-miR-3659	0	6	0	0	0	0	0	0	0	0	0	0	8	0	0	14.0
hsa-miR-4727-3p	0	0	4	0	0	3	0	0	0	0	0	0	7	0	0	14.0
hsa-miR-877-3p	0	0	3	8	0	0	0	0	0	0	0	0	0	3	0	14.0
hsa-miR-6889-5p	0	0	2	0	0	0	0	0	0	0	0	11	0	0	0	13.0
hsa-miR-4749-5p	0	0	0	0	0	0	0	0	0	0	0	0	13	0	0	13.0
hsa-miR-6861-3p	0	0	0	0	0	0	0	0	0	4	0	5	4	0	0	13.0
hsa-miR-6754-3p	0	0	0	0	2	7	0	0	0	0	0	0	4	0	0	13.0
hsa-miR-7113-5p	0	0	0	0	0	0	0	0	0	0	7	0	6	0	0	13.0
hsa-miR-6840-5p	0	0	0	0	2	0	0	0	0	0	0	11	0	0	0	13.0
hsa-miR-4485-5p	0	0	9	2	0	0	0	0	2	0	0	0	0	0	0	13.0
hsa-miR-605-5p	0	0	0	0	0	3	0	0	0	0	0	10	0	0	0	13.0
hsa-miR-6847-5p	0	0	4	0	0	0	3	0	0	2	0	0	0	0	4	13.0
hsa-miR-6791-5p	0	0	0	2	0	0	0	0	0	0	0	11	0	0	0	13.0
hsa-miR-130a-5p	0	0	2	4	0	0	0	0	0	0	7	0	0	0	0	13.0
hsa-miR-4774-5p	4	0	0	0	0	2	0	0	0	0	0	7	0	0	0	13.0
hsa-miR-4667-5p	4	0	0	0	0	0	0	0	0	0	4	0	5	0	0	13.0
hsa-miR-6878-5p	0	0	0	0	0	0	0	0	0	0	0	7	3	0	3	13.0
hsa-miR-5690	0	0	0	0	3	0	2	0	0	0	0	5	3	0	0	13.0
hsa-miR-1256	0	0	4	2	0	0	2	0	0	0	2	0	0	0	3	13.0
hsa-miR-548ap-5p	0	1	0	0	2	0	0	0	0	0	1	7	2	0	0	13.0
hsa-miR-6827-5p	0	0	2	5	0	2	0	0	0	0	0	0	4	0	0	13.0
hsa-miR-6762-3p	0	0	2	0	0	0	0	0	0	0	0	3	8	0	0	13.0
hsa-miR-4752	0	0	3	3	0	0	0	0	0	0	0	0	7	0	0	13.0
hsa-miR-4744	0	0	0	0	0	0	0	0	0	0	0	9	4	0	0	13.0
hsa-miR-10392-5p	0	0	0	0	0	2	0	0	0	0	0	5	6	0	0	13.0
hsa-miR-6724-5p	0	0	0	0	0	3	0	0	0	0	0	6	0	0	4	12.880000000000003
hsa-miR-23c	0	0	1	2	1	0	2	0	0	0	0	3	5	0	0	12.67
hsa-miR-653-5p	0	2	3	0	0	0	0	0	0	0	0	7	0	0	0	12.0
Hsa-Mir-1913_5p	0	0	0	0	0	2	0	0	0	0	0	0	0	0	10	12.0
hsa-miR-34b-3p	0	0	2	0	0	0	3	0	0	0	0	5	0	0	2	12.0
hsa-miR-6800-5p	4	0	0	0	0	0	0	0	0	0	0	0	8	0	0	12.0
hsa-miR-301b-5p	0	0	0	0	0	2	3	0	0	0	0	5	0	0	2	12.0
hsa-miR-4690-5p	0	0	0	2	0	0	3	0	0	0	0	0	7	0	0	12.0
hsa-miR-8072	0	0	0	2	0	0	5	0	0	0	0	2	3	0	0	12.0
hsa-miR-4731-5p	0	0	2	0	0	0	0	0	0	0	0	0	10	0	0	12.0
hsa-miR-3154	0	0	0	2	2	2	6	0	0	0	0	0	0	0	0	12.0
hsa-miR-6875-5p	2	0	0	0	2	2	0	0	0	2	2	0	2	0	0	12.0
hsa-miR-99a-3p	0	0	0	2	0	2	0	0	0	0	0	0	6	0	2	12.0
hsa-miR-196b-3p	0	0	0	0	2	2	5	0	0	0	0	0	0	0	3	12.0
hsa-miR-6885-3p	0	0	2	0	0	0	0	0	0	0	0	0	10	0	0	12.0
hsa-miR-6787-3p	0	0	2	0	3	0	0	0	0	0	0	3	0	0	4	12.0
hsa-miR-135b-5p	9	0	0	2	0	0	0	0	0	0	0	0	0	0	0	11.0
hsa-miR-3145-5p	0	0	0	0	0	0	0	0	0	0	0	8	3	0	0	11.0
hsa-miR-153-3p	0	0	2	0	0	0	0	0	0	0	0	0	9	0	0	11.0
hsa-miR-887-5p	4	0	0	0	0	0	0	0	0	0	0	3	4	0	0	11.0
hsa-miR-548ah-5p	0	0	0	0	0	0	0	0	0	0	0	0	11	0	0	11.0
hsa-miR-3664-3p	0	0	0	0	0	0	0	0	0	0	0	0	11	0	0	11.0
hsa-miR-494-5p	0	0	0	0	4	3	2	0	0	2	0	0	0	0	0	11.0
hsa-miR-4645-5p	2	0	0	0	0	0	0	0	0	0	0	9	0	0	0	11.0
hsa-miR-3189-3p	0	0	0	0	0	5	0	0	0	0	0	6	0	0	0	11.0
hsa-miR-3125	0	0	0	0	0	0	0	0	0	2	2	3	4	0	0	11.0
hsa-miR-10394-3p	0	2	0	0	0	2	7	0	0	0	0	0	0	0	0	11.0
hsa-miR-3680-5p	0	0	0	0	0	4	0	0	0	0	0	7	0	0	0	11.0
hsa-miR-6740-5p	2	0	0	0	2	2	0	0	0	0	0	3	2	0	0	11.0
hsa-miR-4708-3p	7	0	0	0	0	0	2	0	0	0	0	0	2	0	0	11.0
hsa-miR-7845-5p	0	3	0	3	0	0	3	0	0	2	0	0	0	0	0	11.0
hsa-miR-4766-3p	5	0	0	0	3	0	0	0	0	0	0	3	0	0	0	11.0
hsa-miR-4737	5	0	0	0	2	0	0	0	0	0	0	0	4	0	0	11.0
hsa-miR-15a-3p	0	0	2	0	0	0	2	0	0	0	4	0	3	0	0	11.0
hsa-miR-506-5p	0	0	0	0	0	0	0	0	0	0	0	11	0	0	0	11.0
hiv1-miR-TAR-5p	0	0	0	0	6	0	0	2	0	0	0	0	0	0	3	11.0
hsa-miR-506-3p	8	0	0	0	0	0	0	0	0	0	0	0	2	0	0	10.0
hsa-miR-653-3p	0	0	2	0	0	0	0	0	0	0	0	0	8	0	0	10.0
hsa-miR-3065-3p	5	0	2	3	0	0	0	0	0	0	0	0	0	0	0	10.0
hsa-miR-5187-3p	0	0	0	0	0	2	0	0	0	0	2	6	0	0	0	10.0
hsa-miR-6883-3p	0	0	0	2	0	0	0	0	0	0	0	0	8	0	0	10.0
hsa-miR-6749-5p	0	0	0	0	0	0	0	0	0	0	0	2	0	0	8	10.0
hsa-miR-1238-3p	0	0	2	0	8	0	0	0	0	0	0	0	0	0	0	10.0
hsa-miR-6749-3p	0	0	0	0	0	3	2	0	0	0	0	5	0	0	0	10.0
hsa-miR-129-2-3p	0	0	0	0	0	0	0	0	0	0	0	0	10	0	0	10.0
hsa-miR-3619-3p	4	0	0	0	2	2	2	0	0	0	0	0	0	0	0	10.0
hsa-miR-6853-3p	0	0	0	0	0	0	0	0	0	0	0	7	3	0	0	10.0
hsa-miR-103a-2-5p	0	0	2	0	0	0	0	0	0	0	8	0	0	0	0	10.0
hsa-miR-181d-3p	0	0	0	0	2	0	3	0	0	0	0	3	0	0	2	10.0
hsa-miR-2392	0	3	0	0	0	0	0	0	0	0	0	2	0	0	5	10.0
hsa-miR-4522	2	3	0	0	5	0	0	0	0	0	0	0	0	0	0	10.0
hsa-miR-6777-3p	0	0	0	0	0	0	4	0	0	0	0	6	0	0	0	10.0
hsa-miR-1911-5p	0	0	0	0	0	0	0	0	0	0	0	0	10	0	0	10.0
hsa-miR-3129-5p	3	0	0	0	0	3	0	0	0	0	0	0	4	0	0	10.0
hsa-miR-597-5p	0	0	2	0	0	0	0	0	0	0	0	3	0	0	5	10.0
hsa-miR-6508-3p	0	0	0	0	0	0	2	0	0	0	0	2	6	0	0	10.0
hsa-miR-6867-5p	6	0	0	0	0	0	0	0	0	0	0	0	0	0	4	10.0
hsa-miR-3683	0	0	0	0	0	0	0	0	0	2	3	5	0	0	0	10.0
hsa-miR-6735-3p	0	0	4	3	0	0	0	0	0	0	0	3	0	0	0	10.0
hsa-miR-3184-5p	0	0	0	2	6	0	2	0	0	0	0	0	0	0	0	10.0
hsa-miR-4500	0	1	0	0	0	0	0	0	0	0	0	7	2	0	0	9.34
hsa-miR-218-2-3p	0	0	0	0	0	0	0	0	0	0	0	0	9	0	0	9.0
hsa-miR-5589-3p	0	0	0	0	0	0	0	0	0	0	0	0	9	0	0	9.0
hsa-miR-548s	0	0	0	0	9	0	0	0	0	0	0	0	0	0	0	9.0
hsa-miR-758-5p	0	0	0	0	0	0	0	0	0	0	0	0	9	0	0	9.0
hsa-miR-8079	0	0	0	0	0	0	0	0	0	0	0	9	0	0	0	9.0
hsa-miR-8070	4	3	0	0	0	0	0	0	0	0	0	0	0	0	2	9.0
hsa-miR-3158-5p	0	0	0	5	0	0	0	0	0	0	0	4	0	0	0	9.0
hsa-miR-3191-5p	0	0	2	2	0	0	3	0	0	0	0	0	2	0	0	9.0
hsa-miR-7110-5p	0	0	0	0	6	0	0	0	0	0	0	0	3	0	0	9.0
hsa-miR-3173-3p	7	0	0	0	0	0	0	0	0	0	0	0	0	2	0	9.0
hsa-miR-3195	0	0	0	0	0	0	9	0	0	0	0	0	0	0	0	9.0
hsa-miR-6798-3p	0	0	0	0	0	0	0	0	0	0	5	0	0	2	2	9.0
hsa-miR-600	0	0	0	0	0	2	3	0	0	0	0	0	4	0	0	9.0
hsa-miR-4747-5p	0	0	0	0	0	0	2	0	0	0	7	0	0	0	0	9.0
hsa-miR-6826-5p	0	0	0	0	5	0	0	0	0	0	0	0	4	0	0	9.0
ebv-miR-BART19-3p	0	0	0	0	2	0	0	0	0	0	0	0	7	0	0	9.0
hsa-miR-6808-3p	0	0	2	0	0	2	0	0	0	0	0	3	2	0	0	9.0
hsa-let-7a-2-3p	0	0	0	0	0	0	2	0	0	0	0	0	7	0	0	9.0
hsa-miR-299-5p	2	0	3	2	0	0	0	0	0	2	0	0	0	0	0	9.0
hsa-miR-6845-5p	0	0	0	0	5	0	0	0	0	2	0	0	2	0	0	9.0
hsa-miR-3144-3p	2	2	0	0	0	0	3	0	0	0	0	0	0	0	2	9.0
hsa-miR-1909-5p	2	0	0	0	0	0	0	0	0	0	0	5	2	0	0	9.0
hsa-miR-323b-5p	0	0	0	0	0	0	0	0	0	0	0	6	0	0	3	9.0
hsa-miR-4765	0	0	0	0	3	0	2	0	0	2	2	0	0	0	0	9.0
hsa-miR-4748	0	0	0	0	0	3	0	0	0	0	0	3	3	0	0	9.0
hsa-miR-3663-5p	3	0	0	0	0	0	0	0	0	0	0	6	0	0	0	9.0
hsa-miR-503-3p	0	0	0	0	0	0	3	0	0	0	0	5	0	0	0	8.0
hsa-miR-6797-5p	5	0	0	0	0	0	0	0	0	0	0	0	3	0	0	8.0
hsa-miR-1234-3p	0	0	0	0	0	2	0	0	0	0	0	6	0	0	0	8.0
hsa-miR-6788-3p	3	2	0	0	0	3	0	0	0	0	0	0	0	0	0	8.0
hsa-miR-6727-5p	0	0	0	0	0	0	2	0	0	0	0	0	0	0	6	8.0
hsa-miR-224-3p	0	0	0	0	0	0	0	0	0	0	0	0	8	0	0	8.0
hsa-miR-5583-3p	0	0	0	0	4	2	0	2	0	0	0	0	0	0	0	8.0
hsa-miR-3922-3p	0	0	0	0	3	0	0	0	0	0	0	5	0	0	0	8.0
hsa-miR-433-5p	0	0	0	5	0	0	0	0	0	0	0	0	0	3	0	8.0
hsa-miR-6847-3p	0	0	0	0	3	2	0	0	0	0	0	0	3	0	0	8.0
hsa-miR-6791-3p	0	5	0	3	0	0	0	0	0	0	0	0	0	0	0	8.0
hsa-miR-4523	2	0	0	0	0	0	0	0	0	0	0	0	4	0	2	8.0
hsa-miR-4701-5p	0	0	0	4	0	0	0	0	0	4	0	0	0	0	0	8.0
hsa-miR-6820-3p	0	0	0	0	3	0	0	0	0	0	0	0	5	0	0	8.0
hsa-miR-578	0	0	0	0	0	0	0	0	0	0	0	6	2	0	0	8.0
ebv-miR-BART1-5p	0	0	0	0	0	0	0	0	0	0	0	3	5	0	0	8.0
hsa-miR-10398-5p	0	0	0	4	0	0	0	0	0	0	0	4	0	0	0	8.0
hsa-miR-6796-5p	2	0	0	0	0	0	0	2	2	0	0	0	2	0	0	8.0
hsa-miR-499b-3p	0	0	0	0	0	0	0	0	0	0	0	8	0	0	0	8.0
hsa-miR-548av-3p	5	0	0	0	0	0	0	0	0	0	1	2	0	0	0	7.34
hsa-miR-7152-3p	0	3	0	0	0	0	0	0	0	0	0	0	2	0	2	7.0
hsa-miR-6772-5p	0	0	0	5	0	0	0	0	0	0	0	0	2	0	0	7.0
hsa-miR-1252-5p	0	0	0	0	0	0	0	0	0	0	0	4	0	0	3	7.0
hsa-miR-129-1-3p	0	0	0	0	0	0	0	0	0	0	0	0	7	0	0	7.0
hsa-miR-548ba	0	0	0	0	7	0	0	0	0	0	0	0	0	0	0	7.0
hsa-miR-7843-3p	0	0	0	0	0	3	0	0	0	0	0	4	0	0	0	7.0
hsa-miR-3160-5p	0	0	0	0	3	0	0	0	0	0	0	4	0	0	0	7.0
hsa-miR-552-5p	0	0	0	0	0	0	0	0	0	0	0	5	2	0	0	7.0
hsa-miR-92a-2-5p	0	0	0	0	0	0	0	0	0	0	0	7	0	0	0	7.0
hsa-miR-4674	0	0	0	0	0	0	0	0	0	0	0	0	2	0	5	7.0
hsa-miR-6804-5p	0	2	0	0	0	0	0	0	0	0	2	0	3	0	0	7.0
hsa-miR-1247-3p	0	0	0	0	0	0	0	0	0	0	0	0	7	0	0	7.0
hsa-miR-3130-5p	0	0	0	0	0	2	3	0	0	0	0	2	0	0	0	7.0
hsa-miR-6829-5p	0	0	0	0	3	0	0	0	0	0	0	0	0	0	4	7.0
hsa-miR-7853-5p	0	0	0	0	0	0	2	0	0	0	0	0	5	0	0	7.0
hsa-miR-6129	0	0	0	0	0	0	0	0	0	0	2	2	3	0	0	7.0
hsa-miR-5587-3p	0	0	0	0	0	0	2	0	0	0	0	3	0	0	2	7.0
hsa-miR-6798-5p	7	0	0	0	0	0	0	0	0	0	0	0	0	0	0	7.0
hsa-miR-3193	0	0	0	0	4	0	0	0	0	0	0	0	3	0	0	7.0
hsa-miR-4802-5p	0	0	0	0	0	0	0	0	0	0	0	7	0	0	0	7.0
hsa-miR-6728-5p	7	0	0	0	0	0	0	0	0	0	0	0	0	0	0	7.0
hsa-miR-33a-3p	0	0	0	5	0	2	0	0	0	0	0	0	0	0	0	7.0
hsa-miR-6504-5p	0	0	0	0	0	5	0	0	0	0	0	0	2	0	0	7.0
hsa-miR-2116-5p	0	0	0	0	3	0	0	0	0	0	0	4	0	0	0	7.0
hsa-miR-6890-5p	0	0	0	0	0	0	0	0	0	0	0	7	0	0	0	7.0
hsa-miR-345-3p	0	0	0	0	0	0	0	0	0	0	0	2	5	0	0	7.0
hsa-miR-876-5p	3	0	0	0	0	0	4	0	0	0	0	0	0	0	0	7.0
hsa-miR-545-5p	0	0	0	0	0	2	0	0	0	0	0	5	0	0	0	7.0
hsa-miR-9901	0	0	0	0	0	5	0	0	0	0	0	0	0	0	2	7.0
hsa-miR-4469	0	0	0	2	0	0	0	0	0	0	2	3	0	0	0	7.0
hsa-miR-6876-5p	0	0	0	0	0	0	0	0	0	0	0	0	0	0	7	7.0
hsa-miR-4794	0	0	0	0	0	2	0	0	0	0	0	3	2	0	0	7.0
hsa-miR-4784	0	0	0	2	0	0	0	0	0	0	2	0	3	0	0	7.0
hsa-miR-6876-3p	0	0	2	2	0	0	0	0	0	0	0	0	0	0	3	7.0
hsa-miR-1469	0	0	2	0	0	0	0	0	0	0	0	0	3	2	0	7.0
hsa-miR-4721	0	0	0	0	0	2	0	0	0	0	0	0	5	0	0	7.0
hsa-miR-548aq-5p	0	0	0	0	0	0	0	0	0	0	2	0	5	0	0	7.0
hsa-miR-6732-3p	7	0	0	0	0	0	0	0	0	0	0	0	0	0	0	7.0
hsa-miR-3938	0	0	0	0	0	0	0	0	0	0	0	0	7	0	0	7.0
hsa-miR-513a-3p	3	0	0	0	0	0	0	0	0	0	0	0	4	0	0	6.66
hsa-miR-642a-5p	0	0	0	2	0	0	0	0	0	4	0	0	0	0	0	6.0
hsa-miR-1237-5p	0	0	0	0	0	0	0	0	0	0	0	0	6	0	0	6.0
hsa-miR-664b-3p	0	0	2	2	0	0	0	0	0	0	0	0	0	0	2	6.0
hsa-miR-4433a-3p	2	0	0	0	0	0	0	0	0	2	0	2	0	0	0	6.0
hsa-miR-6509-3p	0	0	0	0	0	0	0	0	0	0	0	4	2	0	0	6.0
hsa-miR-548ag	0	0	0	0	0	2	0	0	0	0	2	0	2	0	0	6.0
hsa-miR-6819-3p	0	0	4	0	0	0	0	0	0	0	0	0	0	0	2	6.0
hsa-miR-6886-5p	0	0	0	0	0	0	0	0	0	0	0	2	4	0	0	6.0
hsa-miR-4659a-5p	0	0	0	0	3	0	0	0	0	0	0	3	0	0	0	6.0
hsa-miR-3925-5p	0	0	0	0	0	0	4	0	0	0	2	0	0	0	0	6.0
hsa-miR-4436b-3p	0	0	2	0	0	0	0	0	0	0	0	0	4	0	0	6.0
hsa-miR-6512-5p	0	0	0	0	0	0	0	0	0	0	0	0	6	0	0	6.0
hsa-miR-548d-3p	0	0	0	0	0	0	0	0	0	0	0	6	0	0	0	6.0
hsa-miR-551b-5p	0	0	0	0	0	6	0	0	0	0	0	0	0	0	0	6.0
hsa-miR-551b-3p	0	0	0	6	0	0	0	0	0	0	0	0	0	0	0	6.0
hsa-miR-1973	0	2	2	0	0	0	0	0	0	0	0	0	2	0	0	6.0
hsa-miR-548ao-3p	0	0	0	0	3	0	0	0	0	0	0	0	0	0	3	6.0
hsa-miR-4799-3p	0	0	0	0	0	2	0	0	0	0	0	0	4	0	0	6.0
hsa-miR-5691	0	0	0	0	0	0	0	0	0	0	0	0	6	0	0	6.0
hsa-miR-4691-3p	0	0	0	0	4	0	0	0	0	0	0	2	0	0	0	6.0
hsa-miR-196a-3p	0	0	0	0	0	0	0	0	0	0	0	0	6	0	0	6.0
hsa-miR-3116	0	0	0	0	0	0	0	0	0	0	0	6	0	0	0	6.0
hsa-miR-6759-5p	0	0	0	0	0	6	0	0	0	0	0	0	0	0	0	6.0
hsa-miR-3085-5p	0	0	0	0	0	0	0	0	0	0	0	0	6	0	0	6.0
hsa-miR-5588-3p	0	0	0	0	0	0	0	0	0	0	0	6	0	0	0	6.0
hsa-miR-3678-3p	0	0	0	0	2	4	0	0	0	0	0	0	0	0	0	6.0
hsa-miR-663a	0	0	0	2	0	0	0	0	0	0	0	0	4	0	0	6.0
hsa-miR-3675-3p	0	0	0	2	0	0	0	0	0	0	0	4	0	0	0	6.0
hsa-miR-4434	0	0	0	0	0	0	0	0	0	0	0	0	6	0	0	6.0
hsa-miR-548at-5p	0	2	0	0	0	0	0	0	0	0	2	2	0	0	0	6.0
hsa-miR-4424	0	0	0	0	3	3	0	0	0	0	0	0	0	0	0	6.0
hsa-miR-205-3p	0	0	0	0	0	0	0	0	0	0	0	0	6	0	0	6.0
hsa-miR-4709-3p	0	0	0	0	0	0	2	0	0	0	2	0	2	0	0	6.0
hsa-miR-509-5p	0	0	0	0	0	2	0	0	0	0	0	0	3	0	0	5.01
hsa-miR-6769b-3p	0	0	0	0	0	0	0	0	0	0	0	0	0	0	5	5.0
hsa-miR-19a-5p	0	0	0	0	0	0	0	0	0	0	0	5	0	0	0	5.0
hsa-miR-3907	5	0	0	0	0	0	0	0	0	0	0	0	0	0	0	5.0
hsa-miR-6748-5p	0	0	0	0	0	0	0	0	0	0	0	0	5	0	0	5.0
hsa-miR-6889-3p	0	0	0	0	0	0	0	0	0	0	0	5	0	0	0	5.0
hsa-miR-6739-5p	0	0	0	0	0	0	0	0	0	0	0	0	0	0	5	5.0
hsa-miR-3529-5p	0	0	0	0	0	0	0	0	0	0	0	3	2	0	0	5.0
hsa-miR-12130	0	0	0	0	0	0	0	0	0	0	0	0	0	0	5	5.0
hsa-miR-550b-3p	0	0	0	2	0	0	0	0	0	0	0	0	0	0	3	5.0
hsa-miR-548i	0	0	0	0	0	0	0	0	0	0	2	0	3	0	0	5.0
hsa-miR-767-5p	0	0	0	0	0	0	0	0	0	0	0	0	3	0	2	5.0
hsa-miR-4632-5p	0	3	0	0	0	0	0	0	0	0	2	0	0	0	0	5.0
hsa-miR-6797-3p	0	0	0	0	0	0	0	0	0	0	0	5	0	0	0	5.0
hsa-miR-10522-5p	0	0	0	0	0	0	0	0	0	0	0	0	0	0	5	5.0
hsa-miR-3194-3p	0	0	0	0	0	0	0	0	0	0	0	0	5	0	0	5.0
hsa-miR-6883-5p	0	0	0	0	0	0	0	0	0	0	0	0	0	0	5	5.0
hsa-miR-380-3p	0	0	0	2	0	0	0	0	0	0	0	0	3	0	0	5.0
hsa-miR-513a-5p	0	0	0	0	0	2	3	0	0	0	0	0	0	0	0	5.0
hsa-miR-4743-3p	0	0	0	0	0	0	0	0	0	0	0	0	5	0	0	5.0
hsa-miR-4725-3p	0	0	0	0	0	0	5	0	0	0	0	0	0	0	0	5.0
hsa-miR-6880-3p	3	0	0	0	0	2	0	0	0	0	0	0	0	0	0	5.0
hsa-miR-4716-3p	0	0	0	0	0	2	0	0	0	0	0	0	3	0	0	5.0
hsa-miR-517a-3p	0	0	0	0	0	0	0	0	0	0	0	4	1	0	0	5.0
hsa-miR-34c-3p	0	0	0	0	0	0	0	0	0	0	0	3	0	0	2	5.0
hsa-miR-1913	0	0	0	0	0	0	0	0	0	0	0	0	3	0	2	5.0
hsa-miR-6801-5p	3	0	0	0	0	0	0	0	0	0	0	2	0	0	0	5.0
hsa-miR-3181	0	0	0	0	0	2	0	0	0	0	0	0	3	0	0	5.0
hsa-miR-5696	0	0	0	0	0	0	0	0	0	0	0	3	2	0	0	5.0
hsa-miR-4762-5p	0	0	0	0	0	0	3	0	0	0	0	2	0	0	0	5.0
hsa-miR-1293	0	0	0	0	3	0	0	0	0	0	0	0	2	0	0	5.0
hsa-miR-4803	0	0	0	0	0	0	0	0	0	0	0	0	5	0	0	5.0
hsa-miR-6070	0	0	0	0	0	0	0	0	0	0	0	0	5	0	0	5.0
hsa-miR-6510-3p	0	0	0	0	0	0	0	0	0	0	0	0	5	0	0	5.0
hsa-miR-517b-3p	0	0	0	0	0	0	0	0	0	0	0	4	1	0	0	5.0
hsa-miR-6715a-3p	0	0	0	0	0	0	0	0	0	0	0	0	5	0	0	5.0
hsa-miR-96-3p	0	0	0	0	0	0	0	0	0	0	0	0	5	0	0	5.0
hsa-miR-320a-5p	5	0	0	0	0	0	0	0	0	0	0	0	0	0	0	5.0
hsa-miR-4436a	0	0	0	0	0	0	0	0	0	0	0	2	3	0	0	5.0
hsa-miR-520g-3p	0	0	0	0	0	0	0	0	0	0	0	5	0	0	0	5.0
hsa-miR-1193	0	0	0	0	0	0	0	0	0	0	0	0	5	0	0	5.0
hsa-miR-3654	0	0	0	0	0	0	0	0	0	0	0	0	5	0	0	5.0
hsa-miR-4666a-3p	0	0	0	0	0	0	3	0	0	0	0	0	2	0	0	5.0
hsa-miR-371a-5p	0	0	0	0	0	0	0	0	0	0	0	5	0	0	0	5.0
hsa-miR-3648	0	0	0	0	0	0	3	2	0	0	0	0	0	0	0	5.0
hsa-miR-219b-3p	0	0	0	0	0	0	0	0	0	0	0	0	0	0	5	5.0
hsa-miR-6775-3p	0	0	0	0	0	0	0	0	0	0	0	0	5	0	0	5.0
hsa-miR-3118	0	0	0	0	0	0	0	0	0	0	0	0	5	0	0	4.950000000000001
hsa-miR-3180-5p	0	0	0	0	0	2	0	0	0	0	0	3	0	0	0	4.95
hsa-miR-133b	0	0	1	0	0	0	0	0	0	0	0	0	4	0	0	4.67
hsa-miR-19b-1-5p	0	0	0	0	0	2	0	0	0	0	0	3	0	0	0	4.5
hsa-miR-4687-5p	0	0	0	0	2	0	0	0	0	0	0	0	0	2	0	4.0
hsa-miR-2467-5p	0	0	0	0	4	0	0	0	0	0	0	0	0	0	0	4.0
hsa-miR-4520-2-3p	0	0	0	0	0	0	0	0	0	0	0	4	0	0	0	4.0
hsa-miR-3914	0	0	0	0	0	0	0	0	0	0	0	0	4	0	0	4.0
hsa-miR-211-5p	0	0	2	2	0	0	0	0	0	0	0	0	0	0	0	4.0
hsa-miR-7846-3p	2	0	0	0	0	0	0	0	0	0	0	0	0	0	2	4.0
hsa-miR-1245b-5p	0	0	0	0	0	0	0	0	0	0	0	0	2	2	0	4.0
hsa-miR-1237-3p	0	4	0	0	0	0	0	0	0	0	0	0	0	0	0	4.0
hsa-miR-135b-3p	0	0	0	0	0	0	0	0	0	0	0	0	4	0	0	4.0
hsa-miR-12135	0	0	0	0	0	0	0	0	0	0	0	0	4	0	0	4.0
hsa-miR-765	0	0	0	0	0	0	2	0	0	0	2	0	0	0	0	4.0
hsa-miR-6739-3p	0	0	0	0	0	0	4	0	0	0	0	0	0	0	0	4.0
ebv-miR-BART11-5p	0	0	2	0	0	0	0	0	0	0	0	0	2	0	0	4.0
hsa-miR-4632-3p	0	0	0	0	0	0	2	0	0	2	0	0	0	0	0	4.0
hsa-miR-4689	0	0	0	4	0	0	0	0	0	0	0	0	0	0	0	4.0
hsa-miR-4436b-5p	0	0	0	0	0	0	0	0	0	0	0	0	4	0	0	4.0
hsa-miR-3194-5p	0	0	0	0	0	0	0	0	0	0	0	0	4	0	0	4.0
hsa-miR-3691-3p	0	2	0	0	0	0	0	0	0	0	0	0	0	0	2	4.0
hsa-miR-4642	0	0	0	0	0	0	0	0	0	0	2	0	0	0	2	4.0
hsa-miR-1185-5p	0	0	0	0	0	0	0	0	0	4	0	0	0	0	0	4.0
hsa-miR-6751-3p	0	0	0	0	0	0	2	0	0	0	0	0	2	0	0	4.0
hsa-miR-7156-3p	0	0	0	0	0	0	0	0	0	0	0	0	4	0	0	4.0
hsa-miR-141-5p	0	0	0	0	0	0	0	0	0	0	0	0	4	0	0	4.0
hsa-miR-6865-5p	2	0	0	0	2	0	0	0	0	0	0	0	0	0	0	4.0
hsa-miR-376a-5p	0	0	0	0	0	2	0	0	0	2	0	0	0	0	0	4.0
hsa-miR-4768-3p	0	0	0	0	0	0	0	0	0	0	0	0	4	0	0	4.0
hsa-miR-1229-5p	4	0	0	0	0	0	0	0	0	0	0	0	0	0	0	4.0
hsa-miR-4707-5p	0	0	0	0	2	0	0	0	0	0	0	0	2	0	0	4.0
hsa-miR-504-3p	4	0	0	0	0	0	0	0	0	0	0	0	0	0	0	4.0
hsa-miR-6810-3p	0	0	2	2	0	0	0	0	0	0	0	0	0	0	0	4.0
hsa-miR-4289	0	0	0	0	0	0	2	0	0	0	2	0	0	0	0	4.0
hsa-miR-1287-3p	2	0	0	0	0	0	0	0	0	0	0	0	2	0	0	4.0
hsa-miR-3196	0	0	0	0	2	0	2	0	0	0	0	0	0	0	0	4.0
hsa-miR-6507-5p	0	0	0	0	0	0	0	0	0	0	0	0	4	0	0	4.0
hsa-miR-3616-3p	0	0	0	0	0	0	0	0	0	0	0	0	4	0	0	4.0
hsa-miR-3134	2	0	0	0	0	2	0	0	0	0	0	0	0	0	0	4.0
hsa-miR-3115	0	0	2	0	0	2	0	0	0	0	0	0	0	0	0	4.0
hsa-miR-6761-3p	0	0	0	0	0	0	0	0	0	0	0	0	4	0	0	4.0
hsa-miR-3177-5p	2	0	0	0	0	0	2	0	0	0	0	0	0	0	0	4.0
hsa-miR-1286	0	0	0	0	0	0	0	0	0	0	0	4	0	0	0	4.0
hsa-miR-4526	0	0	0	0	0	0	2	0	0	0	0	0	0	0	2	4.0
hsa-miR-1261	0	0	0	0	0	0	4	0	0	0	0	0	0	0	0	4.0
hsa-miR-4655-5p	0	0	0	0	2	0	0	0	0	0	2	0	0	0	0	4.0
hsa-miR-499a-3p	0	0	0	0	0	0	0	0	0	0	0	0	4	0	0	4.0
hsa-miR-4999-3p	0	0	0	0	0	0	0	0	0	0	2	0	0	0	2	4.0
hsa-miR-523-3p	0	0	0	0	0	0	0	0	0	0	0	4	0	0	0	4.0
hsa-miR-4520-3p	0	0	0	0	0	0	0	0	0	0	0	4	0	0	0	4.0
hsa-miR-6731-3p	4	0	0	0	0	0	0	0	0	0	0	0	0	0	0	4.0
hsa-miR-548b-3p	0	0	0	0	0	0	0	0	0	0	0	0	4	0	0	4.0
hsa-miR-559	0	0	0	0	0	0	0	0	0	0	0	4	0	0	0	4.0
hsa-miR-210-5p	0	0	2	0	0	0	0	0	0	0	0	0	2	0	0	4.0
hsa-miR-4766-5p	0	2	2	0	0	0	0	0	0	0	0	0	0	0	0	4.0
hsa-miR-7151-5p	2	0	0	2	0	0	0	0	0	0	0	0	0	0	0	4.0
hsa-miR-6799-3p	0	0	0	0	0	4	0	0	0	0	0	0	0	0	0	4.0
hsa-miR-4757-5p	0	0	0	0	0	2	0	0	0	2	0	0	0	0	0	4.0
hsa-miR-1537-5p	0	0	0	0	0	0	0	0	0	0	0	4	0	0	0	4.0
hsa-miR-6771-5p	0	0	2	2	0	0	0	0	0	0	0	0	0	0	0	4.0
hsa-miR-5195-3p	0	0	0	0	0	0	0	0	0	0	0	0	4	0	0	4.0
hsa-miR-6851-5p	0	0	0	0	0	0	0	0	0	0	2	0	2	0	0	4.0
hsa-miR-6753-5p	0	0	0	0	0	0	0	0	0	0	0	0	4	0	0	4.0
hsa-miR-4763-5p	4	0	0	0	0	0	0	0	0	0	0	0	0	0	0	4.0
hsa-miR-889-5p	0	0	0	0	0	4	0	0	0	0	0	0	0	0	0	4.0
hsa-miR-4457	0	0	0	0	0	0	2	0	0	0	0	0	2	0	0	4.0
hsa-miR-7106-3p	0	0	0	0	0	4	0	0	0	0	0	0	0	0	0	4.0
hsa-miR-6833-3p	0	0	2	0	0	0	0	0	0	0	0	0	2	0	0	4.0
hsa-miR-3942-3p	0	0	0	0	0	0	0	0	0	0	0	4	0	0	0	4.0
hsa-miR-6514-3p	0	0	0	0	0	0	4	0	0	0	0	0	0	0	0	4.0
hsa-miR-4779	4	0	0	0	0	0	0	0	0	0	0	0	0	0	0	4.0
hsa-miR-6858-5p	2	0	0	0	0	0	2	0	0	0	0	0	0	0	0	4.0
hsa-miR-376c-5p	0	0	0	1	0	3	0	0	0	0	0	0	0	0	0	4.0
hsa-miR-4671-5p	2	0	0	0	2	0	0	0	0	0	0	0	0	0	0	4.0
kshv-miR-K12-4-3p	0	0	0	0	0	0	0	0	0	0	0	4	0	0	0	4.0
hsa-miR-6732-5p	4	0	0	0	0	0	0	0	0	0	0	0	0	0	0	4.0
hsa-miR-376b-3p	0	0	0	3	1	0	0	0	0	0	0	0	0	0	0	3.67
hsa-miR-513c-3p	1	0	0	0	0	0	0	0	0	0	0	0	2	0	0	3.33
hsa-miR-518b	3	0	0	0	0	0	0	0	0	0	0	0	0	0	0	3.0
hsa-miR-4524a-5p	0	0	0	0	0	0	0	0	0	0	0	0	3	0	0	3.0
hsa-miR-939-3p	0	0	0	0	0	0	0	0	0	0	0	0	3	0	0	3.0
hsa-miR-4804-3p	0	0	0	0	0	0	0	0	0	0	0	3	0	0	0	3.0
hsa-miR-4749-3p	0	0	0	0	0	0	0	0	0	0	0	0	3	0	0	3.0
hsa-miR-6819-5p	0	0	3	0	0	0	0	0	0	0	0	0	0	0	0	3.0
hsa-miR-548ad-3p	0	0	0	0	0	0	0	0	0	0	0	3	0	0	0	3.0
hsa-miR-4684-3p	0	0	0	0	0	0	0	0	0	0	0	0	3	0	0	3.0
hsa-miR-6754-5p	0	0	0	0	0	0	3	0	0	0	0	0	0	0	0	3.0
hsa-miR-6788-5p	0	3	0	0	0	0	0	0	0	0	0	0	0	0	0	3.0
hsa-miR-6892-3p	0	0	0	3	0	0	0	0	0	0	0	0	0	0	0	3.0
hsa-miR-215-3p	0	0	0	0	0	0	0	0	0	0	0	0	3	0	0	3.0
hsa-miR-887-3p	0	0	0	0	0	0	0	0	0	0	0	0	3	0	0	3.0
hsa-miR-518c-3p	0	3	0	0	0	0	0	0	0	0	0	0	0	0	0	3.0
hsa-miR-8057	0	0	0	0	0	3	0	0	0	0	0	0	0	0	0	3.0
hsa-miR-6733-3p	0	0	0	0	0	0	0	0	0	0	0	3	0	0	0	3.0
hsa-miR-3922-5p	0	0	0	0	0	0	0	0	0	0	0	3	0	0	0	3.0
hsa-miR-5571-5p	0	0	0	0	0	0	0	0	0	0	0	3	0	0	0	3.0
hsa-miR-4685-5p	0	0	0	0	0	0	0	0	0	0	0	0	3	0	0	3.0
hsa-miR-4722-5p	0	0	0	0	0	0	3	0	0	0	0	0	0	0	0	3.0
hsa-miR-1269b	0	0	0	0	0	0	0	0	0	0	0	0	0	0	3	3.0
hsa-miR-617	0	0	0	0	3	0	0	0	0	0	0	0	0	0	0	3.0
hsa-miR-3132	0	0	0	0	0	0	0	0	0	0	3	0	0	0	0	3.0
hsa-miR-498-3p	0	0	0	0	3	0	0	0	0	0	0	0	0	0	0	3.0
hsa-miR-7114-5p	0	0	0	0	0	0	3	0	0	0	0	0	0	0	0	3.0
hsa-miR-4662b	0	3	0	0	0	0	0	0	0	0	0	0	0	0	0	3.0
hsa-miR-10394-5p	0	0	0	0	0	0	0	0	0	0	0	0	0	0	3	3.0
hsa-miR-6786-5p	0	0	0	0	0	0	0	0	0	0	0	0	3	0	0	3.0
hsa-miR-1266-5p	0	0	0	0	0	0	0	0	0	0	0	0	3	0	0	3.0
hsa-miR-4477a	0	0	0	0	0	3	0	0	0	0	0	0	0	0	0	3.0
hsa-miR-4515	0	0	0	0	0	0	0	0	0	0	0	0	3	0	0	3.0
hsa-miR-6823-5p	0	0	0	0	0	0	0	0	0	0	0	0	3	0	0	3.0
hsa-miR-1231	0	0	0	0	0	0	3	0	0	0	0	0	0	0	0	3.0
hsa-miR-122b-3p	0	0	0	0	0	0	3	0	0	0	0	0	0	0	0	3.0
hsa-miR-1343-5p	0	0	3	0	0	0	0	0	0	0	0	0	0	0	0	3.0
hsa-miR-203b-3p	0	0	0	0	0	0	3	0	0	0	0	0	0	0	0	3.0
hsa-miR-6836-5p	0	0	0	0	0	0	0	0	0	0	0	0	0	0	3	3.0
hsa-miR-10398-3p	3	0	0	0	0	0	0	0	0	0	0	0	0	0	0	3.0
hsa-miR-1251-5p	0	0	0	0	0	0	0	0	0	0	0	0	3	0	0	3.0
hsa-miR-3617-3p	0	0	0	3	0	0	0	0	0	0	0	0	0	0	0	3.0
hsa-miR-4471	0	0	0	0	0	0	0	0	0	0	0	0	3	0	0	3.0
hcmv-miR-UL112-3p	0	3	0	0	0	0	0	0	0	0	0	0	0	0	0	3.0
hcmv-miR-US5-2-3p	0	3	0	0	0	0	0	0	0	0	0	0	0	0	0	3.0
hsa-miR-5699-5p	0	0	0	0	0	0	0	0	0	0	0	0	3	0	0	3.0
hcmv-miR-US33-5p	0	3	0	0	0	0	0	0	0	0	0	0	0	0	0	3.0
hsa-miR-410-5p	0	0	3	0	0	0	0	0	0	0	0	0	0	0	0	3.0
hsa-miR-1909-3p	0	0	0	0	0	3	0	0	0	0	0	0	0	0	0	3.0
hsa-miR-4751	0	0	0	0	0	3	0	0	0	0	0	0	0	0	0	3.0
hsa-miR-548f-3p	0	0	0	0	0	0	0	0	0	0	0	3	0	0	0	3.0
hsa-miR-3681-5p	0	0	0	0	0	0	0	0	0	0	0	0	3	0	0	3.0
hsa-miR-3976	0	0	0	0	0	0	0	0	0	3	0	0	0	0	0	3.0
hsa-miR-3612	3	0	0	0	0	0	0	0	0	0	0	0	0	0	0	3.0
hsa-miR-192-3p	0	0	0	0	0	0	0	0	0	0	3	0	0	0	0	3.0
hsa-miR-3620-3p	0	0	3	0	0	0	0	0	0	0	0	0	0	0	0	3.0
hsa-miR-3941	0	0	0	0	0	0	0	0	0	0	0	0	3	0	0	3.0
hcmv-miR-US25-2-3p	0	3	0	0	0	0	0	0	0	0	0	0	0	0	0	3.0
hsa-miR-4324	0	0	0	0	0	0	0	0	0	0	0	0	3	0	0	2.67
hsa-miR-19b-2-5p	0	0	0	0	0	0	0	0	0	0	0	3	0	0	0	2.5
hsa-miR-519b-5p	0	1	0	0	0	0	0	0	0	0	0	1	1	0	0	2.17
hsa-miR-522-5p	0	1	0	0	0	0	0	0	0	0	0	1	1	0	0	2.17
hsa-miR-519c-5p	0	1	0	0	0	0	0	0	0	0	0	1	1	0	0	2.17
hsa-miR-523-5p	0	1	0	0	0	0	0	0	0	0	0	1	1	0	0	2.17
hsa-miR-518e-5p	0	1	0	0	0	0	0	0	0	0	0	1	1	0	0	2.17
hsa-miR-6766-5p	0	0	2	0	0	0	0	0	0	0	0	0	0	0	0	2.0
hsa-miR-4776-5p	0	0	0	0	0	0	2	0	0	0	0	0	0	0	0	2.0
hsa-miR-6715b-3p	0	0	0	0	2	0	0	0	0	0	0	0	0	0	0	2.0
hsa-miR-1298-3p	0	0	0	0	0	0	0	0	0	0	0	0	2	0	0	2.0
hsa-miR-2467-3p	0	0	2	0	0	0	0	0	0	0	0	0	0	0	0	2.0
hsa-miR-3155b	0	0	0	0	0	0	2	0	0	0	0	0	0	0	0	2.0
hsa-miR-4524a-3p	0	0	2	0	0	0	0	0	0	0	0	0	0	0	0	2.0
hsa-miR-598-5p	0	0	0	2	0	0	0	0	0	0	0	0	0	0	0	2.0
hsa-miR-12129	0	0	0	0	0	0	0	0	0	0	0	0	2	0	0	2.0
hsa-miR-5196-3p	0	0	0	2	0	0	0	0	0	0	0	0	0	0	0	2.0
hsa-miR-548p	0	0	0	0	0	0	0	0	0	0	2	0	0	0	0	2.0
hsa-miR-34b-5p	0	0	0	0	0	0	0	0	0	0	0	0	2	0	0	2.0
hsa-miR-548aw	0	0	0	0	0	0	0	0	0	0	0	0	2	0	0	2.0
hsa-miR-548an	0	0	0	0	0	0	0	0	0	0	0	0	0	0	2	2.0
hsa-miR-5089-3p	0	0	0	0	0	0	0	0	0	2	0	0	0	0	0	2.0
hsa-miR-7-2-3p	0	0	0	0	0	2	0	0	0	0	0	0	0	0	0	2.0
hsa-miR-1277-5p	0	0	0	0	0	2	0	0	0	0	0	0	0	0	0	2.0
hsa-miR-7973	0	0	0	0	0	0	0	0	0	0	2	0	0	0	0	2.0
hsa-miR-4712-3p	0	0	0	0	0	0	0	0	0	0	0	0	0	0	2	2.0
hsa-miR-6825-5p	0	0	0	0	0	0	0	0	0	0	0	0	0	0	2	2.0
hsa-miR-3667-3p	0	0	0	0	0	0	0	0	0	0	0	0	2	0	0	2.0
hsa-miR-6736-3p	0	0	0	0	0	0	0	0	0	0	0	0	0	0	2	2.0
hsa-miR-5000-5p	0	0	0	0	0	0	0	0	0	0	2	0	0	0	0	2.0
hsa-miR-497-3p	0	0	0	0	0	0	0	0	0	0	0	0	2	0	0	2.0
hsv1-miR-H4-5p	0	0	0	0	0	0	0	0	0	0	0	0	2	0	0	2.0
hsa-miR-525-5p	0	0	0	0	0	0	0	0	0	0	0	0	2	0	0	2.0
hsa-miR-4635	2	0	0	0	0	0	0	0	0	0	0	0	0	0	0	2.0
hsa-miR-4728-3p	0	0	0	0	0	0	0	0	0	0	0	0	2	0	0	2.0
hsa-miR-3124-3p	0	0	0	0	0	2	0	0	0	0	0	0	0	0	0	2.0
hsa-miR-4697-3p	0	0	0	0	0	0	0	0	0	0	0	0	2	0	0	2.0
hsa-miR-1305	0	0	0	0	0	0	0	0	0	0	0	0	2	0	0	2.0
hsa-miR-6813-3p	0	0	2	0	0	0	0	0	0	0	0	0	0	0	0	2.0
hsa-miR-6856-3p	0	0	2	0	0	0	0	0	0	0	0	0	0	0	0	2.0
hsa-miR-6804-3p	0	0	0	0	0	0	0	0	0	0	0	0	0	0	2	2.0
hsa-miR-4529-3p	0	0	0	0	0	0	0	0	0	0	0	0	2	0	0	2.0
hsa-miR-4740-5p	0	2	0	0	0	0	0	0	0	0	0	0	0	0	0	2.0
hsa-miR-6780a-3p	0	0	0	0	0	0	0	0	0	0	0	0	0	2	0	2.0
hsa-miR-662	0	0	0	0	0	0	0	0	0	0	0	2	0	0	0	2.0
ebv-miR-BART12	0	0	0	0	0	0	0	0	0	0	0	2	0	0	0	2.0
hsa-miR-6764-3p	0	0	2	0	0	0	0	0	0	0	0	0	0	0	0	2.0
hsa-miR-937-5p	0	0	0	0	0	0	0	0	0	0	0	0	2	0	0	2.0
hsa-miR-4446-5p	0	0	0	2	0	0	0	0	0	0	0	0	0	0	0	2.0
hsa-miR-3677-5p	0	0	0	0	0	2	0	0	0	0	0	0	0	0	0	2.0
hsa-miR-3197	0	0	0	0	0	0	2	0	0	0	0	0	0	0	0	2.0
hsa-miR-1268b	0	0	0	0	0	0	0	0	0	0	0	0	0	0	2	2.0
hsa-miR-6789-5p	0	0	0	2	0	0	0	0	0	0	0	0	0	0	0	2.0
hsa-miR-4799-5p	0	0	0	0	0	2	0	0	0	0	0	0	0	0	0	2.0
hsa-miR-6737-5p	0	0	0	0	0	0	0	0	0	0	0	2	0	0	0	2.0
hsa-miR-6869-5p	0	0	0	0	2	0	0	0	0	0	0	0	0	0	0	2.0
hsa-miR-5684	2	0	0	0	0	0	0	0	0	0	0	0	0	0	0	2.0
hsa-miR-935	0	0	0	0	0	0	0	0	0	0	0	2	0	0	0	2.0
hsa-miR-4649-5p	0	0	0	0	0	0	0	0	0	0	0	0	2	0	0	2.0
hsa-miR-3148	0	0	2	0	0	0	0	0	0	0	0	0	0	0	0	2.0
hsa-miR-188-3p	0	0	0	0	0	0	0	0	0	0	0	0	2	0	0	2.0
hsa-miR-3152-3p	0	0	0	0	0	0	0	0	0	0	0	0	2	0	0	2.0
hsa-miR-6745	0	0	0	0	0	2	0	0	0	0	0	0	0	0	0	2.0
hsa-miR-5584-3p	0	0	0	2	0	0	0	0	0	0	0	0	0	0	0	2.0
hsa-miR-6795-5p	0	0	0	0	0	0	0	0	0	0	0	0	2	0	0	2.0
hsa-miR-4535	0	0	0	0	0	0	0	0	0	0	0	0	2	0	0	2.0
hsa-miR-6777-5p	0	0	0	0	0	0	2	0	0	0	0	0	0	0	0	2.0
hsa-miR-376a-2-5p	0	0	0	0	0	0	0	0	0	0	0	0	2	0	0	2.0
hsa-miR-508-5p	0	0	0	0	0	0	0	0	0	2	0	0	0	0	0	2.0
hsa-miR-1243	0	0	0	0	0	0	0	0	0	0	0	0	2	0	0	2.0
hsa-miR-541-5p	0	0	0	0	0	0	0	0	0	0	0	0	2	0	0	2.0
hsa-miR-6734-3p	0	0	0	0	0	0	0	0	0	0	0	2	0	0	0	2.0
hsa-miR-495-5p	0	0	0	2	0	0	0	0	0	0	0	0	0	0	0	2.0
hsa-miR-6857-5p	0	0	0	0	0	0	0	0	0	0	0	0	0	2	0	2.0
hsa-miR-4646-3p	0	0	0	0	0	0	0	0	0	0	0	0	2	0	0	2.0
hsa-miR-520c-3p	0	0	0	0	0	0	0	0	0	0	2	0	0	0	0	2.0
hsa-miR-4661-3p	0	0	0	0	0	0	0	2	0	0	0	0	0	0	0	2.0
hsa-miR-4695-5p	0	0	0	0	0	0	0	0	0	0	0	0	2	0	0	2.0
hsa-miR-6068	0	0	0	0	0	0	0	0	0	0	0	0	2	0	0	2.0
hsa-miR-6780b-3p	0	0	0	0	0	0	2	0	0	0	0	0	0	0	0	2.0
hsa-miR-4695-3p	0	0	0	0	0	0	0	0	0	0	0	0	2	0	0	2.0
hsa-miR-6765-5p	0	0	0	0	0	0	0	0	0	0	0	0	2	0	0	2.0
hsa-miR-6501-3p	0	0	0	0	0	2	0	0	0	0	0	0	0	0	0	2.0
hsa-miR-6854-5p	0	0	2	0	0	0	0	0	0	0	0	0	0	0	0	2.0
hcmv-miR-UL36-5p	0	2	0	0	0	0	0	0	0	0	0	0	0	0	0	2.0
hsa-miR-554	0	0	0	0	0	0	0	0	0	0	0	2	0	0	0	2.0
hsa-miR-7109-5p	2	0	0	0	0	0	0	0	0	0	0	0	0	0	0	2.0
hsa-miR-1227-3p	0	2	0	0	0	0	0	0	0	0	0	0	0	0	0	2.0
hsa-miR-4781-5p	0	0	0	0	0	0	0	0	0	0	2	0	0	0	0	2.0
hsa-miR-4494	0	0	0	0	0	0	0	0	0	0	0	0	2	0	0	2.0
hsa-miR-3064-3p	0	0	0	2	0	0	0	0	0	0	0	0	0	0	0	2.0
hsa-miR-3144-5p	0	0	0	0	0	0	0	0	0	0	0	0	0	0	2	2.0
hsa-miR-6729-3p	0	0	0	0	0	0	2	0	0	0	0	0	0	0	0	2.0
hsa-miR-4478	0	0	0	0	0	0	0	0	0	0	0	2	0	0	0	2.0
hsa-miR-2276-5p	0	0	0	0	0	2	0	0	0	0	0	0	0	0	0	2.0
hsa-miR-4464	0	0	0	0	0	0	0	0	0	0	0	0	0	0	2	2.0
ebv-miR-BART8-3p	0	2	0	0	0	0	0	0	0	0	0	0	0	0	0	2.0
hsa-miR-4456	0	0	0	0	0	0	2	0	0	0	0	0	0	0	0	2.0
hsa-miR-4451	0	0	0	0	0	0	0	0	0	0	0	2	0	0	0	2.0
hsa-miR-6744-5p	0	0	0	0	0	0	0	0	0	0	0	0	2	0	0	2.0
hsa-miR-6833-5p	0	0	0	0	0	0	0	0	0	0	0	2	0	0	0	2.0
hsa-miR-7703	0	0	0	0	0	0	0	0	0	0	0	0	0	0	2	2.0
hsa-miR-7702	0	0	0	0	0	0	0	2	0	0	0	0	0	0	0	2.0
hsa-miR-4442	0	0	0	0	0	0	0	2	0	0	0	0	0	0	0	2.0
hsa-miR-190a-3p	0	0	0	0	0	0	0	0	0	0	2	0	0	0	0	2.0
hsa-miR-4426	0	0	0	0	0	0	0	0	2	0	0	0	0	0	0	2.0
hsa-miR-4699-5p	0	0	2	0	0	0	0	0	0	0	0	0	0	0	0	2.0
ebv-miR-BART17-5p	0	0	0	0	0	0	0	0	0	0	0	0	2	0	0	2.0
hsa-miR-4680-5p	0	0	0	0	0	0	0	0	0	0	0	0	0	2	0	2.0
hsa-miR-891a-5p	0	0	0	0	0	0	0	0	0	0	0	0	2	0	0	2.0
hcmv-miR-US4-5p	0	2	0	0	0	0	0	0	0	0	0	0	0	0	0	2.0
hsa-miR-2681-5p	0	0	0	2	0	0	0	0	0	0	0	0	0	0	0	2.0
hsa-miR-4710	2	0	0	0	0	0	0	0	0	0	0	0	0	0	0	2.0
hsa-miR-4705	0	0	0	0	0	2	0	0	0	0	0	0	0	0	0	2.0
hsa-miR-6882-3p	0	0	0	0	0	2	0	0	0	0	0	0	0	0	0	2.0
Hsa-Mir-5687_5p	0	0	0	2	0	0	0	0	0	0	0	0	0	0	0	2.0
hsa-miR-6821-3p	0	0	0	0	0	0	0	0	0	0	0	0	2	0	0	2.0
hsa-miR-517c-3p	0	0	0	0	0	0	0	0	0	0	0	0	2	0	0	2.0
hsa-miR-374c-5p	0	0	0	0	0	0	0	0	0	0	2	0	0	0	0	1.5
hsa-miR-10396b-5p	0	0	0	0	0	0	0	0	0	0	0	1	0	0	0	1.32
hsa-miR-376b-5p	0	0	0	1	0	0	0	0	0	0	0	0	0	0	0	1.0
hsa-miR-10396a-5p	0	0	0	0	0	0	0	0	0	0	0	1	0	0	0	0.66
	sumhsa-miR-3936	11	0	0	0	0	2	0	0	0	0	2	0	0	0	0	15.0
