name	SRX362355	SRX362354	SRX362357	SRX362356	SRX362353	SRX362352	SRX362359	SRX362358	SRX349101	SRX352359	SRX362360	SRX362361	SRX362362
hsa-miR-214-5p	0	0	0	0	0	0	0	0	9	0	3	0	0
hsa-miR-4645-3p	4	12	17	10	2	2	13	29	264	84	7	11	19
hsa-miR-98-5p	120	159	190	142	58	322	78	507	2481	563	91	105	72
hsa-miR-651-5p	0	0	0	0	0	0	0	0	15	4	3	0	0
hsa-miR-6505-5p	0	0	0	0	0	0	0	0	6	0	0	0	0
hsa-miR-6866-5p	0	0	4	0	0	0	2	2	31	3	3	2	0
hsa-miR-656-3p	8	6	16	2	2	5	5	24	153	66	7	8	0
hsa-miR-376a-3p	2	2	2	4	6	3	0	9	109	53	0	5	4
hsa-miR-148a-5p	244	437	229	307	152	153	173	426	3479	575	188	300	227
hsa-miR-618	0	0	3	0	0	0	0	9	22	3	0	0	0
hsa-miR-185-5p	2	2	2	2	2	9	2	19	92	21	5	2	2
hsa-miR-377-5p	29	29	31	19	26	11	58	10	324	33	26	22	18
hsa-miR-30b-3p	0	4	4	0	2	0	4	9	48	11	0	6	2
hsa-miR-1468-5p	87	157	66	103	57	38	82	46	954	42	65	105	76
hsa-miR-610	0	0	0	0	2	0	0	3	10	2	0	0	0
hsa-miR-150-3p	33	81	102	64	62	52	26	275	1296	344	77	100	13
hsa-miR-342-3p	1060	1762	1979	1912	1094	873	481	5045	24044	4170	3140	1556	502
hsa-miR-548a-3p	0	0	0	0	0	0	0	0	8	0	0	0	0
hsa-miR-6820-5p	0	0	0	0	0	0	0	0	5	0	0	0	0
hsa-miR-144-3p	12	23	29	19	9	79	15	74	647	296	23	16	5
hsa-miR-331-5p	4	22	20	7	6	8	7	30	221	36	10	20	2
hsa-miR-4709-3p	0	0	0	2	0	0	0	0	2	0	0	0	0
hsa-miR-6738-5p	0	0	0	0	0	0	0	0	2	0	0	0	0
hsa-miR-6791-5p	0	0	0	0	0	0	0	0	2	0	0	0	0
hsa-miR-26b-5p	1091	1220	2228	1579	492	3061	752	7592	28850	8057	814	1081	587
hsa-miR-889-3p	155	136	118	104	62	186	103	158	1906	556	85	134	61
hsa-miR-5189-5p	61	51	66	25	14	0	18	67	479	47	31	55	0
hsa-miR-412-3p	0	0	0	0	0	0	0	0	3	0	0	0	0
hsa-miR-15a-3p	0	0	0	0	0	0	0	0	2	0	0	0	0
hsa-miR-6819-3p	0	0	0	0	2	0	0	0	12	0	2	0	0
hsa-miR-3120-3p	14	19	20	17	9	24	8	45	345	75	12	16	4
hsa-miR-494-5p	0	0	0	0	0	0	0	0	8	0	2	0	0
hsa-miR-181c-5p	766	984	944	760	269	643	516	2343	13147	3295	668	1060	731
hsa-miR-3661	5	10	8	7	5	0	4	7	89	10	2	5	7
hsa-miR-1224-5p	0	0	0	0	0	0	0	0	4	0	0	0	2
hsa-miR-191-3p	149	269	176	172	73	65	118	143	1829	171	108	144	150
hsa-miR-4748	0	0	0	0	0	0	0	2	9	0	0	0	2
hsa-miR-1229-3p	0	3	0	10	2	0	0	0	40	0	6	0	2
hsa-miR-214-3p	0	0	0	0	0	0	0	0	2	0	0	0	0
hsa-miR-93-5p	1345	1889	2325	1684	674	1538	971	6322	29802	7730	1757	1893	1306
hsa-miR-98-3p	9	6	9	10	2	8	6	29	151	22	4	17	13
hsa-miR-4741	0	0	0	0	0	0	0	0	11	0	2	0	0
hsa-miR-33b-5p	0	7	8	7	6	12	7	39	180	73	5	7	7
hsa-miR-296-5p	3	2	5	8	2	2	0	11	91	21	16	6	0
hsa-miR-148a-3p	1504	3099	2679	2448	943	2962	955	9001	42427	13653	975	2914	1017
hsa-miR-127-5p	3	4	8	7	2	7	2	5	123	55	0	6	3
hsa-miR-185-3p	90	145	115	98	84	58	56	237	1636	338	85	130	109
hsa-miR-1271-5p	26	38	41	45	5	44	19	103	538	49	41	65	30
hsa-miR-377-3p	0	0	2	0	0	8	4	3	61	21	2	0	0
hsa-miR-6855-5p	0	0	0	0	0	0	0	0	2	0	0	0	0
hsa-miR-19b-3p	152	205	395	251	112	376	131	1546	6272	2445	154	304	122
hsa-miR-3652	0	2	0	0	0	0	0	0	2	0	0	0	0
hsa-miR-3651	0	2	0	0	0	0	0	0	3	0	0	0	0
hsa-miR-130a-5p	0	0	0	0	0	0	0	3	7	2	0	0	0
hsa-miR-4797-3p	0	0	0	0	0	0	0	2	8	2	0	0	0
hsa-miR-4734	0	0	0	0	0	0	0	2	2	0	0	0	0
hsa-miR-1260b	244	461	432	427	341	132	394	549	4761	525	448	362	398
hsa-miR-1260a	123	270	226	262	154	66	193	307	2623	353	222	218	204
hsa-miR-3074-5p	5	32	14	24	9	5	13	19	250	32	11	24	7
hsa-miR-4730	0	0	0	0	0	0	0	0	6	0	0	4	0
hsa-miR-18a-5p	13	11	43	19	2	28	7	70	390	136	10	16	5
hsa-miR-331-3p	1055	452	525	689	244	226	240	287	7132	2032	565	304	350
hsa-miR-6738-3p	0	0	0	0	0	0	0	0	2	0	0	0	0
hsa-miR-26b-3p	331	282	232	266	94	147	160	228	2704	215	208	302	162
hsa-miR-6791-3p	0	5	0	2	0	0	0	0	19	0	2	0	2
hsa-miR-5189-3p	9	3	4	5	2	0	6	13	89	2	0	13	0
hsa-miR-4786-5p	0	8	3	2	0	3	0	0	48	7	0	6	0
hsa-miR-943	0	2	0	2	0	0	0	0	17	0	0	0	0
hsa-miR-941	885	1928	709	1182	803	712	671	1670	13642	1610	1339	1289	665
hsa-miR-940	7	2	4	3	2	4	0	8	71	3	0	6	6
hsa-miR-628-5p	12	18	22	11	0	24	2	48	252	55	16	4	9
hsa-miR-181c-3p	491	839	506	528	240	355	375	903	7134	1323	392	652	413
hsa-miR-494-3p	69	105	170	66	71	72	53	170	1664	583	122	101	25
hsa-miR-873-5p	0	0	0	2	2	5	2	51	88	11	0	0	0
hsa-miR-570-3p	0	0	0	0	0	0	0	0	2	0	0	0	0
hsa-miR-93-3p	71	61	43	55	39	36	57	55	683	46	65	31	49
hsa-let-7c-5p	115	104	195	149	40	103	70	302	1627	256	94	61	68
hsa-miR-6500-3p	0	0	0	0	0	0	0	0	3	0	0	0	0
hsa-miR-33b-3p	0	0	0	0	0	0	0	2	5	0	0	0	0
hsa-miR-483-5p	0	0	0	0	0	0	0	0	2	0	0	0	0
hsa-miR-296-3p	0	0	0	0	2	0	2	0	17	2	0	0	0
hsa-miR-122-5p	15	5	8	4	11	0	15	25	179	71	0	2	6
hsa-miR-127-3p	10744	18069	9468	6427	12835	8494	6467	5607	138817	30175	11389	12364	5534
hsa-miR-323b-3p	200	172	145	125	146	94	271	106	1670	137	69	60	83
hsa-miR-4286	9	11	20	6	8	5	6	7	119	12	13	5	8
hsa-miR-935	0	0	0	0	0	0	0	2	3	0	0	0	0
hsa-miR-450b-5p	0	0	8	3	0	14	0	25	98	28	2	5	0
hsa-miR-933	4	2	4	0	0	5	2	0	36	2	0	0	3
hsa-miR-6850-5p	0	0	0	0	0	0	0	0	3	0	0	0	0
hsa-miR-6855-3p	0	0	0	0	0	0	0	0	2	0	0	0	0
hsa-miR-130a-3p	1033	1213	1849	1202	403	1656	729	2980	17973	3905	757	1103	865
hsa-miR-496	3	10	11	2	0	3	5	3	96	37	8	2	0
hsa-miR-361-5p	233	358	343	261	78	172	140	621	3556	563	229	285	175
hsa-miR-3196	3	0	0	0	0	2	0	3	28	4	0	5	5
hsa-miR-3074-3p	0	5	0	2	0	0	0	0	21	2	2	2	0
hsa-miR-18a-3p	22	35	22	34	11	20	23	37	374	19	51	33	20
hsv2-miR-H10	5	2	0	4	4	2	0	6	54	11	3	8	4
hsa-miR-5010-5p	27	9	13	27	6	5	22	5	188	5	10	12	20
hsa-miR-3913-5p	0	0	0	0	0	0	0	3	20	4	0	0	0
hsa-miR-365b-5p	0	0	0	0	0	0	0	0	2	0	0	0	0
hsa-miR-548as-3p	0	0	0	4	0	0	0	0	8	0	0	0	0
hsa-miR-431-5p	691	793	503	335	423	404	414	213	6421	1100	615	436	384
hsa-miR-6838-5p	0	0	0	2	0	0	0	0	8	0	0	0	0
hsa-miR-628-3p	74	138	95	101	57	85	51	158	1307	181	70	126	94
hsa-miR-512-3p	0	0	0	0	0	0	0	3	4	0	0	0	0
hsa-miR-873-3p	0	3	2	2	0	2	0	17	74	2	11	12	0
hsa-miR-484	2643	2733	2251	2910	1886	1106	1979	2168	26574	1743	3121	1481	2132
hsa-miR-99a-5p	26	79	57	61	36	39	48	135	856	126	73	80	22
hsa-miR-3188	0	0	0	0	0	0	0	0	15	2	2	0	0
hsa-miR-6803-3p	0	2	0	0	0	0	0	0	11	0	0	0	0
hsa-miR-4664-3p	0	2	3	0	0	2	0	0	19	0	3	0	2
hsa-miR-425-5p	2936	4156	3280	3144	2038	1599	2029	4342	36990	4304	3117	2860	2688
hsa-miR-2467-5p	3	3	5	2	0	3	0	8	57	19	0	5	0
hsa-miR-3183	0	6	0	2	0	0	0	0	13	0	0	0	0
hsa-miR-3181	0	0	0	2	0	0	0	0	4	0	0	0	0
hsa-miR-7114-5p	0	0	2	0	0	0	0	0	2	0	0	0	0
hsa-miR-483-3p	0	0	2	0	4	0	0	0	12	0	0	0	0
hsa-miR-3180	0	0	0	0	0	0	0	0	1	0	0	0	0
hsa-miR-501-5p	0	0	0	3	0	0	3	2	17	0	4	0	0
hsa-miR-3191-3p	3	0	0	3	3	0	0	4	26	0	0	4	0
hsa-miR-6850-3p	0	0	0	0	0	0	0	0	3	0	2	0	0
hsa-miR-200b-3p	10	8	16	15	3	10	7	25	164	21	17	9	5
hsa-miR-3615	297	623	228	450	241	220	315	372	4239	231	426	365	334
hsa-miR-3127-5p	0	2	0	2	0	0	0	2	27	2	2	0	0
hsa-miR-450a-2-3p	0	0	0	0	0	0	0	0	2	0	0	0	0
hsa-miR-361-3p	336	392	537	418	231	235	213	937	5759	880	722	329	268
hsa-miR-6763-5p	0	2	0	0	0	0	0	0	3	0	0	0	0
hsa-miR-29b-3p	3	4	12	0	0	8	0	148	351	91	8	11	0
hsa-miR-3176	2	0	2	0	2	4	0	4	61	7	5	3	0
hsa-miR-937-3p	0	3	2	0	0	0	4	0	28	0	3	0	0
hsa-miR-3175	0	2	0	0	0	0	0	2	13	0	4	0	0
hsa-miR-3174	5	7	7	9	0	3	2	11	87	14	2	2	4
hsa-miR-125b-1-3p	0	2	0	0	0	0	0	0	6	0	0	0	0
hsa-miR-4259	0	0	0	0	0	0	0	2	2	0	0	0	0
hsa-miR-4536-3p	0	0	0	0	0	0	0	2	7	2	0	0	0
hsa-miR-376c-5p	0	0	0	0	0	0	0	0	2	1	0	0	0
hsa-miR-5010-3p	4	11	0	13	2	2	2	10	98	6	15	4	9
hsa-miR-542-5p	2	0	4	0	0	3	0	3	39	7	0	0	4
hsa-miR-3609	0	2	0	0	0	0	0	0	13	3	0	0	0
hsa-miR-365b-3p	2	0	0	1	0	0	0	1	7	0	1	0	0
hsa-miR-431-3p	28	29	35	24	12	42	13	26	512	163	30	45	15
hsa-miR-30d-5p	73647	85126	82192	76644	36798	30519	50287	78422	787149	88733	69102	61071	53436
hsa-miR-5696	0	0	0	0	0	0	0	0	4	0	0	0	0
hsa-miR-29b-2-5p	0	0	0	0	0	0	0	0	12	0	0	0	0
hsa-miR-5695	0	0	0	0	0	0	0	0	4	0	0	0	0
hsa-miR-30c-2-3p	0	0	0	0	0	4	0	2	15	3	0	0	0
hsa-miR-107	282	531	537	447	191	488	261	1376	7111	1589	357	573	349
hsa-miR-301b-5p	0	0	2	0	0	2	0	0	6	0	0	0	0
hsa-miR-152-5p	3	6	2	3	0	9	6	6	71	13	3	6	7
hsa-miR-12136	0	0	0	0	0	0	0	0	2	0	0	0	0
hsa-miR-99a-3p	0	0	0	0	0	0	0	2	10	0	2	0	0
hsa-miR-5004-3p	0	2	0	0	0	0	0	0	4	0	0	0	0
hsa-miR-3168	0	0	0	0	0	0	0	0	2	0	0	0	0
hsa-miR-3166	0	0	2	0	0	0	2	0	11	0	0	0	0
hsa-miR-425-3p	232	215	198	172	80	111	79	290	2240	247	137	183	112
hsa-miR-3163	0	0	0	0	0	0	0	0	4	2	0	0	0
hsa-miR-3161	0	21	0	0	0	0	0	56	174	39	0	21	23
hsa-miR-4662a-5p	34	37	38	77	9	36	17	33	396	36	26	29	13
hsa-miR-3681-5p	0	0	0	0	0	0	0	0	2	0	0	0	0
hsa-miR-501-3p	165	233	273	235	157	169	133	433	3135	382	325	318	184
hsa-miR-892a	0	0	0	0	0	0	0	0	2	0	0	0	0
hsa-miR-6716-3p	0	2	0	3	2	0	0	2	30	3	0	2	0
hsa-miR-24-3p	130	354	224	182	95	186	97	563	3329	759	143	338	124
hsa-miR-664b-5p	0	0	0	0	0	0	0	0	5	0	0	0	0
hsa-miR-133a-3p	566	230	881	731	145	89	161	104	3850	584	136	92	40
hsa-miR-338-5p	14	21	34	19	13	6	2	86	343	67	20	21	9
hsa-miR-190b-5p	0	0	2	0	0	0	0	15	23	0	0	2	0
hsa-miR-222-5p	2	0	5	2	0	2	2	7	36	7	0	0	4
hsa-miR-4659b-5p	0	0	0	0	0	0	0	0	2	0	0	2	0
hsa-miR-6513-5p	3	5	0	0	0	4	0	9	47	3	0	2	4
hsa-miR-5683	0	5	11	2	0	3	0	13	86	28	2	6	6
hsa-miR-3675-5p	0	2	0	0	0	0	0	0	2	0	0	0	0
hsa-miR-3127-3p	0	2	2	0	0	0	0	0	15	0	0	0	0
hsa-miR-3180-3p	0	0	0	0	0	0	0	0	4	0	0	0	0
hsa-miR-3159	0	0	2	0	0	0	0	0	15	0	0	5	0
hsa-miR-1307-5p	675	909	1081	491	610	1274	548	1920	13269	3371	671	961	568
hsa-miR-769-5p	428	589	684	446	326	446	287	1324	8286	2036	462	650	472
hsa-miR-100-5p	41	74	102	25	58	85	55	120	1043	121	114	126	83
hsa-miR-7155-3p	0	0	0	0	0	0	0	0	3	0	0	0	0
hsa-miR-376c-3p	12	7	21	10	21	34	17	100	483	198	5	27	7
hsa-miR-542-3p	0	0	2	0	0	0	0	0	8	2	0	0	0
hsa-miR-187-5p	0	0	0	0	0	0	0	0	2	0	0	2	0
hsa-miR-5587-5p	0	0	0	0	0	0	0	0	7	2	3	0	0
hsa-miR-30d-3p	23	62	58	40	19	61	32	152	954	250	24	126	57
hsa-miR-551b-3p	2	2	5	0	2	0	0	9	40	3	3	3	0
hsa-miR-455-5p	0	0	0	0	0	0	0	2	2	0	0	0	0
hsa-miR-301b-3p	85	144	127	89	37	87	43	287	1563	380	58	88	101
hsa-miR-152-3p	53	122	90	74	40	117	59	343	1745	466	71	118	87
hsa-miR-4717-3p	0	0	2	0	0	0	0	2	8	0	0	0	0
hsa-miR-9-5p	0	0	2	2	0	0	0	6	19	2	0	2	0
hsa-miR-10a-5p	5936	8947	9453	7981	2998	4256	4418	11730	98926	17511	8496	10081	6454
hsa-miR-6511a-3p	6	23	2	15	6	3	3	6	112	3	18	0	9
hsa-miR-550a-5p	6	4	11	18	11	4	3	17	161	27	14	5	5
hsa-miR-10527-5p	18	19	34	8	16	15	13	28	305	60	23	17	29
hsa-miR-3143	0	0	3	0	0	0	0	2	22	4	0	0	0
hsa-miR-7854-3p	0	0	0	5	0	0	0	8	43	7	4	6	0
hsa-miR-92b-5p	0	0	0	0	0	0	0	0	2	0	0	0	0
hsa-miR-141-5p	0	0	0	0	0	0	0	0	3	0	0	0	0
hsa-miR-664b-3p	0	0	3	3	0	0	0	3	24	3	0	4	0
hsa-miR-3157-5p	0	0	0	0	0	0	0	0	2	0	0	0	0
hsa-miR-338-3p	21	36	29	30	13	44	12	124	689	258	29	40	18
hsa-miR-6793-5p	0	0	0	0	0	0	0	0	4	0	0	0	0
hsa-miR-3939	2	2	4	2	4	2	0	2	31	0	3	5	0
hsa-miR-222-3p	3072	5996	6176	5886	1837	2915	3407	5830	54868	6528	5240	4122	3368
hsa-miR-3938	0	0	0	0	0	0	0	0	2	0	0	0	0
hsa-miR-4659b-3p	0	0	0	0	0	2	2	5	28	2	4	0	0
hsa-miR-3617-5p	0	0	0	0	0	0	0	0	2	0	0	0	0
hsa-miR-6513-3p	2	6	7	4	0	0	0	10	60	4	8	4	3
hsa-miR-4677-5p	0	0	0	0	0	0	0	0	2	0	0	0	0
hsa-miR-7848-3p	2	12	0	0	3	0	0	2	59	0	10	4	0
hsa-miR-1226-5p	0	2	3	3	0	2	0	0	20	3	3	0	0
hsa-miR-4753-5p	0	2	0	2	0	0	0	0	12	3	0	0	0
hsa-miR-3139	0	0	0	0	0	0	0	0	4	0	0	0	0
hsa-miR-3138	0	4	2	6	4	6	2	0	47	0	2	2	5
hsa-miR-211-5p	3	3	2	0	2	0	0	2	32	2	4	3	0
hsa-miR-6787-5p	0	0	0	0	0	0	0	0	4	0	0	0	0
hsa-miR-769-3p	0	0	0	0	0	0	0	0	7	0	0	0	0
hsa-miR-1307-3p	961	1025	844	602	629	438	499	953	9500	1023	770	777	769
hsa-miR-6502-5p	0	0	0	0	0	0	0	3	14	3	2	0	0
hsa-miR-6868-3p	0	0	0	0	0	0	0	0	10	0	0	2	2
hsa-miR-129-5p	0	2	0	0	0	0	0	0	4	0	0	0	0
hsa-miR-182-5p	551	1448	741	1811	382	1025	504	4022	19107	4377	1042	2212	720
hsa-miR-187-3p	0	0	0	0	0	0	0	2	14	0	2	0	0
hsa-miR-379-3p	13	8	3	4	3	11	6	9	108	22	5	10	3
hsa-miR-205-5p	2	0	0	4	0	0	0	6	41	6	3	2	0
hsa-miR-758-5p	0	2	0	0	2	0	0	0	13	5	0	2	0
hsa-miR-429	0	0	0	0	0	0	0	8	16	0	0	0	2
hsa-miR-3920	0	0	0	0	0	0	0	3	7	0	0	0	3
hsa-miR-421	524	805	765	703	190	403	288	907	7635	1146	518	573	511
hsa-miR-9-3p	0	0	0	0	0	0	0	0	3	2	0	0	0
hsa-miR-10a-3p	0	2	2	0	0	0	0	5	21	5	0	2	0
hsa-miR-550a-3p	9	35	17	18	19	9	9	49	307	32	32	17	13
hsa-miR-193b-5p	0	0	0	0	0	0	0	2	11	0	0	0	0
hsa-miR-4701-5p	2	0	0	0	0	0	0	0	15	0	0	0	0
hsa-miR-374a-5p	18	31	26	40	4	49	12	148	590	201	12	19	5
hsa-miR-141-3p	5	14	20	21	6	34	6	117	434	155	16	11	7
hsa-miR-92b-3p	575	936	513	755	373	259	520	455	6720	283	901	274	493
hsa-miR-26a-1-3p	4	2	4	7	0	4	0	21	78	18	3	8	5
hsa-miR-6735-5p	0	4	3	0	0	2	2	0	64	6	2	5	7
hsa-miR-3157-3p	0	6	0	3	0	0	4	3	32	0	3	0	0
hsa-miR-1185-2-3p	0	2	0	0	0	0	0	3	26	8	0	0	0
hsa-miR-6816-3p	0	0	0	0	0	0	0	0	7	0	2	0	0
hsa-miR-4485-3p	0	0	0	0	0	0	2	0	2	0	0	0	0
hsa-miR-3617-3p	0	0	0	0	0	0	2	2	13	0	3	2	0
hsa-miR-4677-3p	4	0	5	0	3	9	4	8	70	18	3	2	2
hsa-miR-3911	0	0	0	0	0	0	0	0	2	2	0	0	0
hsa-miR-491-5p	2	7	9	0	2	2	9	8	83	10	4	6	0
hsa-miR-1226-3p	0	0	0	3	0	0	0	0	5	0	0	0	0
hsa-miR-380-3p	0	3	6	0	0	3	5	4	60	19	8	2	0
hsa-miR-3116	0	0	0	0	0	0	0	0	4	2	0	0	0
hsa-miR-487a-5p	0	0	0	3	0	0	2	0	12	2	3	0	0
hsa-miR-95-3p	0	0	0	0	2	0	0	9	21	6	0	0	0
hsa-let-7e-5p	197	266	124	171	101	173	96	186	2004	197	82	157	133
hsa-miR-7-1-3p	7	5	8	7	0	2	2	44	163	37	4	7	0
hsa-miR-485-5p	140	104	91	56	134	71	218	23	1176	116	65	53	69
hsa-miR-561-5p	0	0	0	0	0	0	0	5	11	3	0	2	0
hsa-miR-5582-3p	0	0	0	0	0	0	0	0	3	0	0	0	0
hsa-miR-3909	9	4	2	6	3	2	3	6	68	6	8	2	7
hsa-miR-3907	0	0	0	0	0	0	0	0	3	0	0	0	0
hsa-miR-758-3p	45	78	53	40	63	60	57	39	803	190	59	61	19
hsa-miR-6852-5p	514	737	505	666	453	349	406	689	6765	742	419	582	471
hsa-miR-6741-3p	10	12	8	13	9	4	5	8	96	0	12	7	4
hsa-miR-760	14	10	10	18	8	9	3	9	153	10	7	18	6
hsa-miR-193b-3p	3	5	21	5	8	6	5	50	167	17	16	9	0
hsa-miR-939-5p	0	0	0	0	0	0	2	2	15	2	0	0	0
hsa-miR-1343-3p	2	7	7	2	3	0	5	2	58	0	10	0	6
hsa-miR-5193	0	0	2	8	0	0	0	2	37	0	4	0	2
hsa-miR-374a-3p	2	4	2	0	0	12	3	5	39	5	0	0	0
hsa-miR-1914-5p	0	0	0	0	0	0	0	0	5	0	0	0	0
hsa-miR-146a-5p	4162	11876	6833	7051	3424	4159	2628	10813	81451	14820	3558	8480	2862
hsa-miR-20a-5p	40	56	71	57	38	87	21	295	1154	346	30	39	38
hsa-miR-5190	0	0	2	0	0	2	0	2	9	0	0	0	0
hsa-miR-92a-2-5p	0	0	0	0	0	0	0	0	2	0	0	0	0
hsa-miR-6735-3p	0	0	0	0	0	0	0	0	6	0	0	0	0
hsa-miR-1294	0	0	0	0	2	0	0	2	19	5	0	0	0
hsa-miR-4433b-5p	757	695	848	941	556	283	382	782	8392	777	1119	429	487
hsa-miR-1291	0	0	0	0	0	0	0	0	4	0	0	0	0
hsa-miR-548ap-5p	0	0	0	0	0	0	0	0	5	2	0	0	0
hsa-miR-433-5p	0	0	0	0	0	2	0	0	11	0	0	0	0
hsa-miR-3065-5p	2	11	4	4	4	0	0	10	57	0	2	0	4
hsa-miR-2114-5p	0	0	0	0	0	0	0	0	3	0	0	0	0
hsa-miR-625-5p	84	150	75	136	63	147	38	374	1495	160	64	128	44
hsa-miR-491-3p	0	0	0	0	0	0	0	0	6	0	0	0	0
hsa-miR-6724-5p	0	0	0	0	2	0	0	0	5	0	0	0	0
hsa-miR-1908-5p	14	31	39	16	14	4	5	19	231	45	13	9	7
hsa-miR-32-5p	0	0	4	3	0	7	0	14	89	48	0	2	2
hsa-miR-487a-3p	11	12	18	12	5	23	27	24	249	76	2	15	4
hsa-miR-5188	0	0	0	0	0	0	0	0	2	0	0	0	0
hsa-let-7e-3p	17	24	20	15	4	9	0	14	176	18	23	9	11
hsa-miR-550a-3-5p	0	0	2	0	0	0	0	0	13	0	5	0	0
hsa-miR-4661-5p	0	0	0	0	0	0	0	0	22	5	2	0	0
hsa-miR-2277-5p	6	9	16	15	9	10	9	17	159	19	15	4	5
hsa-miR-548j-5p	4	10	7	7	0	10	0	34	148	29	2	17	0
hsa-miR-548o-3p	5	12	13	5	6	18	6	37	196	63	5	10	7
hsa-miR-485-3p	88	86	58	51	71	36	159	40	880	111	91	28	30
hsa-miR-503-5p	0	0	0	0	0	3	0	0	22	4	0	0	0
hsa-miR-4742-3p	3	0	0	4	0	0	0	2	24	5	0	0	0
hsa-miR-6718-5p	0	0	0	0	0	0	0	0	5	2	0	0	0
hsa-miR-1284	0	2	0	3	0	0	0	4	22	0	2	0	0
hsa-miR-6852-3p	0	0	7	5	0	4	0	0	56	2	0	0	0
hsa-miR-4655-5p	0	0	0	0	0	0	0	0	3	0	0	0	0
hsa-miR-196b-5p	15	38	16	27	4	17	6	59	393	93	22	23	13
hsa-miR-363-3p	245	534	769	465	191	567	245	1918	9545	2781	710	613	332
hsa-miR-451a	2341	5620	6088	6697	1987	5711	4144	11842	99420	35287	8008	7026	4121
hsa-miR-3187-3p	0	0	0	0	0	0	0	2	6	0	0	2	0
hsa-miR-939-3p	0	0	0	0	0	0	0	0	2	0	0	0	0
hsa-miR-891a-5p	2	5	3	0	0	0	0	0	20	2	2	0	0
hsa-miR-6730-3p	0	0	0	0	0	0	0	0	3	0	0	0	0
hsa-miR-146a-3p	0	2	12	0	2	7	0	28	76	5	5	0	0
hsa-miR-20a-3p	0	2	0	0	0	0	0	0	14	2	0	0	0
hsa-miR-1278	0	0	0	0	0	0	0	0	2	0	0	0	0
hsa-miR-4526	0	0	2	0	0	0	0	0	10	0	0	0	0
hsa-miR-1276	0	0	0	0	0	0	0	0	6	0	0	0	0
hsa-miR-1275	7	7	18	14	13	18	0	135	379	123	27	8	5
hsa-miR-4433b-3p	25	112	58	108	19	30	7	90	835	42	91	138	20
hsa-miR-4523	0	2	0	5	0	4	0	7	42	8	0	0	0
hsa-miR-4783-3p	0	0	0	0	0	0	0	0	2	0	0	0	0
hsa-miR-4522	0	0	0	0	0	0	0	0	4	0	0	0	0
hsa-miR-378g	0	0	0	0	0	0	0	0	8	2	0	0	0
hsa-miR-4521	0	0	0	0	0	0	0	2	5	0	0	0	0
hsv1-miR-H18	2	0	0	0	0	0	0	0	2	0	0	0	0
hsa-miR-549a-5p	0	0	2	0	0	0	0	0	14	3	0	2	0
hsa-miR-1270	0	8	0	0	0	0	2	0	30	2	0	0	0
hsa-miR-378d	0	1	0	0	0	1	0	7	22	8	2	0	0
hsa-miR-378c	4	2	5	4	5	6	3	33	149	57	5	11	5
hsa-miR-378b	0	0	0	0	0	0	0	3	12	3	0	0	0
hsa-miR-3065-3p	3	8	5	2	2	3	0	17	89	21	6	8	0
hsa-miR-433-3p	100	149	66	49	99	40	49	23	955	113	100	60	35
hsa-miR-625-3p	58	156	68	223	78	70	59	311	1613	83	131	117	55
hsa-miR-1908-3p	0	5	0	0	0	0	2	0	28	0	4	0	0
hsa-miR-32-3p	0	0	0	0	0	0	0	0	4	2	0	0	0
hsa-miR-154-5p	13	18	20	10	14	17	10	30	341	126	23	32	14
hsa-miR-5001-5p	0	0	0	0	0	0	0	0	2	0	0	0	0
hsa-miR-4772-5p	0	0	0	0	0	2	0	4	23	8	0	0	0
hsa-miR-5006-3p	0	0	0	5	0	0	3	3	28	0	4	3	2
hsa-miR-4777-3p	0	0	0	0	0	2	0	0	7	0	0	0	0
hsa-miR-3150b-3p	0	2	0	0	0	0	0	3	19	2	0	0	0
hsa-miR-548e-5p	6	12	11	15	6	12	7	34	224	46	6	20	3
hsa-miR-2277-3p	3	3	7	6	2	2	0	2	69	10	0	2	5
hsa-miR-548j-3p	0	0	0	0	0	0	0	2	12	6	0	0	0
hsa-miR-6882-5p	0	0	0	0	0	0	0	0	17	7	0	3	0
hsa-miR-125b-5p	40	34	50	66	28	32	31	72	651	69	78	34	30
hsa-miR-3130-5p	0	0	0	0	0	0	0	2	10	2	2	0	0
hsa-miR-4516	0	0	0	0	0	0	0	0	6	0	2	0	0
hsa-miR-7856-5p	0	0	0	2	0	0	0	0	5	0	0	0	0
hsa-miR-21-5p	2680	4095	6925	3513	1788	8304	2462	27539	100360	33362	2534	4444	2236
hsa-miR-24-1-5p	0	0	0	0	0	0	0	0	2	0	0	0	0
hsa-miR-3688-3p	2	5	3	2	0	0	0	8	45	11	2	5	0
hsa-miR-4512	0	0	2	0	0	0	0	0	9	0	0	0	2
hsa-miR-1273h-3p	211	238	128	176	110	56	136	164	1911	134	169	129	186
hsa-miR-4511	2	0	7	2	2	3	3	10	80	9	2	3	0
hsa-miR-1292-5p	0	7	0	2	0	0	0	5	37	5	2	2	0
hsa-miR-224-5p	288	501	377	309	108	94	281	264	3226	231	124	362	216
hsa-miR-500b-5p	0	0	0	0	0	0	0	0	3	1	0	0	0
hsa-miR-6876-5p	0	0	0	0	0	0	0	0	5	0	0	0	0
hsa-miR-6515-5p	2	4	5	4	3	2	0	2	46	15	0	4	0
hsa-miR-3124-5p	0	3	0	0	0	0	0	4	21	2	0	0	0
hsa-miR-23a-5p	0	0	0	0	0	0	0	2	11	0	0	0	0
hsa-miR-3200-5p	0	0	0	2	0	0	2	6	20	3	0	0	0
hsa-miR-195-5p	2	4	6	4	2	12	2	34	115	40	0	4	0
hsa-miR-218-5p	0	0	0	0	0	0	0	2	2	0	0	0	0
hsa-miR-579-5p	0	0	2	0	0	4	0	0	23	2	0	2	0
hsa-miR-4508	2	2	3	0	2	3	0	8	61	13	3	5	3
hsa-miR-6509-5p	0	0	0	0	0	0	0	0	12	3	3	0	0
hsa-miR-1256	0	0	0	0	0	0	0	2	9	0	0	0	0
hsa-miR-1273c	0	0	0	0	0	0	2	0	4	2	0	0	0
hsa-miR-549a-3p	0	0	0	0	0	0	0	0	2	0	0	0	0
hsa-miR-30a-5p	918	1329	1365	1036	578	1404	717	2569	19242	6640	824	819	801
hsa-miR-4446-5p	2	0	0	0	0	0	0	0	18	0	0	2	0
hsa-miR-4638-5p	0	0	0	0	0	0	0	0	2	0	0	0	0
hsa-miR-4999-5p	0	0	0	0	0	0	0	2	2	0	0	0	0
hsa-miR-5001-3p	3	2	0	0	0	0	3	0	12	0	0	0	0
hsa-miR-106b-5p	38	43	76	57	25	129	40	343	1556	600	50	58	47
hsa-miR-4772-3p	3	2	2	2	0	4	0	10	60	20	4	0	0
hsa-miR-27b-5p	16	33	16	19	13	19	20	29	332	86	11	32	20
hsa-miR-548u	0	0	0	0	0	0	0	0	5	2	0	0	0
hsa-miR-548e-3p	5	8	12	11	3	8	10	29	171	38	4	12	4
hsa-miR-548q	0	0	0	0	0	0	2	0	3	0	0	0	0
hsa-miR-3130-3p	0	4	0	2	0	0	0	0	16	2	0	3	0
hsa-miR-199b-5p	21	19	52	19	5	21	10	78	382	82	19	28	10
hsa-miR-548n	0	0	0	0	0	0	0	0	2	0	0	0	0
hsa-miR-21-3p	899	1736	1336	889	464	1607	560	3612	19296	4517	849	1584	992
hsa-miR-143-5p	4	5	4	16	6	0	5	0	82	19	3	6	0
hsa-miR-1246	5	5	44	15	18	6	4	49	224	24	19	6	14
hsa-miR-548l	0	0	3	2	0	0	2	2	21	0	0	2	2
hsa-miR-335-5p	56	61	109	99	50	154	62	230	1536	506	39	83	54
hsa-miR-548k	9	24	25	18	21	26	16	86	380	75	18	27	21
hsa-miR-888-5p	0	0	0	0	0	0	0	0	2	0	0	0	0
hsa-miR-224-3p	0	2	3	0	0	0	2	0	16	4	0	0	0
hsa-miR-411-5p	236	554	322	217	241	502	275	343	5000	1276	349	486	104
hsa-miR-6818-5p	0	0	0	0	0	0	0	2	13	6	0	0	0
hsa-miR-219b-5p	0	0	0	0	0	0	3	0	14	0	0	0	0
hsa-miR-23a-3p	916	1296	1554	1140	457	791	901	3369	16028	2173	878	1466	814
hsa-miR-3677-3p	2	6	8	8	0	5	0	20	96	14	6	8	10
hsa-miR-4755-5p	0	0	0	0	0	0	0	0	2	0	0	0	0
hsa-miR-329-5p	3	3	4	0	0	6	3	0	35	5	0	0	2
hsa-miR-3200-3p	3	3	0	0	0	0	0	12	37	5	0	3	3
hsa-miR-195-3p	0	0	0	0	0	0	0	0	19	3	2	0	0
hsa-miR-129-2-3p	0	0	0	0	0	0	0	2	2	0	0	0	0
hsa-miR-382-5p	20	11	18	10	11	10	26	17	228	44	13	14	9
hsa-miR-4436b-3p	0	0	0	0	0	2	0	0	7	2	0	0	0
hsa-miR-579-3p	0	0	0	0	0	0	0	0	5	0	0	0	0
hsa-miR-1304-5p	0	2	6	2	0	0	2	4	44	11	0	0	2
hsa-miR-766-5p	3	7	2	2	4	0	4	9	78	14	0	0	0
hsa-miR-655-3p	0	0	0	0	0	0	0	0	4	0	0	0	0
hsa-miR-5584-5p	0	0	0	0	0	0	0	0	3	0	0	0	0
hsa-miR-30a-3p	32	48	29	38	13	38	16	71	597	205	10	20	26
hsa-miR-4446-3p	435	404	197	242	231	79	247	85	2779	101	168	164	265
hsa-miR-4638-3p	0	0	0	0	0	0	0	0	2	0	0	0	0
hsa-miR-452-5p	2	3	0	8	0	3	2	7	63	23	0	2	0
hsa-miR-548ax	2	5	2	3	2	8	4	16	85	20	0	6	0
hsa-miR-320a-3p	3394	3656	3913	3101	2039	2042	2439	6338	48769	11959	2522	3346	3124
hsa-miR-6859-5p	10	16	9	0	5	2	8	8	113	10	6	5	4
hsa-miR-4714-3p	0	0	2	0	0	0	0	2	9	0	0	0	0
hsa-miR-106b-3p	754	1079	1230	844	389	496	447	2308	13434	2927	1127	825	621
hsa-miR-27b-3p	6841	8363	5645	5924	2495	8927	4288	12631	95641	23631	4930	5534	5831
hsa-miR-3928-5p	0	0	0	0	0	0	0	0	2	0	0	0	0
hsa-miR-548al	2	0	0	0	0	0	0	0	12	0	4	0	0
hsa-miR-7851-3p	0	0	0	0	0	0	0	0	2	0	0	0	0
hsa-miR-4685-3p	0	0	0	2	0	0	0	0	21	0	2	0	0
hsa-miR-548ag	0	0	0	0	0	0	0	4	11	0	0	0	0
hsa-miR-199b-3p	848	762	1220	896	284	1113	436	3107	14134	3663	532	679	451
hsa-miR-374c-5p	0	0	0	0	0	0	0	0	1	0	0	0	0
hsa-miR-330-5p	4	25	21	4	9	9	3	36	247	44	12	25	15
hsa-miR-143-3p	2428	3103	3735	7639	1235	3344	1849	4159	52461	20546	783	2303	934
hsa-miR-4708-3p	0	0	2	0	0	0	0	0	4	0	0	0	0
hsa-miR-4761-3p	0	0	0	0	0	0	0	0	2	0	0	0	0
hsa-miR-1234-3p	0	0	0	0	0	0	0	0	3	0	0	0	0
hsa-miR-335-3p	239	546	325	596	77	180	231	357	4390	539	431	548	217
hsa-miR-548ac	2	0	0	0	0	0	0	0	4	0	0	0	0
hsa-miR-548ab	0	0	0	0	0	0	0	0	3	2	0	0	0
hsa-miR-26a-5p	33573	59956	64141	57702	18740	62122	30517	169617	812472	182389	36847	64873	30886
hsa-miR-580-3p	0	0	0	0	2	0	0	0	12	4	0	0	0
hsa-miR-411-3p	18	29	12	8	4	9	6	15	180	25	16	5	5
hsa-miR-6813-5p	0	6	3	2	0	4	2	2	45	5	0	2	3
hsa-miR-3614-5p	0	2	0	2	0	0	0	6	20	2	2	0	0
hsa-miR-23c	0	0	0	0	0	0	0	0	2	0	0	0	0
hsa-miR-181b-5p	1027	1686	1972	1147	673	850	593	3292	18062	2336	1831	1571	676
hsa-miR-493-5p	40	42	66	46	26	86	27	120	1192	607	37	44	20
hsa-miR-132-5p	0	2	3	0	0	0	0	4	23	0	0	0	0
hsa-miR-4750-5p	0	0	0	0	0	0	0	0	2	0	0	0	0
hsa-miR-324-5p	12	25	22	19	14	7	13	37	272	26	21	38	12
hsa-miR-1228-3p	0	0	0	0	0	0	0	0	2	0	0	0	0
hsa-miR-4755-3p	0	0	0	0	0	0	0	0	3	0	0	0	0
hsa-miR-329-3p	9	2	8	0	6	11	2	14	128	19	9	0	3
hsa-miR-877-5p	352	377	292	251	86	198	149	493	3804	423	235	280	347
hsa-miR-382-3p	5	2	11	0	0	3	4	16	81	24	0	2	4
hsa-miR-708-5p	0	0	0	0	0	0	0	14	22	4	0	0	0
hsa-miR-3940-3p	0	0	0	3	0	0	3	2	21	0	0	2	2
hsa-miR-574-3p	138	274	138	214	82	64	82	211	2073	161	213	190	226
hsa-miR-6789-3p	0	0	0	0	0	0	0	0	2	2	0	0	0
hsa-miR-1304-3p	171	234	161	191	119	88	102	229	2064	246	189	137	128
hsa-miR-766-3p	116	211	246	207	117	143	130	315	2521	221	252	314	151
hsa-let-7g-5p	447	478	1046	645	332	1530	316	4328	16048	5471	480	445	328
hsa-miR-33a-5p	0	4	5	3	3	13	3	10	76	10	0	3	5
hsa-miR-16-2-3p	91	106	193	138	48	145	68	404	2321	729	140	76	73
hsa-miR-126-5p	10673	16982	21129	16046	4061	22824	6804	75867	280778	74270	7363	15677	8733
hsa-miR-323a-5p	0	2	0	0	0	0	0	0	8	0	0	0	0
hsa-miR-19a-3p	14	22	44	24	19	85	26	139	746	265	13	24	8
hsa-miR-181a-2-3p	294	648	538	455	297	219	313	658	5678	670	609	613	250
hsa-miR-4796-3p	0	0	0	0	0	0	0	0	5	0	0	0	0
hsa-miR-3928-3p	2	5	8	5	2	2	0	13	85	17	6	2	4
hsa-miR-3620-3p	0	0	0	2	0	0	2	0	13	0	0	0	2
hsa-miR-4680-3p	0	0	0	0	0	0	0	0	2	0	0	0	0
hsa-miR-1537-3p	0	0	0	0	0	0	0	0	5	2	0	0	0
hsa-miR-330-3p	153	210	132	160	92	85	108	189	1883	167	125	121	132
hsa-miR-4482-3p	0	0	0	0	0	0	0	7	28	13	2	0	0
hsa-miR-627-5p	0	0	3	8	4	7	3	18	91	32	3	2	4
hsa-miR-181b-3p	2	4	0	2	0	0	0	5	20	2	0	0	0
hsa-miR-493-3p	80	67	55	33	51	69	29	41	798	224	31	65	26
hsa-miR-132-3p	41	89	56	59	34	28	18	81	629	68	51	40	32
hsa-miR-6895-5p	0	0	0	0	0	0	0	0	2	0	0	0	0
hsa-miR-511-5p	0	0	0	2	0	0	0	0	5	0	0	0	0
hsa-miR-324-3p	64	81	109	82	71	52	52	172	1267	157	85	102	77
hsa-miR-877-3p	0	0	0	0	0	0	0	0	2	0	0	0	0
hsa-miR-708-3p	0	0	0	0	0	0	0	2	5	0	0	0	0
hsa-miR-6802-5p	0	0	0	2	0	0	0	0	18	2	0	0	0
hsa-let-7b-5p	1321	1350	1551	1018	524	774	444	2907	16029	3174	1064	785	687
hsa-let-7f-2-3p	8	12	16	17	12	20	10	67	275	69	13	19	5
hsa-let-7g-3p	5	0	2	0	0	2	0	20	74	22	0	3	6
hsa-miR-33a-3p	0	0	0	0	0	0	2	12	31	2	0	0	0
hsa-miR-598-5p	0	0	0	0	0	0	0	0	3	3	0	0	0
hsa-miR-126-3p	2443	3113	3891	3516	1182	3401	1635	10870	50992	12587	2581	3232	2021
hsa-miR-2355-5p	30	42	46	35	8	46	16	80	561	110	19	37	32
hsa-miR-323a-3p	88	67	82	32	68	48	50	51	927	237	89	39	28
hsa-miR-505-5p	8	6	2	3	0	0	0	4	42	4	3	2	2
hsa-miR-28-5p	441	635	718	612	265	567	369	1764	8771	1725	450	721	393
hsa-miR-450a-5p	2	0	10	2	2	10	3	16	88	14	9	4	6
hsa-miR-942-5p	33	47	39	34	17	26	19	46	436	39	32	39	22
hsa-miR-200a-5p	0	0	0	0	0	0	0	0	3	0	0	0	0
hsa-miR-7977	60	69	37	37	32	24	35	52	605	60	42	76	49
hsa-miR-7976	2	2	2	0	0	0	0	5	53	8	10	6	0
hsa-miR-7975	0	0	0	0	0	0	0	0	2	0	0	0	0
hsa-miR-4738-3p	2	0	2	0	0	0	0	0	22	2	0	2	0
hsa-miR-6767-5p	0	0	0	2	0	0	0	0	2	0	0	0	0
hsa-miR-29a-5p	0	0	0	0	0	0	0	3	5	0	0	0	0
hsa-miR-744-5p	6172	8145	3730	4646	3941	2893	4401	3855	57240	4969	3180	5635	5282
hsa-miR-577	0	2	5	2	0	2	0	9	38	11	0	4	0
hsa-miR-2116-3p	0	2	0	2	0	0	0	0	15	2	0	0	0
hsa-miR-6837-5p	0	3	0	2	0	0	0	0	10	0	0	0	2
hsa-miR-627-3p	3	3	0	0	0	0	2	5	26	2	0	0	0
hsa-miR-6721-5p	0	0	0	0	2	0	0	0	22	0	3	2	0
hsa-miR-3691-5p	0	0	0	0	0	0	0	2	9	0	2	0	0
hsa-miR-6802-3p	0	0	0	0	0	0	0	0	2	0	0	0	0
hsa-let-7b-3p	22	28	26	23	14	14	20	27	270	31	19	11	12
hsa-miR-424-5p	0	0	0	0	0	2	0	10	40	15	0	2	0
hsa-miR-598-3p	43	41	51	81	9	42	31	162	799	153	55	70	25
hsa-miR-616-5p	15	10	10	8	4	0	2	24	129	18	0	9	4
hsa-miR-1538	10	12	7	9	6	2	4	3	99	2	0	4	10
hsa-miR-2355-3p	7	13	6	6	0	2	2	11	99	19	2	0	3
hsa-miR-505-3p	26	43	27	32	20	21	23	55	481	31	61	39	28
hsa-miR-3190-3p	0	2	0	3	0	0	2	3	16	2	0	0	0
hsa-miR-28-3p	12911	22738	13641	15259	8329	6926	9086	16403	161185	18736	11567	13791	11197
hsa-miR-200a-3p	2	2	2	2	0	0	0	10	32	3	2	0	0
hsa-miR-668-3p	2	9	6	2	9	3	21	5	114	10	0	9	4
hsa-miR-151b	91	217	198	139	59	152	92	321	2189	414	194	170	108
hsa-miR-3679-5p	0	0	2	0	0	0	0	0	7	0	0	0	0
hsa-miR-17-5p	171	271	371	249	115	299	137	866	4386	1225	153	263	178
hsa-miR-744-3p	45	51	60	44	21	23	36	64	566	53	42	58	38
hsa-miR-29a-3p	324	566	1329	659	215	1048	225	7068	22049	8190	854	812	315
hsa-miR-197-5p	0	0	0	0	0	0	0	0	12	0	0	0	0
hsa-miR-6843-3p	4	0	0	0	0	0	0	0	4	0	0	0	0
hsa-miR-103a-2-5p	4	6	3	4	4	0	0	6	49	7	3	3	3
hsa-miR-376b-5p	0	0	0	0	0	0	0	0	2	1	0	0	0
hsa-miR-4727-3p	0	0	0	0	0	0	0	0	2	2	0	0	0
hsa-miR-3173-5p	0	2	0	0	2	0	0	0	11	0	0	0	0
hsa-miR-3912-3p	0	0	2	0	0	2	0	7	48	13	0	2	0
hsa-miR-365a-3p	2	0	0	1	0	0	0	1	7	0	1	0	0
hsa-miR-6832-5p	0	0	0	0	0	0	0	2	7	0	0	0	0
hsa-miR-30c-5p	813	1468	1114	1101	594	944	1003	2335	15561	2139	1563	1426	847
hsa-miR-6837-3p	23	47	26	21	17	12	15	17	288	25	16	33	18
hsa-miR-30c-1-3p	33	51	58	45	22	36	27	82	637	117	33	64	38
hsa-miR-301a-5p	0	3	2	0	0	2	0	2	18	4	0	0	0
hsa-miR-3691-3p	0	0	0	0	0	0	0	0	2	0	2	0	0
hsa-miR-424-3p	16	25	32	16	22	19	20	48	423	108	40	24	27
hsa-miR-616-3p	2	0	2	0	2	0	0	0	15	0	0	0	0
hsa-miR-543	35	42	34	26	20	20	51	27	424	44	36	38	23
hsa-miR-4687-5p	5	18	15	7	5	0	8	11	118	7	12	4	10
hsa-miR-7853-5p	0	2	0	0	0	0	0	0	4	0	0	0	0
hsa-miR-145-5p	106	92	77	195	66	31	62	67	1275	294	88	109	26
hsa-miR-664a-5p	11	12	12	5	0	11	4	19	146	13	8	10	3
hsa-miR-337-5p	2	2	0	2	0	2	0	0	22	9	0	0	0
hsa-miR-190a-5p	0	0	0	0	0	0	0	2	4	2	0	0	0
hsa-miR-582-5p	0	0	0	4	0	2	0	25	50	10	0	0	0
hsa-miR-221-5p	36	75	69	56	48	66	44	150	1004	227	61	81	45
hsa-miR-605-5p	0	0	0	2	0	0	2	0	7	0	0	0	0
hsa-miR-15b-5p	188	373	376	259	75	295	132	989	4354	945	220	257	162
hsa-miR-4688	4	2	0	2	0	0	0	9	52	5	0	4	2
hsa-miR-4326	18	21	5	11	10	7	7	12	151	5	35	0	0
hsa-miR-3679-3p	0	0	0	0	0	0	0	0	2	0	0	0	0
hsa-miR-1255a	2	2	4	3	2	9	0	3	43	7	4	3	0
hsa-miR-17-3p	14	8	13	14	15	24	3	86	443	178	10	14	10
hsa-miR-139-5p	75	166	121	115	32	144	46	475	1644	134	116	99	71
hsa-miR-151a-5p	5692	11004	9141	9083	3529	7885	5252	14602	111100	19904	9265	9348	6136
hsa-miR-192-5p	856	1584	2156	1220	847	1256	803	6471	30010	10816	1173	1646	783
hsa-miR-197-3p	906	981	743	1230	453	274	447	856	8680	459	1197	379	568
hsa-miR-3942-5p	0	0	0	0	0	0	0	0	4	0	0	0	0
hsa-miR-215-5p	0	6	14	9	3	7	7	13	144	61	3	8	0
hsa-miR-576-5p	32	19	24	20	7	12	14	27	250	28	25	17	8
hsa-miR-1306-5p	10	10	12	11	10	5	9	7	133	7	11	5	9
hsa-miR-652-5p	0	2	2	0	0	0	2	2	25	4	2	0	0
hsa-miR-376b-3p	2	0	0	0	0	4	0	4	36	14	0	0	2
hsa-miR-6751-5p	0	0	0	0	0	0	2	0	2	0	0	0	0
hsa-miR-148b-5p	37	55	91	65	37	160	47	233	1218	312	40	70	46
hsa-miR-541-3p	0	0	0	0	0	0	0	0	2	0	0	0	0
hsa-miR-186-5p	9982	12419	14239	10070	4029	7906	6458	25706	155900	34382	10083	11877	7932
hsa-miR-454-5p	62	137	171	126	41	45	66	179	1370	184	109	91	79
hsa-miR-301a-3p	220	221	284	207	141	398	124	656	4065	1229	160	183	194
hsa-miR-4716-3p	0	0	0	0	0	0	0	0	3	0	0	0	0
hsa-miR-548b-3p	0	0	2	0	0	0	0	0	2	0	0	0	0
hsa-miR-6826-3p	2	0	0	0	0	0	0	0	4	0	0	0	0
hsa-miR-203a-3p	2	3	4	2	3	0	0	4	34	0	0	2	0
hsa-miR-140-5p	13	16	18	18	3	16	3	73	360	156	10	14	3
hsa-miR-145-3p	6	33	11	22	3	8	12	30	234	54	6	11	2
hsa-miR-664a-3p	44	67	45	86	18	24	21	137	740	63	90	64	24
hsa-miR-885-5p	0	0	0	0	3	0	0	0	15	5	0	2	0
hsa-miR-337-3p	19	9	18	9	0	9	7	11	176	47	12	5	4
hsa-miR-190a-3p	0	0	0	0	0	0	0	4	6	0	0	0	0
hsa-miR-582-3p	0	6	2	12	0	4	0	31	101	19	5	9	0
hsa-miR-221-3p	3938	5061	8172	5654	2519	3256	2948	15035	79593	18100	4843	5907	3465
hsa-miR-4659a-3p	0	0	0	0	0	0	0	2	2	0	0	0	0
hsa-miR-605-3p	0	0	0	0	0	0	0	0	10	2	0	0	0
hsa-miR-15b-3p	8	3	24	11	2	7	5	64	297	121	2	5	4
hsa-miR-320e	0	0	0	0	0	0	0	0	0	0	0	0	0
hsa-miR-495-5p	0	0	0	0	0	0	0	0	2	0	0	0	0
hsa-miR-134-5p	206	263	317	161	265	186	431	194	3613	916	197	206	132
hsa-miR-181d-5p	237	251	170	219	82	147	112	381	2578	361	133	237	176
hsa-miR-320d	6	4	7	4	4	8	2	10	128	12	3	7	4
hsa-miR-320c	6	20	8	15	7	3	10	16	169	20	6	7	11
hsa-miR-139-3p	3	7	0	2	0	3	2	5	49	0	0	3	0
hsa-miR-192-3p	0	0	0	0	0	0	0	0	7	5	0	0	0
hsa-miR-320b	138	175	159	131	116	83	108	248	2158	476	98	156	141
hsa-miR-151a-3p	36091	66534	45213	45438	16588	22990	20296	59045	508596	75280	35865	50257	33218
hsa-miR-210-5p	4	3	2	0	2	0	0	0	28	2	2	0	2
hsa-miR-1306-3p	0	3	2	6	3	4	2	7	62	10	5	0	2
hsa-miR-6809-5p	0	0	0	0	0	0	0	0	8	0	0	0	2
hsa-let-7i-5p	3166	4377	5326	3881	1983	5836	2081	18313	75996	20297	2860	4544	2910
hsa-miR-6862-5p	2	0	0	0	2	0	0	0	27	0	2	0	2
hsa-miR-6501-5p	0	2	0	0	0	0	0	0	7	0	0	0	0
hsa-miR-652-3p	381	547	572	437	221	417	260	1447	7465	1434	483	718	375
hcmv-miR-US29-3p	0	12	2	0	0	0	0	3	18	0	0	0	0
hsa-miR-148b-3p	421	1419	1111	980	507	1309	624	3396	16919	4296	623	1574	504
hsa-miR-1843	233	275	221	203	82	162	144	337	2714	345	170	197	192
hsa-miR-4746-5p	12	49	30	22	16	17	19	27	301	15	20	27	11
hsa-miR-186-3p	0	0	2	0	0	0	0	6	74	62	0	2	0
hsa-miR-204-5p	19	86	82	26	37	0	29	12	398	24	43	17	5
hsa-miR-4657	0	0	0	0	0	2	0	0	8	0	0	0	2
hsa-miR-454-3p	29	38	55	48	17	48	23	205	778	181	27	25	19
hsa-miR-4654	0	0	0	0	0	0	0	0	10	0	0	0	2
hsa-miR-130b-5p	78	137	52	100	76	33	73	42	949	39	160	65	64
hsa-miR-193a-5p	0	0	0	0	0	2	0	0	3	0	0	0	0
hsa-miR-6769b-3p	0	0	0	0	0	0	0	0	2	0	0	0	0
hsa-miR-18b-5p	0	0	0	0	0	0	0	0	12	3	0	0	0
hsa-miR-92a-3p	139805	145424	138989	157842	71211	58430	105501	120624	1358835	96960	162926	59571	98445
hsa-miR-140-3p	4763	8004	6546	6229	3434	4542	3228	14058	87444	17091	6337	7330	4842
hsa-miR-6734-5p	0	0	0	0	0	0	0	0	2	0	0	0	0
hsa-miR-3202	0	0	0	0	0	0	0	5	9	0	0	0	0
hsa-miR-6810-5p	0	0	0	0	0	2	0	0	16	0	0	0	0
hsa-miR-376a-2-5p	0	0	0	0	0	0	0	0	4	0	0	0	0
hsa-miR-1185-1-3p	13	15	11	5	6	16	11	22	227	100	6	3	4
hsa-miR-548at-5p	0	4	0	0	0	0	0	4	14	2	0	0	0
hsa-miR-4647	0	0	0	0	0	0	0	0	7	0	0	0	0
hsa-miR-548ay-3p	0	0	0	0	0	0	0	0	3	0	0	0	0
hsa-miR-4676-3p	0	0	0	7	0	0	0	0	22	0	0	2	0
hsa-miR-490-5p	0	0	0	2	0	0	0	0	4	0	0	0	0
hsa-miR-629-5p	6	11	7	6	4	3	2	25	141	44	6	7	9
hsa-miR-134-3p	2	3	0	0	0	0	2	0	23	0	3	0	0
hsa-miR-9985	1	1	1	1	0	2	0	4	17	4	0	0	0
hsa-miR-495-3p	0	2	7	0	0	4	0	12	69	20	2	2	0
hsa-miR-874-5p	0	3	6	2	0	2	0	13	61	5	9	4	2
hsa-miR-210-3p	35	59	58	53	28	74	26	173	1141	343	55	98	45
hsa-miR-6786-3p	0	0	0	0	0	0	0	0	2	0	0	0	0
hsa-miR-1301-3p	159	250	151	198	106	96	141	191	2184	183	177	220	181
hsa-miR-6804-5p	0	0	0	0	0	0	0	0	3	0	0	0	0
hsa-let-7d-5p	1297	1526	2031	1676	739	1507	977	3399	20915	4221	1290	935	1042
hsa-let-7i-3p	12	14	30	21	3	18	3	107	412	153	19	12	5
hsa-miR-3605-5p	3	16	12	11	0	2	2	19	145	19	5	9	5
hsa-miR-2110	11	7	10	2	3	0	4	18	99	8	3	0	3
hsa-miR-4665-5p	0	4	2	0	0	5	0	0	22	5	0	0	0
hsa-miR-489-3p	0	0	0	0	0	0	0	0	2	0	0	0	0
hsa-miR-128-3p	907	1284	1060	1122	486	629	715	1977	12404	1476	874	947	635
hsa-miR-378a-5p	4	5	6	2	2	0	0	2	47	7	0	2	0
hsa-miR-373-3p	0	2	0	0	0	0	0	7	14	0	0	2	0
hsa-miR-5581-3p	0	0	0	0	0	0	0	0	3	0	0	0	0
hsa-miR-128-1-5p	40	43	33	29	29	17	15	31	373	27	28	33	25
hsa-miR-642a-5p	0	0	0	0	0	0	0	0	6	0	0	0	0
hsa-miR-1185-5p	2	0	2	0	0	2	4	8	47	18	0	4	0
hsa-miR-130b-3p	417	824	657	640	199	447	333	1860	9322	1970	474	745	521
hsa-miR-362-5p	0	0	0	0	0	0	0	3	5	0	0	0	0
hsa-miR-29c-5p	0	0	7	2	0	2	0	16	101	19	3	7	0
hsa-miR-193a-3p	0	0	0	0	0	0	0	2	6	0	0	0	0
hsa-miR-18b-3p	0	0	0	0	0	0	0	0	4	0	0	0	0
hsa-miR-92a-1-5p	8	15	15	7	16	5	5	24	160	18	9	16	8
hsa-miR-6810-3p	0	0	0	0	0	0	0	0	5	0	0	0	0
hsa-miR-4787-3p	0	0	0	0	0	0	0	2	15	2	5	0	0
hsa-miR-3064-5p	0	2	0	0	0	0	2	0	21	0	2	0	0
hsa-miR-432-5p	396	391	424	181	199	277	167	271	4504	1377	225	243	162
hsa-miR-624-5p	0	4	2	0	0	0	0	14	52	19	0	0	0
hsa-miR-490-3p	15	6	9	48	11	7	9	12	197	27	4	29	2
hsa-miR-629-3p	0	0	0	0	0	0	0	2	10	0	2	0	0
hsa-miR-6892-5p	2	2	0	2	0	0	0	0	25	4	0	0	0
hsa-miR-874-3p	60	68	88	66	58	57	30	246	1227	234	90	66	33
hsa-miR-31-5p	0	12	20	16	3	21	0	113	347	118	8	11	3
hsa-miR-3155a	0	0	0	0	0	0	0	0	4	0	0	0	0
hsa-miR-5706	0	0	0	0	0	0	0	0	5	4	0	0	0
hsa-miR-99b-5p	3210	5806	4378	5180	2760	4043	2135	6467	60945	7335	5745	8296	5020
hsa-miR-3150a-5p	0	0	2	0	0	0	0	0	17	0	3	0	2
hsa-let-7d-3p	1017	1133	690	1128	494	370	668	763	9180	521	777	619	807
hsa-miR-5701	0	0	0	0	0	0	0	0	4	0	0	0	0
hsa-miR-2276-5p	0	0	0	0	0	0	0	0	2	0	0	0	0
hsa-miR-3605-3p	5	11	9	9	0	2	5	0	100	0	18	3	9
hsa-miR-518f-3p	0	0	0	0	0	0	0	0	2	2	0	0	0
hsa-miR-671-5p	0	0	0	4	3	0	0	2	53	17	0	0	0
hsa-miR-10399-5p	3	7	12	4	3	19	4	46	161	39	2	5	0
hsa-miR-6886-5p	0	0	0	0	0	0	0	0	6	0	0	0	2
hsa-miR-502-5p	0	0	0	0	0	0	0	0	2	0	0	0	0
hsa-miR-378a-3p	420	761	974	658	440	642	399	2838	14210	4751	690	953	508
hsa-miR-25-5p	27	37	30	20	17	13	16	39	349	60	23	22	18
hsa-miR-1296-5p	101	195	140	120	57	57	48	220	1621	298	125	95	122
hsa-miR-200c-3p	0	3	4	3	0	0	0	2	30	0	8	3	0
hsa-miR-589-5p	238	568	259	291	188	170	156	289	3500	410	242	306	240
hsa-miR-196a-5p	0	0	0	0	0	0	0	2	17	7	0	0	0
hsa-miR-642a-3p	0	0	0	0	0	0	0	0	10	6	0	0	0
hsa-miR-362-3p	0	0	0	0	0	0	0	0	13	9	0	0	0
hsa-miR-6764-5p	0	0	0	0	0	0	0	4	16	0	0	0	0
hsa-miR-8072	0	0	0	0	0	0	0	0	2	0	0	0	0
hsa-miR-29c-3p	55	90	291	109	53	220	40	1596	4592	1629	150	164	28
hsa-miR-6840-5p	0	0	0	0	0	0	0	0	2	0	0	0	0
hsa-miR-125b-2-3p	5	9	17	2	4	3	0	36	150	25	6	11	3
hsa-miR-659-5p	12	12	4	4	2	4	3	11	106	8	13	5	5
hsa-miR-1250-5p	0	0	0	0	0	0	0	0	14	8	0	0	0
hsa-miR-19b-1-5p	0	0	0	0	0	0	0	0	2	0	0	0	0
hsa-miR-432-3p	5	0	0	2	5	5	0	0	56	18	5	4	4
hsa-miR-30e-5p	8773	13716	15582	11990	5340	13912	5777	37900	199936	54010	9046	14574	8663
hsa-miR-31-3p	0	0	2	2	0	0	0	8	18	0	0	0	0
hsa-miR-345-5p	392	539	453	360	180	281	205	685	5111	783	471	298	325
hsa-miR-99b-3p	30	41	28	25	13	37	5	32	444	86	15	46	32
hsa-miR-1249-3p	6	0	2	2	2	2	0	4	39	0	0	4	4
hsa-miR-11401	2	5	0	2	0	0	0	0	24	2	2	4	3
hsa-miR-11400	303	417	536	380	109	396	202	706	5125	903	323	514	275
hsa-miR-2276-3p	0	4	2	0	0	0	0	2	26	6	0	0	0
hsa-miR-125a-5p	2129	3360	1768	2777	1453	1571	1185	2375	26290	1514	3476	2370	1998
hsa-miR-10399-3p	59	78	97	60	20	45	32	148	919	118	78	64	72
hsa-miR-671-3p	297	567	217	391	192	149	225	215	3489	143	327	255	330
hsa-miR-133b	1	0	0	0	0	0	0	0	9	3	1	0	0
hsa-miR-7855-5p	2	13	11	3	6	3	4	7	72	4	3	6	4
hsa-miR-103a-3p	3155	6348	5100	4675	2234	4698	2977	12232	68758	13134	3475	6038	4113
hsa-miR-502-3p	13	12	24	14	5	6	8	50	251	59	10	13	6
hsa-miR-6770-3p	4	5	0	0	0	2	2	3	36	3	2	7	2
hsa-miR-25-3p	8759	15141	15518	11602	4821	6705	6195	32313	169711	34136	11731	13285	8765
hsa-miR-339-5p	363	340	322	349	231	227	231	548	4282	736	288	323	284
hsa-miR-584-5p	5501	8479	5254	4815	3518	2777	2444	6603	59503	7293	2976	5819	3428
hsa-miR-223-5p	42	106	109	70	63	67	27	207	1219	215	78	74	73
hsa-miR-589-3p	34	62	45	29	17	10	15	51	484	43	33	33	25
hsa-miR-1180-3p	2	6	6	0	2	0	5	6	73	24	8	0	2
hsa-miR-500a-5p	0	2	0	0	0	0	0	0	7	1	2	0	0
hsa-miR-660-5p	90	130	144	101	47	87	60	521	2176	570	133	134	92
hsa-miR-371b-5p	5	0	9	5	0	3	0	15	79	2	7	7	0
hsa-miR-6875-5p	0	0	0	0	0	0	0	2	12	0	0	0	0
hsa-miR-6514-5p	0	2	0	0	0	0	0	2	29	0	2	0	0
hsa-miR-7109-3p	0	0	0	0	0	0	0	0	3	0	0	0	0
hsa-miR-6764-3p	0	0	0	0	0	0	0	0	9	0	2	2	0
hsa-miR-194-5p	27	44	48	21	12	30	13	165	654	168	38	39	11
hsa-miR-409-5p	36	65	37	9	36	51	41	22	552	82	61	43	22
hsa-miR-101-5p	0	0	0	0	0	0	0	7	24	4	2	2	0
hsa-miR-654-5p	81	112	54	45	86	38	56	18	810	110	54	63	31
hsa-miR-188-5p	0	3	4	2	0	3	0	5	45	13	2	3	2
hsa-miR-5588-5p	0	0	0	0	0	0	0	3	6	0	0	0	0
hsa-miR-30e-3p	672	1070	1124	889	289	949	622	2892	13675	2660	491	1255	606
hsa-miR-449a	0	0	0	0	0	0	0	0	2	0	0	2	0
hsa-miR-340-5p	97	123	174	106	59	313	75	457	2484	757	67	107	76
hsa-miR-153-3p	0	2	0	0	0	0	0	0	11	4	0	0	0
hsa-miR-5000-3p	0	0	0	0	0	0	0	0	5	2	0	0	0
hsa-miR-345-3p	0	0	0	0	0	0	0	0	2	0	0	0	0
hsa-miR-532-5p	208	276	524	304	170	268	149	1483	6287	1731	389	439	207
hsa-miR-106a-5p	0	3	10	0	2	5	0	13	78	23	6	0	2
hsa-miR-27a-5p	0	4	3	0	0	0	0	7	36	10	0	2	0
hsa-miR-590-3p	0	0	0	0	0	4	2	0	26	7	0	0	0
hsa-miR-10b-5p	1305	2370	2734	1834	1149	1249	1370	4332	23810	3308	1265	1527	1095
hsa-miR-548d-3p	0	0	0	0	0	0	0	0	5	0	0	0	0
hsa-miR-6511b-3p	2	3	2	2	2	3	4	0	58	2	4	0	5
hsa-miR-7110-3p	0	0	0	0	0	0	0	0	6	0	3	0	0
hsa-miR-125a-3p	6	0	9	2	0	5	2	8	90	24	2	4	2
hsa-miR-199a-5p	1610	2190	2180	1819	642	1934	849	3168	24027	4595	1481	2198	1179
hsa-miR-142-5p	9893	10830	28037	14299	4117	16206	5352	79116	291593	92653	14263	9661	6344
hsa-miR-550b-2-5p	0	0	0	0	0	0	0	0	2	0	0	0	0
hsa-miR-1233-5p	0	0	0	0	0	0	0	0	2	0	0	0	0
hsa-miR-1238-3p	0	0	2	0	0	0	0	0	4	0	0	0	0
hsa-miR-339-3p	708	1003	628	778	460	558	551	1190	9668	1391	629	898	640
hsa-miR-584-3p	0	0	0	2	0	0	0	2	18	2	0	0	0
hsa-miR-223-3p	4436	4616	7260	5501	2351	3456	2665	11225	65718	10428	4816	4561	3502
hsa-miR-219a-5p	0	0	0	0	0	0	0	0	8	2	0	0	0
hsa-miR-34a-5p	0	0	0	0	2	0	0	2	14	7	0	0	0
hsa-miR-371b-3p	0	0	0	0	0	0	0	0	3	0	0	0	0
hsa-miR-660-3p	0	0	0	2	0	0	0	2	13	4	0	0	0
hsa-miR-500a-3p	149	330	291	248	120	233	133	658	3812	728	296	382	126
hsa-miR-7849-3p	29	54	26	43	21	19	16	37	457	31	25	48	27
hsa-miR-497-5p	6	10	8	5	0	21	4	47	244	110	0	13	9
hsa-miR-136-5p	3	5	4	5	3	9	5	3	145	69	2	4	0
hsa-miR-194-3p	0	2	0	0	0	0	0	0	7	2	0	0	0
hsa-miR-212-5p	2	0	0	0	2	0	0	4	17	0	3	0	0
hsa-miR-3944-3p	0	0	0	0	0	0	0	0	2	0	0	0	0
hsa-miR-96-5p	2	0	2	0	0	3	5	24	83	33	6	2	3
hsa-miR-4494	0	0	0	0	0	0	0	0	2	2	0	0	0
hsa-miR-409-3p	4001	3948	2922	1917	3527	1901	4883	1476	37949	6413	2632	2155	1657
hsa-miR-101-3p	225	387	598	391	189	1093	211	2042	10155	4001	235	320	240
hsa-miR-6864-5p	0	0	0	0	0	0	0	0	2	0	0	0	0
hsa-miR-6503-5p	3	0	0	0	0	3	0	2	22	0	2	0	0
hsa-miR-654-3p	3027	3241	2357	1596	1774	1954	2492	1560	29873	5743	2708	1736	1360
hsa-miR-7151-3p	0	0	0	0	0	0	0	0	3	2	0	0	0
hsa-miR-299-5p	0	0	0	0	0	0	0	0	9	0	0	0	0
hsa-miR-183-5p	14	25	59	35	6	29	21	144	773	267	57	38	18
hsa-miR-188-3p	0	0	0	0	0	0	0	0	4	2	0	0	0
hsa-miR-5583-5p	0	0	0	0	0	0	0	0	3	0	0	0	0
hsa-miR-4690-3p	0	0	0	0	0	0	0	0	2	0	0	0	0
hsa-miR-6858-5p	0	0	0	0	2	0	0	0	5	0	0	0	0
hsa-miR-9903	0	0	0	0	0	0	0	0	11	0	2	0	0
hsa-miR-340-3p	12	42	24	26	6	12	16	63	349	16	38	32	25
hsa-miR-532-3p	30	24	35	29	22	7	20	49	374	43	38	14	23
hsa-miR-6747-3p	0	0	0	0	0	0	0	0	2	0	0	0	0
hsa-miR-27a-3p	816	815	1248	859	301	1458	491	3999	17349	4981	652	773	565
hsa-miR-369-5p	52	75	72	32	42	70	84	27	712	135	51	38	17
hsa-miR-550b-3p	0	2	0	0	0	0	0	0	20	6	0	2	0
hsa-miR-199a-3p	1701	1545	2446	1804	572	2245	877	6246	28454	7357	1075	1365	909
hsa-miR-374b-5p	92	148	182	177	21	160	55	1007	2890	651	103	168	59
hsa-miR-142-3p	119	195	184	159	108	524	101	989	4633	1569	122	298	109
hsa-miR-4707-3p	33	10	10	0	8	17	16	20	175	21	0	0	24
hsa-miR-26a-2-3p	0	0	0	0	0	0	0	0	4	2	0	0	0
hsa-miR-1233-3p	0	2	0	2	0	0	0	0	6	0	0	0	0
hsa-miR-3158-3p	3	19	4	6	5	5	12	9	135	17	18	9	5
hsa-miR-887-3p	0	2	0	0	0	0	0	0	6	0	0	0	0
hsa-miR-135a-5p	0	0	0	0	0	0	0	0	2	0	0	0	0
hsa-miR-410-3p	936	819	1053	487	341	1070	870	895	12967	4691	568	634	457
hsa-miR-6817-3p	0	2	0	0	0	0	0	0	3	0	0	0	0
hsa-miR-3613-5p	0	0	0	2	0	0	0	0	6	2	0	0	0
hsa-miR-181a-5p	25214	60150	64626	40754	26393	24787	21308	104132	583441	73347	55916	63068	22471
hsa-miR-136-3p	151	164	212	82	97	222	87	281	3147	1474	108	134	81
hsa-miR-328-3p	638	1001	529	849	510	260	401	596	7020	314	778	459	511
hsa-miR-381-3p	418	469	441	207	274	633	312	645	7464	3011	381	366	195
hsa-miR-6783-5p	0	0	0	0	0	0	0	0	2	0	0	0	0
hsa-miR-4479	0	0	0	0	0	2	0	0	5	0	0	0	0
hsa-miR-212-3p	0	8	3	6	0	0	0	5	51	6	3	3	2
hsa-miR-487b-5p	0	0	0	0	0	0	0	0	3	0	0	0	0
hsa-let-7f-5p	2145	3954	4261	4333	1870	9262	2677	11348	60474	13914	2427	2358	1549
hsa-miR-4473	0	0	0	0	0	0	0	0	6	0	0	0	0
hsa-miR-6503-3p	3	4	2	0	2	0	0	27	97	17	9	0	2
hsa-miR-4667-5p	0	0	0	0	0	0	0	0	10	0	0	0	2
hsa-miR-486-5p	151351	299400	219581	282854	156446	98746	138460	234584	2584208	294155	300084	181602	223471
hsa-miR-299-3p	5	4	7	0	0	7	0	7	88	38	3	0	0
hsa-miR-183-3p	0	0	0	0	0	0	0	2	5	0	0	0	0
hsa-miR-370-5p	0	3	0	0	0	0	0	0	13	2	0	0	0
hsa-miR-326	570	743	571	613	345	303	327	736	6828	592	704	568	617
hsa-miR-375-3p	100	216	33	92	44	30	55	103	1003	57	128	23	81
hsa-miR-3194-5p	2	0	0	0	0	2	0	2	20	8	0	2	2
hsa-miR-6742-3p	0	0	0	0	0	0	0	0	2	0	0	0	0
hsa-miR-4469	0	0	0	0	0	2	0	2	7	0	0	2	0
hsa-miR-556-5p	0	0	0	4	0	0	0	9	40	16	0	0	0
hsa-miR-369-3p	6	0	5	2	4	11	2	3	97	46	2	0	0
hsa-miR-6847-5p	4	3	7	4	2	2	2	0	56	10	0	2	0
hsa-miR-374b-3p	0	0	0	2	0	0	0	7	24	4	0	2	2
hsa-miR-20b-5p	0	6	10	4	0	2	0	27	108	41	3	2	0
hsa-miR-146b-5p	1376	5576	3275	2706	1217	1587	922	8105	38185	5887	2566	3547	1010
hsa-miR-135a-3p	0	0	0	0	0	0	0	0	21	0	2	0	0
hsa-miR-5187-3p	0	0	0	2	0	7	0	16	53	17	0	5	0
hsa-miR-548av-3p	0	0	0	0	0	0	0	0	1	0	0	0	0
hsa-miR-3613-3p	4	3	11	7	7	4	4	81	203	19	11	28	7
hsa-miR-10401-3p	2	7	2	4	2	2	2	4	69	2	5	3	9
hsa-miR-181a-3p	157	312	438	180	198	148	117	558	3404	556	301	255	103
hsa-miR-6894-5p	0	0	0	0	0	0	0	0	5	0	0	0	0
hsa-miR-6783-3p	0	0	0	0	0	0	0	0	4	0	2	0	0
hsa-miR-487b-3p	138	173	138	77	107	107	133	155	1700	278	107	128	52
hsa-let-7a-5p	2505	3527	4622	3952	1310	3889	2203	10265	47903	8716	2878	2008	1594
hsa-let-7f-1-3p	14	4	15	10	3	3	2	28	142	18	15	7	7
hsa-miR-7706	39	71	40	47	26	19	21	63	524	43	67	38	17
hsa-miR-7705	0	0	2	0	0	2	0	3	33	11	0	0	0
hsa-miR-6806-3p	0	0	0	0	0	0	0	0	3	0	0	0	0
hsa-miR-7704	2	9	5	4	5	4	0	19	82	18	2	5	0
hsa-miR-4454	0	0	0	0	0	0	0	0	3	0	0	0	0
hsa-miR-7703	0	0	2	0	0	0	0	0	8	0	0	0	0
hsa-miR-597-5p	0	0	0	0	0	0	0	2	2	0	0	0	0
hsa-miR-486-3p	188	896	261	786	216	112	172	328	4596	269	476	482	281
hsa-miR-3136-5p	0	0	0	0	0	0	0	0	2	0	0	0	0
hsa-miR-504-5p	0	3	2	0	2	0	0	0	16	0	2	0	0
hsa-miR-370-3p	101	149	125	49	83	164	50	91	2052	892	76	110	41
hsa-miR-509-3p	0	0	0	0	0	0	0	5	19	3	0	2	0
hsa-miR-3194-3p	0	0	0	2	0	2	0	2	14	4	0	0	2
hsa-miR-665	0	0	4	0	0	2	2	0	58	29	2	0	0
hsa-miR-1298-5p	0	0	0	0	0	0	0	0	2	0	0	0	0
hsa-miR-4732-5p	0	0	6	7	2	0	3	8	51	9	0	4	2
hsa-miR-5094	0	0	2	0	0	2	0	0	13	2	0	0	0
hsa-miR-4449	3	7	2	5	0	0	2	0	36	0	2	4	0
hsa-miR-551a	0	0	0	0	0	0	0	0	8	0	0	0	0
hsa-miR-556-3p	0	0	0	0	0	0	0	0	2	2	0	0	0
hsa-miR-1197	6	4	7	3	2	11	2	3	73	22	3	2	0
hsa-miR-4443	0	0	0	0	0	0	0	3	3	0	0	0	0
hsa-miR-6842-5p	4	2	0	3	0	0	0	2	20	2	0	0	0
hsa-miR-1193	0	0	0	4	0	0	0	0	4	0	0	0	0
hsa-miR-4440	0	0	0	0	0	0	0	0	3	0	0	0	0
hsa-miR-20b-3p	0	0	0	0	0	0	0	0	3	0	0	0	0
hsa-miR-146b-3p	129	211	229	163	113	90	61	386	2346	304	280	168	68
hsa-miR-2278	0	0	0	0	0	0	2	2	16	0	0	0	0
hsa-miR-545-5p	0	0	0	0	0	0	0	0	3	0	0	0	0
hsa-miR-3177-5p	0	0	0	0	0	0	0	2	6	0	0	0	0
hsa-miR-6836-5p	0	0	0	0	0	0	0	0	6	0	0	0	0
hsa-miR-2115-3p	2	0	0	0	0	0	0	2	6	0	0	0	0
hsa-miR-6894-3p	0	0	0	0	0	0	0	0	2	0	0	0	0
hsa-miR-155-5p	223	387	531	277	101	286	160	1488	5801	1330	336	283	184
hsa-let-7a-3p	32	15	29	30	2	31	7	69	383	72	24	29	8
hsa-miR-539-5p	0	3	0	0	0	0	0	0	17	8	0	0	0
hsa-miR-4435	45	34	33	42	14	21	9	35	414	36	41	24	25
hsa-miR-597-3p	0	0	0	0	0	0	0	0	2	0	0	0	0
hsa-miR-423-5p	47694	40824	36108	32691	24334	18298	31242	29765	396103	43397	22317	25315	42508
hsa-miR-22-5p	3	6	4	2	2	10	0	25	118	39	5	0	2
hsa-miR-24-2-5p	7	38	29	28	23	36	16	92	492	109	18	51	14
hsa-miR-6772-3p	0	13	6	7	5	0	8	4	83	2	4	6	8
hsa-miR-149-5p	0	0	0	0	0	0	0	4	31	8	0	4	3
hsa-miR-643	0	0	0	0	0	0	0	2	9	2	0	0	0
hsa-miR-1976	0	0	0	0	0	0	0	0	2	0	0	0	0
hsa-miR-641	0	9	5	5	2	8	5	34	153	28	0	8	4
hsa-miR-6516-5p	0	3	2	0	0	0	0	0	19	5	0	0	0
hsa-miR-4732-3p	12	15	2	12	9	2	17	4	137	9	22	4	7
hsa-miR-23b-5p	0	0	0	0	0	0	0	0	4	0	0	0	0
hsa-miR-6761-5p	0	0	0	0	0	0	0	2	2	0	0	0	0
hsa-miR-16-5p	17832	37451	41111	31230	8190	26578	12457	99522	451504	97094	31543	31200	16805
hsa-miR-1287-5p	31	17	27	18	9	21	11	22	296	71	11	23	20
hsa-miR-4785	7	11	14	26	8	6	3	25	221	57	17	16	10
hsa-miR-6842-3p	68	79	55	64	34	26	21	57	656	59	63	65	45
hsa-miR-4422	0	0	0	0	0	0	0	0	4	0	0	0	0
hsa-miR-3135a	0	2	0	0	0	0	0	0	10	0	0	0	0
hsa-miR-376a-5p	11	8	17	0	0	7	2	5	121	31	7	7	2
hsa-miR-6755-5p	0	0	0	0	0	0	0	0	2	0	0	0	0
hsa-miR-545-3p	0	0	0	0	0	0	0	0	4	2	0	0	0
hsa-miR-636	0	0	0	0	0	0	0	0	9	2	0	0	0
hsa-miR-3177-3p	19	32	33	24	9	12	11	24	277	20	12	15	17
hsa-miR-632	0	0	0	0	0	0	0	0	4	0	2	0	0
hsa-miR-30b-5p	923	1305	1832	1305	620	1046	1195	3915	19617	3487	1424	1638	767
hsa-miR-219a-1-3p	2	11	5	5	4	2	2	2	72	10	9	2	2
hsa-miR-150-5p	10856	20144	27366	23920	13675	10497	5440	52983	256833	29988	46308	9872	4788
hsa-miR-342-5p	165	222	225	223	135	127	76	498	2915	553	259	154	72
hsa-miR-3690	3	2	0	0	0	0	0	0	17	0	7	0	0
hsa-miR-6780a-5p	0	0	0	0	0	0	0	2	6	0	0	0	0
hsa-miR-539-3p	0	6	4	2	2	12	2	4	75	26	2	0	0
hsa-miR-548a-5p	0	0	0	0	0	0	0	0	2	0	0	2	0
hsa-miR-4775	2	2	3	3	3	2	0	2	26	5	0	3	0
hsa-miR-423-3p	9474	11787	7507	9443	7128	4871	8389	7566	96544	7300	8474	5720	7987
hsa-miR-615-3p	0	0	0	0	0	0	2	0	5	0	0	0	0
hsa-miR-22-3p	79119	105260	102943	88256	61316	79698	62196	188406	1365538	336661	56559	118384	86282
hsa-miR-144-5p	4	8	10	7	3	38	7	56	288	105	10	16	2
hsa-miR-4762-5p	0	2	0	0	0	0	0	4	14	0	0	0	0
hsa-miR-889-5p	2	0	0	0	0	0	0	0	5	2	0	0	0
hsa-miR-412-5p	0	11	0	0	8	4	6	0	53	9	8	5	0
hsa-miR-15a-5p	241	273	577	448	109	726	182	2476	9260	3067	364	359	300
hsa-miR-6819-5p	0	0	0	0	0	0	0	0	2	0	0	0	0
hsa-miR-7106-3p	0	2	0	0	0	0	0	0	2	0	0	0	0
hsa-miR-3120-5p	0	2	0	0	2	0	0	0	24	0	0	2	0
hsa-miR-6516-3p	0	0	0	0	0	0	0	0	5	0	0	0	0
hsa-miR-3684	0	0	2	4	0	0	2	2	18	3	0	2	0
hsa-miR-208b-3p	0	0	0	0	0	0	0	0	2	0	0	0	0
hsa-miR-3678-3p	0	0	0	0	0	0	0	0	4	0	2	0	0
hsa-miR-23b-3p	79	267	102	144	95	124	150	522	2622	254	181	453	100
hsa-miR-138-5p	0	4	6	2	0	0	2	9	37	8	2	0	2
hsa-miR-191-5p	139664	304530	186494	184405	96979	87944	88449	238834	2060057	248356	143889	199991	139382
hsa-miR-184	0	2	0	0	0	0	4	7	28	0	0	0	10
hsa-miR-4767	0	0	4	0	0	2	2	0	31	0	0	0	4
