name	SRX2035111	SRX2035110	SRX2035113	SRX2035112	SRX2035098	SRX2035099	SRX2035094	SRX2035095	SRX2035096	SRX2035097	SRX2035090	SRX2035091	SRX2035092	SRX2035093	SRX2035102	SRX2035103	SRX2035100	SRX2035101	SRX2035106	SRX2035107	SRX2035104	SRX2035105	SRX2035108	SRX2035109	SRX2035083	SRX2035082	SRX2035087	SRX2035086	SRX2035085	SRX2035084	SRX2035089	SRX2035088
hsa-miR-451a	1107	1547	719	1462	398	9779	163	545	1537	1017	332	396694	371	176	1365	935	39	787	438	669	914	973	802	1530920	386660	357079	195	1462	277	461	724	784	2701331.0
hsa-let-7f-5p	2452	38	26	3090	1049	4511	100	887	450	164	41	52513	43	79	106	582	633	69	565	1501	162	145	325	169660	68216	60160	33	1043	52	3333	98	76	372201.26
hsa-miR-486-5p	1429	2201	684	1794	76	2392	25	78	228	98	29	69107	52	18	183	1362	4	117	69	1044	1352	181	1458	152660	62916	61634	37	219	43	102	1125	106	362823.0
hsa-miR-101-3p	505	39	0	182	297	4753	61	2249	565	158	92	69379	54	187	151	39	466	118	251	1501	6	154	37	114268	68714	70739	38	415	115	1292	9	77	336911.0
hsa-miR-21-5p	14894	144	90	4357	3170	19415	1215	7478	5999	922	1360	28630	41	860	144	1062	3401	63	2712	15684	286	183	1078	139004	25397	29207	276	12736	4011	10165	98	73	334155.0
hsa-let-7i-5p	5011	223	36	1313	196	3886	43	758	317	147	68	40982	25	50	102	187	198	50	149	2121	77	107	175	152185	41237	43989	19	437	46	842	56	42	295067.0
hsa-let-7g-5p	1580	75	22	1277	452	2144	31	733	392	113	20	45406	28	102	63	158	412	50	472	3248	58	120	94	92358	48268	50033	33	508	52	1868	42	39	250251.51
hsa-miR-144-3p	4	4	0	7	32	533	13	29	152	35	12	62201	21	10	103	2	0	75	12	0	0	76	0	62346	36967	56868	13	57	28	53	0	48	219701.0
hsa-miR-148a-3p	3954	188	43	2921	5789	2133	115	9234	3066	619	271	11051	11	396	75	282	10261	12	3996	48096	79	189	521	43278	8353	10038	14	1997	229	44228	62	46	211544.0
hsa-miR-92a-3p	1173	574	177	754	71	324	31	321	301	51	16	51833	26	59	69	373	15	49	109	610	382	143	376	38113	43405	51573	14	137	30	230	292	36	191667.0
hsa-let-7a-5p	2742	28	30	3771	1354	1388	45	386	407	50	28	22630	13	78	46	1609	561	27	907	3051	545	77	907	44619	27604	28156	20	529	37	4360	326	16	146345.71999999997
hsa-miR-203a-3p	6794	570	30	746	59	226	2204	3476	7890	420	659	82	7	465	24	11760	53	8	91	473	3436	137	11002	57587	2	2	196	11402	522	203	2199	6	122731.0
hsa-miR-26a-5p	1080	41	15	1707	468	1176	37	1746	757	100	51	18641	14	340	54	379	554	44	1020	2918	114	57	320	30888	18838	28891	17	531	48	2608	96	28	113578.0
hsa-miR-103a-3p	109	14	6	83	90	611	40	226	262	27	12	29754	16	41	63	43	86	62	129	961	17	83	27	21641	25362	32618	34	305	52	347	8	31	113156.26000000001
hsa-miR-22-3p	1233	258	84	646	186	309	177	261	509	37	109	16761	7	45	49	1486	126	25	558	4775	731	74	2116	19593	23554	22103	333	1239	124	742	408	25	98683.0
hsa-miR-25-3p	219	96	23	123	38	703	12	342	142	32	12	22993	13	39	54	61	30	33	44	171	45	66	44	20201	22139	23428	6	68	20	193	38	22	91450.0
hsa-miR-191-5p	188	154	54	247	49	231	35	569	173	34	8	23022	12	110	36	117	60	35	101	552	87	51	75	11972	20138	22855	37	90	26	321	70	41	81550.0
hsa-miR-140-3p	88	54	13	66	77	857	15	1171	136	97	5	17314	7	74	36	50	38	26	48	448	25	37	39	32967	13278	14148	24	85	20	230	33	20	81526.0
hsa-miR-16-5p	44	5	2	14	31	644	24	215	163	50	26	15158	11	28	24	16	12	23	23	70	4	44	8	30213	13962	16975	11	131	16	30	2	11	77990.0
hsa-miR-142-5p	52	17	8	19	12	236	8	256	150	9	26	17437	10	60	43	11	0	34	16	31	16	54	11	20055	15521	17971	4	42	13	27	11	17	72177.0
hsa-miR-185-5p	94	35	2	57	18	397	9	61	28	11	6	21445	9	9	27	9	12	21	7	207	5	53	5	13998	16381	18886	25	68	15	57	8	18	71981.5
hsa-let-7b-5p	6129	128	20	2718	508	467	38	178	374	32	30	5851	3	10	8	1629	363	10	325	8099	816	19	1473	21248	7019	7789	56	376	79	2643	521	9	68966.66000000002
hsa-miR-30d-5p	4264	97	16	1412	199	510	71	314	80	28	9	15018	8	37	31	99	202	10	321	3536	93	33	72	11331	12816	13412	11	203	46	1361	52	16	65707.0
hsa-miR-30e-5p	610	28	0	170	78	422	58	606	217	28	27	16462	6	102	28	52	77	16	249	1148	12	36	39	13366	12577	14413	7	317	22	388	9	9	61578.0
hsa-miR-126-3p	7	2	0	11	9	270	2	8	41	10	0	15329	6	4	23	3	4	11	10	25	0	37	16	10953	14098	18731	7	16	4	23	0	15	59675.0
hsa-miR-20a-5p	63	0	0	20	19	225	13	35	72	7	6	14220	6	13	15	6	8	16	22	61	2	22	0	10098	9728	14287	9	119	4	27	2	11	49136.34
hsa-miR-363-3p	40	19	4	51	120	69	2	4	34	8	0	13807	4	0	19	5	131	15	31	1694	4	25	4	6934	11557	13265	2	14	10	812	5	6	48695.0
hsa-miR-26b-5p	226	3	0	248	165	470	13	444	189	33	48	3541	4	71	18	78	213	6	352	1434	9	13	24	31272	3420	4144	4	157	2	748	12	3	47363.5
hsa-miR-10b-5p	13330	1605	4	9131	1205	740	64	0	57	2	50	14	0	0	2	9	1007	0	1115	2372	2	0	21	4432	2	3	8	289	8	4010	8	0	39490.0
hsa-miR-106b-3p	25	30	2	8	2	187	2	37	30	6	0	8771	7	5	20	5	0	10	6	82	6	22	4	10350	7932	8546	2	13	2	25	0	7	36144.0
hsa-miR-320a-3p	602	994	1023	386	47	153	66	129	181	14	84	4696	3	18	12	418	20	3	58	2776	450	20	643	12701	4479	4646	379	289	79	222	99	2	35691.840000000004
hsa-miR-144-5p	5	0	0	0	10	183	2	2	17	3	3	7535	10	4	12	0	0	12	2	0	4	15	0	10123	8939	8110	0	12	5	7	2	13	35030.0
hsa-miR-99a-5p	5265	1760	168	2145	457	86	122	125	541	15	49	275	0	20	5	256	690	0	582	7605	158	4	422	5861	280	335	127	925	64	3666	75	5	32085.5
hsa-miR-93-5p	45	10	4	8	25	238	6	82	61	6	4	7827	0	15	18	12	17	15	24	205	8	19	21	9252	6434	7570	10	79	2	45	5	12	32079.0
hsa-miR-192-5p	1880	271	0	1414	46	164	2	146	25	7	0	5106	4	12	18	9	38	5	35	209	6	17	22	10564	5609	5865	0	17	2	148	5	4	31649.0
hsa-miR-27b-3p	1229	19	2	722	178	1041	97	1353	2115	128	278	2058	4	188	8	615	176	5	167	943	126	72	637	12230	1982	2142	71	2004	74	687	107	4	31454.5
hsa-miR-30a-5p	12581	560	8	3985	711	797	11	47	41	7	2	81	0	6	0	147	1114	0	753	5352	54	5	57	1120	59	68	0	26	0	2439	12	0	30043.0
hsa-miR-186-5p	60	32	3	42	22	99	4	89	67	10	9	7011	6	22	12	12	19	9	73	818	2	12	14	8508	5760	6247	6	54	8	127	4	3	29164.0
hsa-miR-375-3p	890	91	856	1639	345	5	130	164	109	16	2	0	0	24	4	16	880	0	395	17952	8	2	12	1077	0	0	113	449	38	3509	5	0	28731.0
hsa-miR-7-5p	173	27	0	70	43	407	15	171	28	6	0	4855	2	3	11	5	52	3	38	208	2	3	8	10117	5666	4092	0	88	7	151	0	4	26254.980000000003
hsa-miR-200b-3p	3188	557	36	1315	796	127	176	187	223	28	29	15	2	31	6	158	821	0	962	5735	91	4	78	4504	6	7	16	1567	149	4419	40	0	25273.0
hsa-miR-17-5p	18	0	0	11	5	110	0	11	30	0	4	7496	0	0	8	0	6	7	19	72	0	14	0	4707	4859	6877	2	32	5	27	0	2	24320.839999999997
hsa-miR-181a-5p	237	69	2	106	9	126	2	104	72	4	4	8050	0	27	5	37	0	9	25	15	13	9	35	5023	3634	5974	6	33	12	5	9	4	23659.5
hsa-miR-182-5p	22	16	2	32	226	411	9	39	14	4	0	1947	0	2	4	66	319	4	193	831	26	14	36	6174	5960	4623	3	121	22	986	13	4	22123.0
hsa-miR-200a-3p	1782	80	17	702	1047	86	65	108	262	10	55	5	0	29	0	75	858	0	1281	8429	27	0	50	1493	0	0	14	986	55	3842	10	0	21367.5
hsa-miR-532-5p	687	61	0	226	41	93	6	62	39	13	2	5372	0	4	12	23	28	2	46	267	16	10	21	6310	3827	3953	2	38	11	131	6	2	21311.0
hsa-miR-10a-5p	8382	583	3	4859	505	496	20	3	94	0	12	153	0	0	0	4	222	0	565	1161	9	0	22	2082	231	125	4	154	9	735	2	0	20435.0
hsa-miR-27a-3p	134	7	0	102	31	168	29	632	587	56	134	3261	0	212	10	472	9	8	55	296	98	24	499	4841	3512	4143	10	494	6	89	72	3	19986.5
hsa-miR-378a-3p	1345	522	80	401	6	124	130	279	356	24	16	2205	0	26	7	31	12	4	16	1150	38	18	102	6721	2092	1541	509	751	404	123	7	2	19040.95
hsa-miR-423-5p	287	191	12	239	66	66	8	92	35	18	5	2973	0	11	2	30	34	0	28	1621	28	17	105	4205	3737	3609	17	35	9	416	22	2	17920.0
hsa-miR-151a-3p	718	412	2	345	192	271	18	60	40	7	0	2841	0	2	8	4	250	0	111	1539	6	8	18	4675	2380	2479	9	90	28	1236	4	2	17755.0
hsa-miR-148b-3p	126	6	4	95	120	225	0	242	53	8	7	3017	2	5	2	0	209	3	114	698	5	6	18	5182	3076	3245	2	26	4	663	0	3	17163.0
hsa-miR-423-3p	921	507	69	616	12	17	22	128	81	6	6	3076	0	29	2	82	12	3	34	1385	60	10	155	2419	2999	3905	14	47	32	192	22	0	16863.0
hsa-miR-200c-3p	3001	137	33	885	290	233	149	110	348	18	75	20	0	41	0	188	387	0	738	2162	144	0	157	4269	30	20	18	1075	61	2194	60	2	16845.0
hsa-let-7d-5p	91	0	0	146	15	60	0	17	17	6	2	3643	2	2	3	18	6	2	15	127	6	6	20	3339	4109	4159	0	22	2	46	2	0	15880.8
hsa-miR-143-3p	115	15	0	32	3	2189	62	3291	224	170	92	649	0	148	13	4	0	0	5	2	0	30	67	6617	582	374	2	35	4	5	0	0	14730.0
hsa-miR-106b-5p	8	12	0	2	0	33	4	6	14	0	8	4055	2	2	4	16	0	3	4	89	3	7	32	2763	3241	3674	2	10	2	8	3	3	14010.0
hsa-miR-146b-5p	193	45	0	135	154	948	6	118	52	10	11	1547	0	18	4	67	118	0	143	663	34	0	85	4842	1054	873	2	58	21	296	3	0	11498.5
hsa-miR-223-3p	12	3	0	4	0	1221	89	3770	511	474	53	461	0	609	6	4	0	0	3	0	2	15	0	2835	478	380	10	70	2	0	0	2	11014.0
hsa-miR-15b-5p	0	0	0	0	0	116	0	22	26	4	2	2721	0	5	3	5	0	5	2	4	0	8	0	2589	2761	2724	0	2	2	6	0	2	11009.0
hsa-miR-183-5p	40	2	0	54	69	101	2	24	11	3	0	1280	0	3	3	59	63	4	48	224	18	2	25	1894	3722	2926	2	48	2	269	13	3	10914.0
hsa-let-7c-5p	1181	8	2	849	440	32	12	34	146	4	11	470	0	6	1	305	218	0	148	1668	102	1	217	1437	609	580	22	159	21	1333	59	0	10073.119999999999
hsa-miR-205-5p	423	30	0	7	2	10	139	513	1690	73	129	15	0	132	0	275	0	0	47	116	162	76	684	3867	0	0	128	1286	134	7	42	0	9987.0
hsa-miR-19b-3p	8	2	0	2	24	96	4	157	31	10	2	1629	0	9	2	0	49	2	52	367	0	0	0	3923	1125	1563	8	72	0	75	0	2	9214.0
hsa-miR-16-2-3p	12	7	2	25	0	50	0	9	4	4	2	128	0	2	0	0	0	0	0	6	2	0	0	8347	176	129	0	3	0	2	2	0	8912.0
hsa-miR-128-3p	201	28	0	179	0	4	0	32	12	0	0	2789	0	3	4	10	0	2	2	12	4	4	11	311	2407	2764	0	3	0	16	0	2	8800.0
hsa-miR-107	11	4	0	1	1	22	0	4	25	1	1	2010	1	1	2	7	3	6	6	142	1	4	6	1307	2186	2366	1	6	1	11	1	3	8144.629999999999
hsa-miR-20b-5p	0	2	0	2	26	18	0	0	11	0	0	2035	2	0	0	0	20	3	43	207	0	4	0	1641	1421	1995	0	0	0	55	0	2	7486.66
hsa-miR-24-3p	383	8	3	122	25	120	20	432	298	31	10	764	0	79	0	149	25	0	42	616	59	16	175	1477	1001	1145	4	316	18	107	20	0	7465.0
hsa-miR-30c-5p	155	14	0	219	35	97	6	144	14	15	0	996	0	21	0	18	23	0	83	161	16	0	16	3284	732	980	0	25	2	153	6	0	7213.98
hsa-miR-340-5p	64	0	0	19	21	115	3	220	64	6	18	1355	0	31	0	7	22	2	20	107	0	2	0	2433	1295	1277	0	47	0	73	2	2	7205.0
hsa-miR-425-5p	18	11	3	8	2	22	0	37	10	5	0	1581	0	2	2	0	4	2	2	82	10	4	17	1804	1759	1664	0	7	2	15	3	0	7076.0
hsa-miR-142-3p	0	0	0	0	0	45	8	58	22	2	0	2056	0	18	0	2	0	2	0	0	0	0	0	1208	1392	2119	0	2	6	0	0	2	6942.0
hsa-miR-221-3p	535	25	0	42	7	60	25	103	315	7	39	899	0	34	0	128	0	0	21	108	29	8	188	1429	1083	791	14	527	14	13	18	2	6464.0
hsa-miR-484	28	17	7	14	0	7	0	7	5	2	0	1895	0	0	0	11	0	4	2	19	9	3	17	543	1915	1906	0	0	2	6	7	0	6426.0
hsa-miR-30e-3p	43	13	2	63	58	83	2	278	35	8	2	1191	0	19	4	6	38	2	31	96	1	6	2	1578	1199	1237	0	15	0	192	0	0	6200.5
hsa-miR-30b-5p	4	0	0	5	28	64	15	49	10	8	3	323	0	0	2	12	35	2	61	460	0	2	14	4276	231	262	0	45	0	152	0	0	6063.99
hsa-miR-23a-3p	130	5	0	2	35	105	19	671	260	71	45	338	0	71	0	193	11	2	60	431	45	27	247	1713	576	546	8	213	9	109	10	2	5946.0
hsa-miR-100-5p	1076	463	9	720	83	153	0	14	18	0	5	29	0	0	0	11	65	0	73	463	11	2	50	921	1311	25	2	11	0	290	14	2	5818.5
hsa-miR-194-5p	291	2	0	97	0	31	0	0	5	0	0	1335	0	0	0	2	0	2	3	24	0	4	2	947	1316	1361	0	6	0	5	2	2	5437.0
hsa-miR-652-3p	17	2	0	0	2	13	0	17	4	2	0	1072	0	0	2	8	0	0	4	441	4	2	13	1556	930	935	4	11	0	32	2	0	5073.0
hsa-miR-320b	26	184	47	35	0	5	3	3	3	0	9	206	0	0	0	663	2	0	5	590	728	0	947	559	288	237	21	6	1	39	159	0	4764.860000000001
hsa-miR-660-5p	61	0	0	15	18	23	2	11	45	3	4	875	0	3	3	10	4	2	30	97	6	2	12	1476	622	737	0	69	0	13	0	0	4143.0
hsa-miR-126-5p	0	0	0	2	0	17	0	0	0	0	0	952	0	0	3	0	0	2	0	2	0	2	0	1029	858	1245	0	0	0	0	0	0	4112.0
hsa-miR-146a-5p	134	16	3	102	26	46	2	63	8	3	7	236	0	8	0	10	4	0	46	1412	2	5	122	978	340	288	0	4	2	52	2	0	3919.5
hsa-miR-15a-5p	0	0	0	0	0	7	0	2	4	0	0	945	0	0	0	0	0	0	0	4	0	0	0	766	899	1072	0	0	0	0	0	0	3699.0
hsa-miR-3615	16	17	4	8	0	4	0	5	0	0	0	993	0	6	3	4	0	4	0	5	9	0	4	312	1107	1182	0	0	0	0	2	0	3685.0
hsa-miR-941	25	5	0	8	6	15	0	87	12	2	0	767	0	9	0	2	9	0	0	49	0	2	0	1011	794	631	7	18	8	37	0	2	3506.25
hsa-miR-98-5p	265	0	0	144	19	37	3	20	8	0	0	449	0	0	2	6	22	0	18	73	0	0	3	1102	567	583	0	29	2	63	3	0	3418.5500000000006
hsa-miR-374b-5p	3	0	0	2	32	63	0	53	10	5	0	293	0	2	0	2	28	0	51	142	0	4	0	1779	343	352	0	17	0	182	0	0	3363.0
hsa-miR-23b-3p	90	5	0	4	65	37	7	107	134	11	25	131	0	10	0	129	34	0	98	535	36	6	182	823	196	214	4	183	15	254	5	0	3332.0
hsa-miR-29a-3p	149	0	0	61	37	71	3	95	71	5	21	423	2	18	0	65	32	0	130	575	8	9	34	577	335	315	2	60	5	208	6	0	3316.01
hsa-miR-106a-5p	4	0	0	3	3	10	0	0	2	0	0	960	0	0	0	0	4	0	24	198	0	0	0	500	639	902	0	0	0	26	0	0	3274.16
hsa-miR-99b-5p	789	103	0	534	28	56	2	22	5	0	0	78	0	2	0	11	44	0	39	354	9	0	5	746	92	83	2	9	3	229	0	0	3245.0
hsa-miR-374a-5p	0	0	0	0	7	14	0	5	13	0	0	751	0	0	0	2	4	0	17	58	0	3	0	732	762	826	0	11	0	22	0	3	3230.0
hsa-miR-629-5p	94	15	0	17	5	14	3	59	28	13	0	505	0	0	2	10	12	0	7	250	11	3	36	921	418	380	20	40	15	59	0	0	2937.0
hsa-miR-222-3p	176	10	0	101	0	12	9	22	60	2	5	467	0	2	2	4	0	0	9	27	2	7	26	779	531	366	7	87	8	0	2	0	2723.0
hsa-miR-125b-5p	386	53	14	121	26	32	15	7	45	0	3	31	0	4	0	28	27	0	52	449	39	0	49	767	157	35	32	104	15	204	23	0	2718.0
hsa-miR-32-5p	0	0	0	0	0	13	0	8	9	0	0	559	0	0	0	2	3	0	7	23	0	2	0	859	443	547	0	6	0	7	0	0	2488.0
hsa-miR-361-3p	63	26	2	24	4	18	0	35	6	0	0	447	0	4	0	6	14	0	2	136	3	2	9	622	423	461	0	6	0	79	0	0	2392.0
hsa-miR-30a-3p	892	165	0	785	31	7	0	2	5	0	2	22	0	0	0	2	8	0	23	91	1	0	2	79	29	37	0	0	0	49	4	0	2232.5
hsa-miR-125a-5p	815	119	4	446	6	16	2	0	2	0	0	79	0	4	0	21	4	0	14	164	22	0	12	239	87	67	0	6	0	80	5	0	2214.0
hsa-miR-150-5p	5	9	0	4	0	33	0	5	4	0	0	598	0	2	0	2	0	0	2	6	4	2	5	758	306	409	0	3	0	0	5	0	2162.0
hsa-miR-454-3p	0	0	0	0	0	5	0	2	0	0	0	508	0	0	0	0	0	0	0	0	0	3	0	284	615	606	0	0	0	0	0	0	2023.0
hsa-miR-141-3p	15	1	0	9	28	18	0	5	28	0	5	0	0	3	0	5	37	0	92	1408	0	0	3	99	0	2	0	29	4	192	0	0	1982.5
hsa-miR-15b-3p	2	0	0	2	0	7	0	2	0	0	0	200	0	0	3	0	0	0	0	0	0	0	0	1384	204	172	0	2	0	0	0	0	1978.0
hsa-miR-210-3p	28	10	0	0	0	8	61	11	127	0	0	137	0	4	0	0	3	0	4	134	2	0	8	490	102	275	209	272	44	15	0	0	1944.0
hsa-miR-320c	10	81	14	16	0	0	0	0	0	0	3	39	0	0	0	325	0	0	0	169	403	0	538	127	56	58	1	1	0	14	79	0	1933.04
hsa-miR-19a-3p	7	0	0	0	0	6	0	5	5	0	0	459	0	2	0	0	0	0	0	12	0	0	0	498	375	422	0	0	0	0	0	0	1791.0
hsa-miR-199a-3p	4	0	0	0	0	214	0	25	6	1	19	217	0	6	0	0	0	0	0	7	0	0	5	764	283	197	0	0	0	0	0	0	1749.02
hsa-miR-374a-3p	0	0	0	0	12	17	0	14	2	0	0	255	0	0	0	0	19	0	4	12	0	0	0	783	281	281	0	8	0	26	0	0	1714.0
hsa-miR-152-3p	200	2	0	51	12	86	2	15	30	5	2	80	0	0	0	0	49	0	42	488	0	0	0	320	105	58	0	42	15	108	0	0	1712.0
hsa-miR-29b-3p	0	0	0	2	7	5	0	0	5	0	0	280	0	0	0	1	3	0	24	124	0	0	3	313	559	350	0	0	0	23	0	0	1699.34
hsa-miR-429	262	35	2	124	37	13	9	14	36	2	11	2	0	0	0	17	37	0	139	352	4	0	7	256	0	2	0	142	3	178	0	0	1684.0
hsa-miR-584-5p	22	8	0	10	0	0	0	0	2	0	0	535	0	0	0	0	0	0	0	2	0	0	0	272	355	445	0	2	0	0	0	0	1653.0
hsa-miR-28-3p	204	28	0	76	25	38	2	67	6	0	0	78	0	0	0	0	39	0	26	430	0	0	0	239	64	62	2	14	15	212	0	0	1627.0
hsa-miR-1180-3p	71	41	8	41	0	0	0	0	0	0	0	367	0	0	0	0	0	0	0	63	0	0	5	156	362	383	0	0	0	0	0	0	1497.0
hsa-miR-193b-3p	7	2	0	0	0	0	102	3	15	0	0	2	0	0	0	13	0	0	3	136	6	0	21	1013	0	0	73	85	5	9	0	0	1495.0
hsa-miR-1307-3p	169	230	92	75	0	2	0	10	2	0	0	145	0	0	0	0	2	0	2	75	0	0	25	167	199	250	0	0	2	2	0	0	1449.0
hsa-miR-96-5p	3	0	0	2	4	3	0	2	2	0	0	144	0	0	2	6	4	0	13	113	0	0	2	174	416	403	0	12	0	17	0	0	1322.0
hsa-miR-92b-3p	25	0	0	19	0	0	0	2	0	0	0	311	0	0	0	0	0	0	0	4	0	0	0	219	294	393	0	0	0	0	0	0	1267.0
hsa-miR-500a-3p	50	1	0	9	0	7	2	4	2	0	0	268	0	0	0	2	0	1	3	31	2	0	0	418	216	228	0	9	0	6	0	0	1257.0
hsa-miR-18a-5p	0	0	0	0	0	2	0	0	0	0	0	411	0	0	0	1	0	0	2	0	0	0	0	221	293	326	0	0	0	0	0	0	1255.0
hsa-miR-501-3p	58	9	0	14	0	0	0	2	0	0	0	301	0	0	0	2	0	0	0	14	0	0	3	224	310	260	3	2	0	2	0	0	1204.0
hsa-miR-744-5p	43	23	0	22	2	3	2	18	3	0	0	175	0	5	0	10	2	0	7	149	6	0	18	170	248	222	5	7	0	31	2	0	1173.0
hsa-miR-3662	0	0	0	0	0	0	0	0	4	0	0	0	0	0	0	0	0	0	0	0	0	0	0	1073	0	0	0	0	0	0	0	0	1077.0
hsa-let-7d-3p	41	2	0	81	0	5	0	10	3	3	0	171	0	2	0	2	0	0	0	5	0	2	0	398	185	147	0	2	0	2	0	0	1061.0
hsa-miR-3158-3p	0	0	0	2	0	6	0	0	0	0	0	239	0	0	0	0	0	0	0	2	2	0	0	225	311	231	0	0	0	0	0	0	1018.0
hsa-miR-3182	36	75	3	6	4	0	6	2	3	0	0	5	0	0	0	7	2	0	0	135	6	0	11	682	3	5	2	15	0	2	0	0	1010.0
hsa-miR-378c	29	10	3	7	0	5	7	10	11	0	2	187	0	1	0	0	0	0	0	60	0	0	3	226	182	116	89	32	21	8	0	0	1007.95
hsa-miR-204-5p	404	29	0	510	0	0	0	0	0	0	0	0	0	0	0	0	0	0	0	8	0	0	0	2	0	0	0	0	0	14	0	0	967.0
hsa-miR-891a-5p	0	0	0	4	217	0	0	0	0	0	0	0	0	0	0	0	97	0	375	137	0	0	0	5	0	0	0	0	0	119	0	0	954.0
hsa-miR-140-5p	6	0	0	4	2	12	0	42	2	0	0	254	0	5	0	0	0	0	2	22	0	0	2	178	197	221	0	2	0	2	0	0	953.0
hsa-miR-502-3p	8	1	0	2	3	3	0	1	4	0	0	217	0	0	0	0	2	1	9	13	0	0	0	284	176	203	0	4	0	5	0	0	934.0
hsa-miR-199a-5p	0	0	0	0	0	82	0	0	0	0	2	177	0	0	0	0	0	0	2	0	0	0	9	209	259	181	0	0	0	0	0	0	921.0
hsa-miR-197-3p	7	2	0	2	0	7	21	55	4	8	0	91	0	2	0	0	0	0	0	33	2	0	3	472	87	76	8	24	4	7	2	0	917.0
hsa-miR-135a-5p	14	0	0	14	40	0	0	0	0	0	0	0	0	0	0	0	38	0	68	601	0	0	0	8	3	7	0	0	0	121	0	0	914.0
hsa-miR-181b-5p	113	11	0	43	2	5	0	4	3	0	2	200	0	0	0	2	0	0	0	4	0	0	5	206	115	195	0	0	0	0	2	0	911.5
hsa-miR-1246	11	294	0	69	0	0	0	330	0	22	0	0	47	35	2	10	2	0	0	6	2	2	33	37	0	0	0	4	0	0	4	0	910.0
hsa-let-7e-5p	84	3	0	163	19	15	0	0	0	0	0	46	0	0	0	9	14	0	7	80	0	0	7	215	83	62	0	0	0	95	0	0	902.4
hsa-miR-181a-2-3p	5	5	0	10	2	2	0	3	0	0	0	172	0	0	0	11	0	0	0	0	5	0	11	304	163	194	0	2	0	0	9	0	898.0
hsa-miR-34c-5p	0	0	0	0	141	27	3	2	10	0	0	0	0	0	0	0	186	0	177	3	0	0	0	326	0	0	0	0	0	0	0	0	875.0
hsa-miR-199b-3p	2	0	0	0	0	107	0	13	3	1	9	108	0	3	0	0	0	0	0	3	0	0	3	381	142	99	0	0	0	0	0	0	873.01
hsa-miR-155-5p	4	0	0	32	14	9	0	4	2	0	0	73	0	0	0	0	17	0	33	88	0	0	0	315	77	99	0	0	0	94	0	0	861.0
hsa-miR-425-3p	0	3	0	0	0	4	0	17	2	0	0	176	0	0	0	0	2	0	0	20	0	0	0	203	223	206	0	0	0	4	0	0	860.0
hsa-miR-199b-5p	0	0	0	0	0	77	0	90	13	4	9	38	0	8	0	0	0	0	0	0	0	0	2	488	71	48	0	5	0	0	0	0	853.0
hsa-miR-223-5p	58	10	0	2	0	39	0	181	16	6	0	77	0	15	0	0	0	0	0	0	0	0	0	255	86	68	0	0	0	2	0	0	815.0
hsa-miR-503-5p	2	0	0	0	0	0	0	2	0	0	0	267	0	0	0	0	0	0	0	0	0	0	0	239	156	111	0	0	0	0	0	0	777.0
hsa-miR-148a-5p	2	3	0	0	14	3	0	16	2	0	0	25	0	0	0	0	27	0	22	378	0	0	0	83	10	14	6	10	3	152	0	0	770.0
hsa-miR-29c-3p	5	0	0	0	2	0	0	5	2	0	0	111	0	0	0	1	4	0	6	171	0	0	1	105	163	158	0	0	0	23	0	0	756.67
hsa-miR-576-5p	0	0	0	0	0	0	0	4	0	0	0	177	0	0	0	0	0	0	0	0	0	0	0	182	185	154	0	0	0	0	0	0	702.0
hsa-miR-769-5p	5	14	4	6	6	4	4	27	6	0	0	39	0	2	0	4	11	0	10	261	0	0	2	149	20	41	7	7	0	44	0	0	673.0
hsa-miR-196b-5p	22	2	0	36	2	6	0	0	0	0	0	68	0	0	0	0	4	0	8	169	0	0	0	126	80	113	0	2	0	19	0	0	657.0
hsa-miR-3613-5p	3	0	0	2	0	2	5	9	2	0	0	150	0	0	0	0	0	0	0	2	0	0	0	179	132	154	0	0	0	0	0	0	640.0
hsa-miR-148b-5p	0	0	0	0	0	6	0	0	0	0	0	180	0	0	0	0	0	0	2	15	0	0	0	126	152	148	0	2	0	2	0	0	633.0
hsa-miR-7976	0	0	0	0	0	0	0	2	0	0	0	211	0	0	0	0	0	0	0	0	0	0	0	72	172	169	0	0	0	0	0	0	626.0
hsa-miR-200a-5p	18	0	0	22	25	2	0	20	22	2	0	0	0	0	0	0	43	0	10	175	0	0	0	98	0	0	0	2	10	162	0	0	611.0
hsa-miR-130a-3p	0	0	0	0	0	0	0	0	0	0	0	101	0	0	0	16	0	0	0	10	5	0	16	59	196	197	0	0	0	0	2	0	602.0
hsa-miR-324-3p	2	0	0	0	0	0	2	0	2	0	0	83	0	0	0	0	0	0	0	67	0	0	0	254	88	60	0	4	0	5	0	0	567.0
hsa-miR-342-3p	5	0	0	2	0	12	4	8	3	0	0	77	0	0	0	0	2	0	2	29	4	0	0	283	59	54	0	0	0	17	2	0	563.0
hsa-miR-17-3p	0	0	0	0	0	0	0	0	0	0	0	214	0	0	0	0	0	0	0	2	0	0	0	79	96	166	0	0	0	0	0	0	557.0
hsa-miR-7704	5	61	27	72	0	0	0	0	0	0	2	0	0	0	0	5	0	0	0	152	19	0	26	162	2	4	0	2	0	0	9	0	548.0
hsa-miR-185-3p	0	0	0	0	0	0	0	0	0	0	0	140	0	0	0	0	0	0	0	6	0	0	0	112	148	129	0	0	0	0	0	0	535.0
hsa-miR-1260b	0	2	0	2	3	0	4	0	0	0	2	89	0	0	0	0	0	0	2	48	1	0	2	229	75	63	1	0	0	5	3	0	528.0
hsa-miR-574-3p	0	0	0	0	3	0	14	5	0	0	0	25	0	0	0	0	12	0	6	177	0	0	0	196	11	17	4	3	0	43	0	0	516.0
hsa-miR-9985	2	2	0	5	0	1	0	5	32	0	30	8	0	2	0	117	0	0	0	8	32	0	153	65	10	9	0	1	0	0	19	0	501.0
hsa-miR-421	4	0	0	6	0	4	0	0	0	0	0	144	0	0	0	0	0	0	0	2	0	0	0	131	113	96	0	0	0	0	0	0	500.0
hsa-miR-149-5p	15	8	0	6	5	0	4	0	0	0	0	0	0	0	0	0	10	0	9	230	3	0	2	81	0	0	0	13	0	78	0	0	464.0
hsa-miR-10395-3p	0	0	0	4	0	0	0	0	0	0	0	26	0	2	0	0	0	0	0	0	2	0	0	374	21	22	2	3	2	0	0	0	458.0
hsa-miR-651-5p	2	0	0	0	0	6	0	9	0	0	0	76	0	0	0	2	0	0	0	5	0	0	0	188	65	98	0	3	0	2	0	0	456.0
hsa-miR-339-3p	2	0	0	2	0	0	0	0	0	0	0	120	0	0	0	0	0	0	0	29	0	0	0	119	86	95	0	0	0	0	0	0	453.0
hsa-miR-1260a	0	2	0	2	3	0	4	0	0	0	2	87	0	0	0	0	0	0	2	36	1	0	2	197	57	52	1	0	0	3	3	0	451.0
hsa-miR-324-5p	0	0	0	0	0	0	2	0	0	0	0	64	0	0	0	0	0	0	0	75	0	0	0	155	67	74	0	0	0	12	0	0	449.0
hsa-miR-196a-5p	262	0	0	148	0	0	0	0	0	0	0	0	0	0	0	3	0	0	0	0	0	0	2	5	0	0	0	0	0	0	4	0	424.0
hsa-miR-1307-5p	4	0	0	0	0	0	2	2	3	0	0	73	0	0	0	0	0	0	0	102	0	0	10	95	65	64	0	0	0	0	0	0	420.0
hsa-miR-18a-3p	0	0	0	0	0	0	0	0	0	0	0	133	0	0	0	0	0	0	0	0	2	0	0	65	98	118	0	0	0	0	0	0	416.0
hsa-miR-328-3p	25	0	4	18	0	0	0	0	0	0	0	75	0	0	0	0	0	0	0	19	0	0	2	45	117	107	0	0	0	0	0	0	412.0
hsa-miR-125b-2-3p	9	0	0	9	13	3	0	5	4	0	0	0	0	0	0	0	22	0	6	200	0	0	0	18	0	0	0	0	0	114	0	0	403.0
hsa-miR-224-5p	131	2	0	13	0	9	0	8	50	0	3	0	0	0	0	14	0	0	0	0	6	2	20	102	0	0	0	36	4	0	0	0	400.0
hsa-miR-151a-5p	9	0	0	4	0	12	0	0	0	0	0	77	0	0	0	0	0	0	0	28	0	0	0	95	91	76	0	0	0	9	0	0	399.5
hsa-miR-193a-5p	84	33	21	34	0	0	0	0	0	0	0	6	0	0	0	4	0	0	0	161	5	0	22	14	4	4	2	0	0	4	0	0	398.0
hsa-miR-4508	4	3	17	11	0	0	0	0	0	0	0	82	0	0	0	0	0	0	0	0	0	0	15	41	60	162	0	0	0	0	0	0	394.0
hsa-miR-339-5p	0	0	0	0	0	0	0	0	0	0	0	101	0	0	0	0	0	0	0	13	0	0	0	129	76	74	0	0	0	0	0	0	393.0
hsa-miR-21-3p	3	0	0	0	0	0	0	10	6	0	0	58	0	0	0	0	0	0	2	55	0	0	2	104	72	74	0	0	0	0	0	0	386.0
hsa-miR-4516	6	167	12	0	0	0	0	0	0	0	0	0	0	0	0	0	0	0	0	97	2	0	0	95	0	0	0	0	0	0	0	0	379.0
hsa-miR-345-5p	10	0	0	0	0	0	0	6	0	0	0	93	0	4	0	0	0	0	0	42	0	0	0	50	81	92	0	0	0	0	0	0	378.0
hsa-miR-452-5p	53	0	0	3	0	4	7	0	17	0	0	6	0	0	0	3	0	0	0	0	2	0	4	91	0	0	39	95	51	0	0	0	375.0
hsa-let-7a-3p	9	0	0	11	2	5	0	2	4	0	0	36	0	0	0	0	0	0	3	11	0	0	0	231	32	24	0	0	0	2	0	0	372.0
hsa-miR-582-3p	2	2	0	0	12	4	0	114	4	10	0	4	0	0	0	0	13	0	0	88	0	0	0	57	9	4	0	0	0	31	0	0	354.0
hsa-miR-1-3p	3	0	0	23	0	6	0	0	0	0	0	25	0	0	0	12	0	0	0	0	2	0	208	16	41	7	0	0	0	0	2	0	345.0
hsa-miR-362-5p	2	0	0	0	0	0	2	0	0	0	0	103	0	0	0	0	0	0	0	4	0	0	0	80	72	75	0	6	0	0	0	0	344.0
hsa-miR-548o-3p	0	0	0	0	0	3	0	5	0	0	0	73	0	0	0	0	0	0	2	4	0	0	0	126	72	56	0	0	0	2	0	0	343.0
hsa-miR-4732-3p	0	0	0	0	0	0	0	0	0	0	0	129	0	0	0	2	0	0	0	0	3	0	2	28	85	93	0	0	0	0	0	0	342.0
hsa-miR-361-5p	22	0	0	13	0	0	0	0	10	0	0	40	0	2	0	2	0	0	4	66	0	0	4	70	44	30	0	3	0	30	0	0	340.0
hsa-miR-190a-5p	0	0	0	0	0	3	0	0	0	0	0	101	0	0	0	0	0	0	0	0	0	0	0	51	105	79	0	0	0	0	0	0	339.0
hsa-miR-22-5p	15	0	0	14	2	2	0	4	2	0	0	46	0	0	0	0	0	0	5	30	0	0	3	67	68	69	0	0	0	3	0	0	330.0
hsa-miR-95-3p	52	0	0	40	5	5	0	40	36	2	3	0	0	5	0	17	0	0	0	8	0	0	7	67	0	0	0	30	0	6	3	0	326.0
hsa-miR-589-5p	0	0	0	0	0	3	0	3	0	0	0	76	0	0	0	0	0	0	0	15	0	0	0	81	75	71	0	0	0	0	0	0	324.0
hsa-miR-12136	0	0	0	85	0	0	0	0	0	0	0	0	0	0	0	2	0	0	2	6	0	0	0	211	0	2	0	2	0	0	0	0	310.0
hsa-miR-1843	3	0	0	0	0	0	0	0	0	0	0	81	0	0	0	0	0	0	0	3	0	0	0	56	98	67	0	0	0	2	0	0	310.0
hsa-miR-450a-5p	16	7	0	8	0	2	0	9	3	0	0	83	0	2	0	0	0	0	0	0	0	0	0	73	54	51	0	0	0	0	0	0	308.0
hsa-miR-548e-3p	0	3	0	0	0	4	0	2	0	0	0	58	0	0	0	0	0	0	0	0	0	0	0	118	63	51	0	0	0	0	0	0	299.0
hsa-let-7i-3p	0	0	0	0	0	0	0	0	0	0	0	86	0	0	0	0	0	0	0	0	0	0	0	42	86	82	0	0	0	0	0	0	296.0
hsa-miR-532-3p	0	2	0	5	0	0	0	0	0	0	0	76	0	0	0	4	0	0	0	10	0	0	2	84	50	61	0	2	0	0	0	0	296.0
hsa-miR-378d	11	2	3	2	0	0	0	3	3	0	0	63	0	0	0	0	0	0	0	8	0	0	2	71	54	34	21	8	5	3	0	0	287.9
hsa-miR-215-5p	4	0	0	1	0	1	0	0	0	0	0	40	0	0	0	2	0	0	5	0	0	0	0	103	76	53	0	0	0	0	0	0	284.0
hsa-miR-888-5p	0	0	0	0	56	0	0	0	0	0	0	0	0	0	0	0	11	0	183	10	0	0	0	2	0	0	0	0	0	20	0	0	282.0
hsa-miR-548k	0	0	0	0	0	0	0	4	0	0	0	78	0	0	0	0	0	0	0	0	0	0	0	79	56	63	0	0	0	0	0	0	280.0
hsa-miR-2110	19	30	8	12	0	0	0	0	0	0	0	40	0	0	0	0	0	0	0	17	2	0	0	27	57	68	0	0	0	0	0	0	280.0
hsa-miR-514a-3p	45	6	0	17	29	0	4	0	0	0	0	0	0	0	0	0	7	0	79	0	0	0	0	85	0	0	0	5	0	0	0	0	277.0
hsa-miR-381-3p	0	0	0	3	0	12	0	0	0	0	0	41	0	0	0	0	3	0	5	15	0	0	0	115	62	10	0	0	0	9	0	0	275.0
hsa-miR-320d	2	32	3	3	0	0	0	0	0	0	1	15	0	0	0	24	0	0	0	30	20	0	40	68	14	10	1	0	0	0	11	0	272.34999999999997
hsa-miR-598-3p	0	0	0	0	0	0	0	0	0	0	0	78	0	0	0	0	0	0	0	4	0	0	0	54	59	73	0	2	0	0	0	0	270.0
hsa-miR-127-3p	6	7	0	13	0	29	0	0	0	0	0	39	0	0	0	0	0	0	0	39	0	0	0	78	51	7	0	0	0	0	0	0	269.0
hsa-miR-133a-3p	0	0	0	2	0	0	0	0	0	0	0	0	0	0	0	0	0	0	0	0	0	0	260	0	0	0	0	0	0	0	0	0	262.34
hsa-miR-5010-3p	0	0	0	0	0	0	0	0	0	0	0	77	0	0	0	0	0	0	0	0	0	0	0	15	70	99	0	0	0	0	0	0	261.0
hsa-miR-28-5p	15	0	0	13	0	6	0	0	0	0	0	42	0	2	0	0	2	0	0	59	0	0	0	45	19	27	0	0	0	15	0	0	245.0
hsa-miR-424-3p	20	5	0	15	0	2	0	0	0	0	0	84	0	0	0	0	0	0	0	0	0	0	0	29	45	41	0	0	0	0	0	0	241.0
hsa-miR-590-3p	0	0	0	0	0	0	0	0	3	0	0	60	0	0	0	0	0	0	0	0	0	0	0	49	62	66	0	0	0	0	0	0	240.0
hsa-miR-221-5p	2	0	0	2	0	9	0	11	7	0	0	31	0	2	0	0	0	0	0	0	0	0	0	67	58	42	0	6	0	0	0	0	237.0
hsa-miR-122-5p	5	0	0	0	98	0	0	0	0	0	0	3	0	0	0	0	28	0	45	2	0	0	0	4	49	0	0	0	0	0	0	0	234.0
hsa-miR-93-3p	0	0	0	0	0	2	0	0	0	0	0	76	0	0	0	0	0	0	0	3	0	0	0	38	46	67	0	0	0	0	0	0	232.0
hsa-miR-29c-5p	3	2	0	0	0	2	0	0	0	0	0	27	0	0	0	0	2	0	2	20	0	0	0	67	55	46	0	0	0	6	0	0	232.0
hsa-miR-4497	34	34	16	57	0	0	0	0	2	0	0	0	0	0	0	4	0	0	0	3	0	0	4	72	0	0	0	0	0	0	2	0	228.0
hsa-miR-424-5p	5	0	0	0	0	11	0	8	0	0	0	60	0	0	0	0	0	0	0	0	0	0	0	89	27	25	0	0	0	0	0	0	225.0
hsa-miR-130b-5p	0	0	0	3	0	0	0	0	0	0	0	87	0	0	0	0	0	0	0	0	0	0	0	4	48	68	0	0	0	0	2	0	212.0
hsa-miR-942-5p	4	0	0	2	0	0	0	0	0	0	0	18	0	0	0	0	0	0	0	0	0	0	0	106	41	37	0	2	0	0	0	0	210.0
hsa-miR-3688-3p	0	0	0	0	0	2	0	0	0	0	0	31	0	0	0	0	0	0	0	0	0	0	0	89	37	49	0	0	0	0	0	0	208.0
hsa-miR-550a-5p	0	0	0	0	0	0	0	0	0	0	0	66	0	0	0	0	0	0	0	0	0	0	0	64	37	40	0	0	0	0	0	0	207.0
hsa-miR-9-5p	20	2	0	38	0	17	0	0	0	0	0	25	0	0	0	0	0	0	2	0	0	0	0	47	28	16	0	7	0	0	0	0	202.02000000000004
hsa-miR-331-3p	0	0	0	0	0	0	0	0	0	0	0	31	0	0	0	0	0	0	0	3	0	0	0	48	53	54	0	0	0	2	0	0	191.0
hsa-miR-200b-5p	56	0	0	60	0	0	0	2	2	0	0	0	0	0	0	0	2	0	3	17	0	0	2	29	0	0	0	0	0	17	0	0	190.0
hsa-miR-454-5p	0	0	0	0	0	0	0	0	0	0	0	49	0	0	0	0	0	0	0	0	0	0	0	38	52	51	0	0	0	0	0	0	190.0
hsa-miR-370-3p	0	0	0	2	0	4	0	0	0	0	0	46	0	0	0	0	0	0	0	10	0	0	0	70	46	8	0	0	0	4	0	0	190.0
hsa-miR-27a-5p	0	2	0	0	2	8	0	26	10	3	0	6	0	2	0	0	0	0	0	13	0	2	0	88	9	0	0	9	5	2	0	0	187.0
hsa-miR-4732-5p	0	0	0	0	0	0	0	0	0	0	0	40	0	0	0	0	0	0	0	0	0	0	0	70	41	35	0	0	0	0	0	0	186.0
hsa-miR-30c-2-3p	41	54	4	44	0	0	0	0	0	0	0	0	0	0	0	0	2	0	0	23	0	0	0	6	0	0	0	0	0	10	0	0	184.0
hsa-miR-7977	0	0	0	2	0	0	0	0	0	0	0	0	0	0	0	2	0	0	0	5	2	0	0	168	0	0	0	3	0	0	0	0	182.0
hsa-miR-450b-5p	4	0	0	0	0	10	0	8	2	2	2	31	0	2	0	0	0	0	0	0	0	0	0	70	25	24	0	0	0	0	0	0	180.0
hsa-miR-4306	0	0	0	2	0	0	0	0	0	0	0	51	0	0	0	0	0	0	0	0	0	1	0	22	56	47	0	0	0	0	0	0	177.5
hsa-miR-145-5p	0	0	0	0	0	13	0	39	4	3	0	9	0	0	0	0	0	0	0	0	0	0	2	84	15	6	0	0	0	0	0	0	175.0
hsa-miR-5100	0	0	0	3	0	0	0	0	0	0	0	11	0	0	0	0	0	0	0	5	0	0	0	129	12	14	0	0	0	0	0	0	174.0
hsa-miR-132-3p	3	0	0	0	2	9	0	0	2	0	0	16	0	0	0	0	0	0	6	3	0	0	0	119	2	10	0	0	0	2	0	0	174.0
hsa-miR-130b-3p	0	0	0	0	0	0	0	0	0	0	0	40	0	0	0	3	0	0	0	12	0	0	0	24	29	57	0	0	0	0	0	0	165.0
hsa-miR-4488	42	10	23	23	0	0	0	0	5	0	0	2	0	0	0	11	0	0	0	11	7	0	3	26	0	0	0	0	0	0	0	2	165.0
hsa-miR-664a-3p	0	0	0	0	4	0	0	8	0	0	0	17	0	0	0	0	0	0	2	14	0	0	0	45	44	15	0	0	0	12	0	0	161.0
hsa-miR-340-3p	0	0	0	0	0	0	0	0	0	0	0	45	0	0	0	0	0	0	0	2	0	0	0	6	57	50	0	0	0	0	0	0	160.0
hsa-miR-486-3p	0	0	0	0	0	0	0	0	0	0	0	4	0	0	0	0	0	0	0	0	0	0	0	145	0	9	0	0	0	0	0	0	158.0
hsa-miR-624-5p	0	0	0	0	0	0	0	0	0	0	0	55	0	0	0	0	0	0	0	0	0	0	0	26	40	32	0	0	0	0	0	0	153.0
hsa-miR-31-5p	20	0	0	0	0	0	0	0	17	0	0	6	0	0	0	4	0	0	0	5	0	0	6	68	0	0	2	23	0	0	0	0	151.0
hsa-miR-3200-3p	0	0	0	0	0	0	0	0	0	0	0	21	0	0	0	0	0	0	0	0	0	0	0	41	44	44	0	0	0	0	0	0	150.0
hsa-miR-184	37	10	0	22	0	0	0	0	0	0	0	2	0	0	0	6	0	0	0	0	0	0	6	49	0	0	0	9	7	0	0	0	148.0
hsa-miR-335-5p	5	0	0	0	0	3	0	0	0	0	0	32	0	0	0	0	0	0	8	2	0	0	0	23	41	27	0	0	0	4	0	0	145.0
hsa-miR-3143	0	0	0	0	0	0	0	0	0	0	0	44	0	0	0	0	0	0	0	0	0	0	0	16	33	51	0	0	0	0	0	0	144.0
hsa-miR-1294	0	0	0	2	0	0	0	0	0	0	0	39	0	0	0	0	0	0	0	0	0	0	0	34	29	39	0	0	0	0	0	0	143.0
hsa-miR-342-5p	4	18	3	0	0	0	0	0	0	0	0	19	0	0	0	8	0	0	0	8	9	0	25	19	14	11	0	0	0	0	4	0	142.0
hsa-miR-379-5p	0	0	0	3	0	16	0	2	0	0	0	17	0	0	0	0	0	0	0	2	0	0	0	72	15	8	0	0	0	4	0	0	139.0
hsa-miR-4326	0	0	0	0	0	2	0	0	0	0	0	54	0	0	0	0	2	0	0	8	0	0	0	42	20	11	0	0	0	0	0	0	139.0
hsa-miR-10399-3p	0	0	0	0	0	0	0	0	0	0	0	37	0	0	0	0	0	0	0	0	0	0	0	56	25	21	0	0	0	0	0	0	139.0
hsa-miR-664a-5p	17	4	0	11	3	0	0	0	0	0	0	10	0	0	0	3	0	0	0	16	0	0	0	33	16	10	0	0	0	13	0	0	136.0
hsa-miR-3178	0	5	24	5	0	0	0	0	0	0	0	0	0	0	0	8	0	0	0	45	5	0	4	36	0	0	0	0	0	0	2	0	134.0
hsa-miR-3912-3p	0	0	0	0	0	0	0	0	0	0	0	25	0	0	0	0	0	0	0	0	0	0	0	36	28	43	0	0	0	0	0	0	132.0
hsa-miR-18b-5p	0	0	0	0	0	0	0	0	0	0	0	40	0	0	0	1	0	0	0	0	0	0	0	23	32	37	0	0	0	0	0	0	132.0
hsa-miR-542-3p	9	0	0	2	0	12	0	17	2	0	0	14	0	0	0	0	0	0	0	0	0	0	0	50	13	12	0	0	0	0	0	0	131.0
hsa-miR-378a-5p	2	0	0	0	0	0	0	0	0	0	0	31	0	0	0	0	0	0	0	0	0	0	2	54	16	11	0	11	0	0	0	0	127.0
hsa-miR-10b-3p	46	2	0	21	0	2	0	0	0	0	0	0	0	0	0	0	0	0	6	38	0	0	0	3	0	0	0	0	0	8	0	0	126.0
hsa-miR-550a-3p	0	0	0	0	0	0	0	0	0	0	0	37	0	0	0	0	0	0	0	0	0	0	0	45	28	15	0	0	0	0	0	0	124.98000000000002
hsa-miR-4791	0	0	0	2	0	0	0	5	0	0	0	0	0	0	0	0	0	0	0	0	0	0	0	114	0	0	0	0	0	0	0	0	121.0
hsa-miR-204-3p	9	31	11	11	0	0	0	0	0	0	0	0	0	0	0	0	0	0	0	57	0	0	0	0	0	0	0	0	0	0	0	0	119.0
hsa-miR-7706	5	2	0	0	0	0	0	0	0	0	0	37	0	0	0	0	0	0	0	0	0	0	0	20	18	36	0	0	0	0	0	0	118.0
hsa-miR-3168	19	0	0	0	0	0	0	0	0	0	0	0	0	0	7	3	0	0	0	0	5	0	0	79	0	0	0	0	0	0	2	2	117.0
hsa-miR-1291	8	0	0	4	0	0	0	2	0	0	0	0	0	0	0	0	0	0	0	0	0	0	0	101	0	0	0	2	0	0	0	0	117.0
hsa-miR-24-2-5p	4	0	0	0	0	0	0	2	0	0	0	9	0	0	0	7	0	0	0	0	5	0	21	24	24	17	0	0	0	0	3	0	116.0
hsa-miR-1278	0	0	0	0	0	0	0	0	0	0	0	23	0	0	0	0	0	0	0	0	0	0	0	48	18	26	0	0	0	0	0	0	115.0
hsa-miR-625-3p	0	0	0	0	2	0	0	0	0	0	0	12	0	0	0	0	0	0	0	5	0	0	0	71	7	14	0	0	0	4	0	0	115.0
hsa-miR-4443	5	7	3	24	0	0	0	0	0	0	0	2	0	0	0	0	0	0	0	21	0	0	6	42	5	0	0	0	0	0	0	0	115.0
hsa-miR-944	3	0	0	0	0	0	0	3	20	0	0	0	0	0	0	0	0	0	0	0	0	0	2	67	0	0	0	18	0	0	0	0	113.0
hsa-miR-135a-2-3p	2	0	0	2	3	0	0	0	0	0	0	0	0	0	0	0	6	0	0	70	0	0	0	0	0	0	0	0	0	21	0	0	104.0
hsa-miR-34a-5p	2	0	0	2	0	0	4	0	7	0	0	0	0	0	0	0	0	0	0	31	0	0	0	18	0	0	0	37	0	2	0	0	103.0
hsa-miR-326	0	0	0	0	0	0	0	0	0	0	0	20	0	0	0	0	0	0	0	2	0	0	0	43	28	10	0	0	0	0	0	0	103.0
hsa-miR-409-3p	4	0	0	6	0	0	0	0	0	0	0	33	0	0	0	0	0	0	0	13	0	0	0	10	29	7	0	0	0	0	0	0	102.0
hsa-miR-181a-3p	3	0	0	0	0	2	0	0	0	0	0	33	0	0	0	0	0	0	0	0	0	0	0	31	12	19	0	0	0	0	0	0	100.0
hsa-miR-30d-3p	0	0	0	2	0	0	0	0	0	0	0	20	0	0	0	0	0	0	0	4	0	0	0	32	20	19	0	0	0	2	0	0	99.0
hsv2-miR-H10	0	73	2	0	0	0	0	2	0	0	0	0	0	0	0	0	0	0	0	2	0	0	0	8	2	6	0	0	0	0	0	0	95.0
hsa-miR-1306-5p	0	0	0	0	0	0	0	0	0	0	0	41	0	0	0	0	0	0	0	0	0	0	0	4	25	25	0	0	0	0	0	0	95.0
hsa-miR-193b-5p	9	9	2	2	0	0	0	0	0	0	0	0	0	0	0	0	0	0	0	17	6	0	5	37	0	0	3	0	0	0	0	0	90.0
hsa-miR-1304-5p	0	0	0	0	0	0	0	0	0	0	0	25	0	0	0	0	0	0	0	0	0	0	0	25	24	16	0	0	0	0	0	0	90.0
hsa-miR-335-3p	2	0	0	3	0	0	0	0	0	0	0	20	0	0	0	0	0	0	2	0	0	0	0	9	37	16	0	0	0	0	0	0	89.0
hsa-miR-1301-3p	2	4	0	4	0	0	0	0	0	0	0	34	0	0	0	0	0	0	0	0	0	0	0	10	18	17	0	0	0	0	0	0	89.0
hsa-miR-193a-3p	0	0	0	0	0	0	0	0	3	0	0	2	0	0	0	5	0	0	0	41	2	0	25	7	0	0	0	2	0	0	0	0	87.0
hsa-let-7b-3p	4	0	0	2	0	0	0	0	0	0	0	6	0	0	0	0	0	0	0	9	0	0	0	52	6	3	0	0	0	2	0	0	84.0
hsa-miR-499a-5p	6	0	0	2	2	0	0	0	0	0	0	11	0	0	0	0	0	0	15	6	0	0	0	12	10	17	0	0	0	2	0	0	83.0
hsa-miR-1255a	0	0	0	0	0	0	0	3	0	0	0	17	0	0	0	0	0	0	0	0	0	0	0	35	11	10	0	0	0	7	0	0	83.0
hsa-miR-505-3p	0	0	0	0	0	0	0	0	0	0	0	21	0	2	0	0	0	0	0	8	0	0	0	19	20	12	0	0	0	0	0	0	82.0
hsa-miR-195-5p	0	0	0	2	0	11	0	0	0	0	0	10	0	0	0	0	0	0	0	16	0	0	0	21	7	7	0	0	0	7	0	0	81.0
hsa-miR-145-3p	0	0	0	0	0	6	0	10	0	0	0	0	0	5	0	0	0	0	0	2	0	0	0	45	4	9	0	0	0	0	0	0	81.0
hsa-miR-10a-3p	23	0	0	14	0	2	0	0	0	0	0	0	0	0	0	0	0	0	4	16	0	0	0	16	0	0	0	0	0	2	0	0	77.0
hsa-miR-99b-3p	28	2	0	8	0	0	0	2	0	0	0	0	0	0	0	2	0	0	0	24	0	0	0	9	0	0	0	0	0	2	0	0	77.0
hsa-miR-10527-5p	6	0	0	0	0	0	0	0	0	0	0	10	0	0	0	0	0	0	0	2	0	0	0	40	6	10	0	0	0	2	0	0	76.0
hsa-let-7f-2-3p	0	0	0	2	0	0	0	4	0	0	0	19	0	0	0	0	0	0	0	0	0	0	0	20	14	15	0	0	0	2	0	0	76.0
hsa-miR-139-5p	0	0	0	0	0	0	0	0	0	0	0	13	0	0	0	0	0	0	0	0	0	0	0	20	33	9	0	0	0	0	0	0	75.0
hsa-miR-3913-5p	0	0	0	0	0	0	0	0	0	0	0	16	0	0	0	0	0	0	0	0	0	0	0	29	10	19	0	0	0	0	0	0	74.0
hsa-miR-495-3p	0	0	0	0	2	0	0	0	0	0	0	9	0	0	0	0	0	0	0	4	0	0	0	34	20	5	0	0	0	0	0	0	74.0
hsa-miR-550a-3-5p	0	0	0	0	0	0	0	0	0	0	0	24	0	0	0	0	0	0	0	0	0	0	0	12	19	18	0	0	0	0	0	0	73.0
hsa-miR-29b-2-5p	0	0	0	0	0	0	0	0	0	0	0	15	0	0	0	0	0	0	0	4	0	0	0	5	27	19	0	0	0	2	0	0	72.0
hsa-miR-151b	0	0	0	0	0	3	0	0	0	0	0	17	0	0	0	0	0	0	0	8	0	0	0	13	19	13	0	0	0	0	0	0	71.5
hsa-miR-134-5p	0	0	0	2	0	2	0	0	0	0	0	3	0	0	0	0	0	0	0	34	0	0	0	27	2	0	0	0	0	0	0	0	70.0
hsa-miR-218-5p	11	0	0	2	2	0	0	0	0	0	0	0	0	0	0	0	5	0	0	41	0	0	0	8	0	0	0	0	0	0	0	0	69.0
hsa-miR-509-3-5p	2	0	0	0	8	0	0	0	0	0	0	0	0	0	0	0	5	0	38	0	0	0	0	15	0	0	0	0	0	0	0	0	68.0
hsa-miR-1287-5p	0	0	0	0	0	0	0	0	0	0	0	21	0	0	0	0	0	0	0	3	0	0	0	5	27	11	0	0	0	0	0	0	67.0
hsa-miR-4504	0	0	0	0	0	0	0	0	0	0	0	9	0	0	0	0	0	0	0	0	0	0	0	43	9	5	0	0	0	0	0	0	66.0
hsa-miR-135b-5p	5	0	0	3	7	4	0	4	0	0	0	0	0	0	0	0	0	0	13	13	0	0	0	15	0	0	0	2	0	0	0	0	66.0
hsa-miR-206	10	2	0	0	0	0	0	0	0	0	0	0	0	0	0	3	0	0	0	0	0	0	50	0	0	0	0	0	0	0	0	0	65.0
hsa-miR-615-3p	30	0	0	27	0	0	0	0	0	0	0	0	0	0	6	0	0	0	0	0	0	0	0	2	0	0	0	0	0	0	0	0	65.0
hsa-miR-330-3p	0	0	0	0	0	0	0	3	0	0	0	5	0	0	0	0	0	0	0	5	0	0	0	27	10	12	0	0	0	0	0	0	62.0
hsa-miR-378g	5	2	0	0	0	0	0	0	0	0	0	8	0	0	0	0	0	0	0	4	0	0	0	30	5	4	0	3	0	0	0	0	61.0
hsa-miR-26b-3p	0	0	0	0	0	0	0	0	0	0	0	14	0	0	0	0	0	0	0	2	0	0	0	10	18	16	0	0	0	0	0	0	60.0
hsa-miR-501-5p	3	0	0	0	0	0	0	0	0	0	0	18	0	0	0	0	0	0	0	0	0	0	0	17	10	12	0	0	0	0	0	0	60.0
hsa-miR-455-5p	3	4	0	18	0	0	0	0	0	0	0	0	0	0	0	3	0	0	0	3	0	0	6	19	0	0	0	0	0	0	2	0	58.0
hsa-miR-4485-3p	4	0	0	47	0	0	0	2	0	0	0	0	0	0	0	0	0	0	0	0	0	0	0	4	0	0	0	0	0	0	0	0	57.0
hsa-miR-582-5p	0	0	0	0	0	0	0	12	0	0	0	2	0	0	0	0	2	0	2	2	0	0	0	34	3	0	0	0	0	0	0	0	57.0
hsa-miR-181d-5p	16	0	0	5	0	0	0	3	0	0	0	5	0	0	0	0	0	0	0	2	0	0	0	13	7	4	0	2	0	0	0	0	57.0
hsa-miR-1304-3p	0	0	0	0	0	0	0	2	0	0	0	7	0	0	0	0	0	0	0	0	0	0	0	37	2	6	0	0	0	0	0	0	54.0
hsa-miR-331-5p	0	0	0	0	0	0	0	0	0	0	0	13	0	0	0	0	0	0	0	0	0	0	0	5	14	21	0	0	0	0	0	0	53.0
hsa-miR-4685-3p	0	2	0	2	0	0	0	0	0	0	0	9	0	0	0	0	0	0	0	0	0	0	0	6	17	17	0	0	0	0	0	0	53.0
hsa-miR-106a-3p	0	0	0	0	0	0	0	0	0	0	0	14	0	0	0	0	0	0	0	11	0	0	0	6	10	11	0	0	0	0	0	0	52.0
hsa-miR-181c-5p	0	2	0	0	0	0	0	0	2	0	0	10	0	0	0	0	0	0	0	2	0	0	0	7	10	17	0	0	0	0	0	0	50.0
hsa-miR-330-5p	0	0	0	0	0	0	0	0	0	0	0	17	0	0	0	0	0	0	0	2	0	0	0	2	15	14	0	0	0	0	0	0	50.0
hsa-miR-3940-3p	0	0	0	0	0	0	0	0	0	0	0	16	0	0	0	0	0	0	0	0	0	0	0	5	19	9	0	0	0	0	0	0	49.0
hsa-miR-3909	0	0	0	0	0	0	0	0	0	0	0	22	0	0	0	0	0	0	0	0	0	0	0	5	14	7	0	0	0	0	0	0	48.0
hsa-miR-411-5p	0	0	0	0	0	0	0	0	0	0	0	8	0	0	0	0	0	0	0	0	0	0	0	21	16	2	0	0	0	0	0	0	47.0
hsa-miR-146b-3p	2	0	0	0	2	3	0	0	0	0	0	3	0	0	0	0	0	0	0	3	0	0	0	27	4	0	0	2	0	0	0	0	46.0
hsa-miR-4742-3p	0	0	0	0	0	0	0	0	0	0	0	18	0	0	0	0	0	0	0	0	0	0	0	3	14	9	0	0	0	0	0	0	44.0
hsa-miR-11400	0	0	0	0	0	0	0	0	0	0	0	13	0	0	0	0	0	0	0	0	0	0	0	2	15	14	0	0	0	0	0	0	44.0
hsa-miR-101-5p	0	0	0	0	0	0	0	0	0	0	0	13	0	0	0	0	0	0	0	0	0	0	0	17	8	6	0	0	0	0	0	0	44.0
hsa-miR-187-3p	6	2	0	0	0	0	0	0	0	0	0	0	0	0	0	0	2	0	2	31	0	0	0	0	0	0	0	0	0	0	0	0	43.0
hsa-miR-378b	2	0	0	0	0	0	0	0	3	0	0	4	0	0	0	0	0	0	0	2	0	0	0	24	4	0	0	2	2	0	0	0	43.0
hsa-miR-4492	0	3	6	2	0	0	0	0	0	0	0	0	0	0	0	2	0	0	0	0	0	0	2	29	0	0	0	0	0	0	0	0	43.0
hsa-miR-548u	0	0	0	0	0	0	0	0	0	0	0	10	0	0	0	0	0	0	0	0	0	0	0	13	7	12	0	0	0	0	0	0	42.0
hsa-miR-338-5p	5	0	0	0	0	2	0	6	0	0	0	0	0	0	0	0	0	0	0	2	0	0	0	18	4	4	0	0	0	0	0	0	41.0
hsa-miR-4433b-5p	0	0	0	0	0	0	0	0	0	0	0	5	0	0	0	0	0	0	0	0	0	0	0	2	19	15	0	0	0	0	0	0	41.0
hsa-miR-654-3p	0	0	0	0	0	3	0	0	0	0	0	9	0	0	0	0	0	0	0	0	0	0	0	15	14	0	0	0	0	0	0	0	41.0
hsa-miR-6130	0	0	0	0	0	0	0	0	0	0	0	8	0	0	0	0	0	0	0	0	0	0	0	17	6	9	0	0	0	0	0	0	40.0
hsa-miR-3074-5p	0	0	0	0	0	0	0	0	0	0	0	12	0	0	0	0	0	0	0	0	0	0	0	14	8	6	0	0	0	0	0	0	40.0
hsa-miR-892a	0	0	0	0	11	0	0	0	0	0	0	0	0	0	0	0	2	0	18	6	0	0	0	0	0	0	0	0	0	3	0	0	40.0
hsa-miR-708-3p	2	0	0	3	0	0	2	0	0	0	0	0	0	0	0	0	0	0	0	0	0	0	5	18	0	0	4	2	2	2	0	0	40.0
hsa-miR-362-3p	0	0	0	0	0	0	0	0	0	0	0	8	0	0	0	0	0	0	0	2	0	0	0	20	5	3	0	2	0	0	0	0	40.0
hsa-miR-543	0	0	0	0	0	0	0	0	0	0	0	12	0	0	0	0	0	0	0	0	0	0	0	0	25	2	0	0	0	0	0	0	39.0
hsa-miR-3605-3p	0	0	0	0	0	0	0	0	0	0	0	12	0	0	0	0	0	0	0	0	0	0	0	2	12	13	0	0	0	0	0	0	39.0
hsa-miR-25-5p	2	0	0	0	0	0	0	0	0	0	0	9	0	0	0	0	0	0	0	6	0	0	0	7	12	3	0	0	0	0	0	0	39.0
hsa-miR-6131	0	0	0	0	0	0	0	0	0	0	0	2	0	0	0	0	0	0	0	0	0	0	0	22	8	6	0	0	0	0	0	0	38.0
hsa-miR-320e	0	6	0	0	0	0	0	0	0	0	0	3	0	0	0	2	0	0	0	2	2	0	4	15	1	1	0	0	0	0	1	0	37.629999999999995
hsa-miR-4677-3p	0	0	0	0	0	0	0	0	0	0	0	9	0	0	0	0	0	0	0	0	0	0	0	13	8	7	0	0	0	0	0	0	37.0
hsa-miR-365b-3p	1	0	0	0	0	0	0	0	3	0	0	2	0	0	0	2	0	0	0	3	0	0	1	14	3	0	0	4	0	3	0	0	35.5
hsa-miR-365a-3p	1	0	0	0	0	0	0	0	3	0	0	2	0	0	0	2	0	0	0	3	0	0	1	14	3	0	0	4	0	3	0	0	35.5
hsa-miR-147b-3p	0	0	0	0	0	0	0	0	0	0	0	2	0	0	0	0	0	0	0	33	0	0	0	0	0	0	0	0	0	0	0	0	35.0
hsa-miR-580-3p	0	0	0	0	0	0	0	0	0	0	0	10	0	0	0	0	0	0	0	0	0	0	0	11	7	7	0	0	0	0	0	0	35.0
hsa-miR-493-3p	0	0	0	0	0	0	0	0	0	0	0	8	0	0	0	0	0	0	0	7	0	0	0	11	9	0	0	0	0	0	0	0	35.0
hsa-miR-365a-5p	0	0	0	0	0	0	0	0	0	0	0	0	0	0	0	0	0	0	0	16	0	0	0	19	0	0	0	0	0	0	0	0	35.0
hsa-miR-509-3p	16	4	0	3	0	0	0	0	0	0	0	0	0	0	0	0	2	0	0	0	0	0	0	10	0	0	0	0	0	0	0	0	35.0
hsa-miR-618	3	0	0	0	0	2	0	7	0	0	0	5	0	0	0	0	0	0	0	0	0	0	0	0	9	8	0	0	0	0	0	0	34.0
hsa-miR-494-3p	0	0	0	0	0	0	0	0	0	0	0	5	0	0	0	0	0	0	0	0	0	0	0	10	19	0	0	0	0	0	0	0	34.0
hsa-miR-141-5p	0	0	0	0	2	0	0	0	0	0	0	0	0	0	0	2	0	0	2	28	0	0	0	0	0	0	0	0	0	0	0	0	34.0
hsa-miR-7-1-3p	0	0	0	0	0	0	0	0	0	0	0	8	0	0	0	0	0	0	0	0	0	0	0	15	6	5	0	0	0	0	0	0	34.0
hsa-miR-301a-5p	0	0	0	0	0	0	0	0	0	0	0	5	0	0	0	0	0	0	0	0	0	0	0	11	7	11	0	0	0	0	0	0	34.0
hsa-miR-6513-3p	0	0	0	0	0	0	0	0	0	0	0	8	0	0	0	0	0	0	0	0	0	0	0	0	13	12	0	0	0	0	0	0	33.0
hsa-miR-11401	0	0	0	0	0	0	0	0	0	0	0	0	0	0	0	0	0	0	0	0	0	0	0	2	11	20	0	0	0	0	0	0	33.0
hsa-miR-3065-5p	3	0	0	2	2	0	0	0	0	0	0	0	0	0	0	0	0	0	0	8	0	0	0	0	0	0	0	0	0	17	0	0	32.0
hsa-miR-32-3p	0	0	0	5	0	0	0	0	0	0	0	2	0	0	0	0	0	0	0	0	0	0	0	16	7	2	0	0	0	0	0	0	32.0
hsa-miR-27b-5p	8	5	0	2	2	0	0	0	0	0	0	0	0	0	0	0	0	0	0	3	0	0	0	7	0	0	0	3	2	0	0	0	32.0
hsa-miR-374b-3p	0	0	0	0	0	0	0	0	0	0	0	9	0	0	0	0	0	0	0	0	0	0	0	7	6	10	0	0	0	0	0	0	32.0
hsa-miR-708-5p	6	0	0	0	0	0	0	0	0	0	0	0	0	0	0	0	0	0	0	2	0	0	0	4	0	0	0	19	0	0	0	0	31.0
hsa-miR-500a-5p	0	0	0	0	0	0	0	0	0	0	0	5	0	0	0	0	0	0	0	0	0	0	0	16	6	5	0	0	0	0	0	0	31.0
hsa-miR-136-3p	0	0	0	0	0	5	0	0	0	0	0	0	0	0	0	0	0	0	0	3	0	0	0	20	3	0	0	0	0	0	0	0	31.0
hsa-miR-892c-3p	0	0	0	0	7	0	0	0	0	0	0	0	0	0	0	0	3	0	13	8	0	0	0	0	0	0	0	0	0	0	0	0	31.0
hsa-miR-6842-3p	0	0	0	0	0	0	0	4	0	0	0	8	0	0	0	0	0	0	0	0	0	0	0	0	14	5	0	0	0	0	0	0	31.0
hsa-miR-3200-5p	0	0	0	0	0	0	0	0	0	0	0	6	0	0	0	0	0	0	0	0	0	0	0	5	7	12	0	0	0	0	0	0	30.0
hsa-miR-382-5p	4	5	0	3	0	3	0	0	0	0	0	0	0	0	0	0	0	0	0	6	0	0	0	4	3	0	0	0	0	2	0	0	30.0
hsa-miR-10399-5p	0	0	0	0	0	2	0	0	0	0	0	7	0	0	0	0	0	0	0	0	0	0	0	13	8	0	0	0	0	0	0	0	30.0
hsa-miR-671-5p	0	0	0	0	0	0	0	0	0	0	0	0	0	0	0	0	0	0	0	24	0	0	0	6	0	0	0	0	0	0	0	0	30.0
hsa-miR-493-5p	0	0	0	0	0	2	0	0	0	0	0	2	0	0	0	0	0	0	0	0	0	0	0	17	3	0	0	0	0	5	0	0	29.0
hsa-miR-505-5p	2	0	0	0	0	0	0	0	0	0	0	4	0	0	0	0	0	0	0	0	0	0	0	6	9	8	0	0	0	0	0	0	29.0
hsa-miR-500b-5p	0	0	0	0	0	0	0	0	0	0	0	5	0	0	0	0	0	0	0	0	0	0	0	13	6	5	0	0	0	0	0	0	28.0
hsa-let-7g-3p	0	0	0	0	0	0	0	0	0	0	0	6	0	0	0	0	0	0	0	7	0	0	0	10	3	2	0	0	0	0	0	0	28.0
hsa-miR-508-3p	7	0	0	2	2	0	0	0	0	0	0	0	0	0	0	0	0	0	4	0	0	0	0	12	0	0	0	0	0	0	0	0	27.0
hsa-miR-7847-3p	0	27	0	0	0	0	0	0	0	0	0	0	0	0	0	0	0	0	0	0	0	0	0	0	0	0	0	0	0	0	0	0	27.0
hsa-miR-628-5p	0	0	0	0	0	0	0	2	0	0	0	5	0	0	0	0	0	0	0	0	0	0	0	10	4	5	0	0	0	0	0	0	26.0
hsa-miR-4746-5p	0	0	0	0	0	0	0	0	0	0	0	9	0	0	0	0	0	0	0	0	0	0	0	0	8	9	0	0	0	0	0	0	26.0
hsa-miR-1277-3p	0	0	0	0	0	0	0	0	0	0	0	5	0	0	0	0	0	0	0	0	0	0	0	15	2	4	0	0	0	0	0	0	26.0
hsa-miR-432-5p	0	0	0	2	0	0	0	0	0	0	0	11	0	0	0	0	0	0	0	2	0	0	0	8	3	0	0	0	0	0	0	0	26.0
hsa-miR-9903	0	0	0	0	0	2	0	0	0	0	0	6	0	0	0	0	0	0	0	0	0	0	0	5	10	3	0	0	0	0	0	0	26.0
hsa-miR-181c-3p	0	0	0	0	0	0	0	0	0	0	0	0	0	0	0	0	0	0	0	2	0	0	0	15	6	0	0	2	0	0	0	0	25.0
hsa-miR-5695	0	0	0	0	0	0	0	0	0	0	0	4	0	0	0	0	0	0	0	0	0	0	0	7	9	5	0	0	0	0	0	0	25.0
hsa-miR-660-3p	0	0	0	0	0	0	0	0	0	0	0	10	0	0	0	0	0	0	0	2	0	0	0	4	3	4	0	0	0	2	0	0	25.0
hsa-miR-548ac	0	0	0	0	0	0	0	0	0	0	0	7	0	0	0	0	0	0	0	0	0	0	0	5	7	5	0	0	0	0	0	0	24.0
hsa-miR-410-3p	0	0	0	0	0	0	0	0	0	0	0	9	0	0	0	0	0	0	0	0	0	0	0	4	11	0	0	0	0	0	0	0	24.0
hsa-miR-889-3p	0	0	0	0	0	3	0	0	0	0	0	2	0	0	0	0	0	0	0	0	0	0	0	15	3	0	0	0	0	0	0	0	23.0
hsa-miR-1270	5	0	0	0	0	0	0	0	0	0	0	7	0	0	0	0	0	0	0	0	0	0	0	8	0	3	0	0	0	0	0	0	23.0
hsa-miR-579-5p	0	0	0	0	0	0	0	0	0	0	0	4	0	0	0	0	0	0	0	0	0	0	0	4	11	4	0	0	0	0	0	0	23.0
hsa-miR-301a-3p	0	0	0	0	0	0	0	0	0	0	0	11	0	0	0	0	0	0	0	0	0	0	0	4	0	8	0	0	0	0	0	0	23.0
hsa-miR-296-5p	2	0	0	0	0	0	0	0	0	0	0	8	0	0	0	0	0	0	0	0	0	0	0	2	4	6	0	0	0	0	0	0	22.0
hsa-miR-202-5p	0	0	0	0	8	0	0	0	0	0	0	2	0	0	0	0	0	0	6	0	0	0	0	5	0	0	0	0	0	0	0	0	21.0
hsa-miR-6501-5p	0	0	0	0	0	0	0	0	0	0	0	8	0	0	0	0	0	0	0	0	0	0	0	4	6	3	0	0	0	0	0	0	21.0
hsa-miR-4637	0	0	0	0	0	0	0	0	0	0	0	2	0	0	0	0	0	0	0	0	0	0	0	14	5	0	0	0	0	0	0	0	21.0
hsa-miR-369-3p	0	0	0	0	0	0	0	0	0	0	0	6	0	0	0	0	0	0	0	0	0	0	0	9	4	2	0	0	0	0	0	0	21.0
hsa-miR-1284	0	0	0	0	0	0	0	0	0	0	0	10	0	0	0	0	0	0	0	0	0	0	0	0	7	3	0	0	0	0	0	0	20.0
hsa-miR-451b	0	0	0	0	0	0	0	0	0	0	0	6	0	0	0	0	0	0	0	0	0	0	0	14	0	0	0	0	0	0	0	0	20.0
hsa-miR-3195	0	0	0	0	0	0	0	0	0	0	0	0	0	0	0	0	0	0	0	8	0	0	0	11	0	0	0	0	0	0	0	0	19.0
hsa-miR-3609	0	0	0	0	0	0	0	0	0	0	0	0	0	0	0	0	0	0	0	0	0	0	0	19	0	0	0	0	0	0	0	0	19.0
hsa-miR-548j-5p	0	0	0	0	0	0	0	0	0	0	0	2	0	0	0	0	0	0	0	0	0	0	0	7	0	10	0	0	0	0	0	0	19.0
hsa-miR-5001-3p	0	0	0	0	0	0	0	0	0	0	0	6	0	0	0	0	0	0	0	0	0	0	0	5	2	6	0	0	0	0	0	0	19.0
hsa-miR-132-5p	0	0	0	0	0	0	0	0	0	0	0	4	0	0	0	0	0	0	0	2	0	0	0	6	2	5	0	0	0	0	0	0	19.0
hsa-miR-516b-5p	0	0	0	0	10	0	0	0	0	0	0	0	0	0	0	0	3	0	6	0	0	0	0	0	0	0	0	0	0	0	0	0	19.0
hsa-miR-659-5p	0	0	0	0	0	0	0	0	0	0	0	6	0	0	0	0	0	0	0	0	0	0	0	6	0	7	0	0	0	0	0	0	19.0
hsa-miR-497-5p	0	0	0	0	0	0	0	0	0	0	0	0	0	0	0	0	0	0	0	19	0	0	0	0	0	0	0	0	0	0	0	0	19.0
hsa-miR-183-3p	0	0	0	0	0	0	0	0	0	0	0	0	0	0	0	0	0	0	0	0	0	0	0	0	15	4	0	0	0	0	0	0	19.0
hsa-miR-658	0	0	3	4	0	0	0	0	0	0	0	0	0	0	0	0	0	0	0	0	2	0	3	7	0	0	0	0	0	0	0	0	19.0
hsa-miR-491-5p	0	0	0	0	0	0	0	0	0	0	0	0	0	0	0	0	0	0	0	16	0	0	0	0	2	0	0	0	0	0	0	0	18.0
hsa-miR-4659a-3p	0	0	0	0	0	0	0	0	0	0	0	3	0	0	0	0	0	0	0	0	0	0	0	13	0	2	0	0	0	0	0	0	18.0
hsa-miR-18b-3p	0	0	0	0	0	0	0	0	0	0	0	2	0	0	0	0	0	0	0	0	0	0	0	8	2	6	0	0	0	0	0	0	18.0
hsa-miR-874-3p	2	0	0	0	0	0	0	0	0	0	0	0	0	0	0	0	0	0	0	2	0	0	0	11	3	0	0	0	0	0	0	0	18.0
hsa-miR-10401-3p	0	2	0	0	0	0	0	2	0	0	0	0	0	0	0	0	0	0	0	0	0	0	0	7	2	5	0	0	0	0	0	0	18.0
hsa-miR-6511a-3p	0	0	0	0	0	0	0	0	0	0	0	5	0	0	0	0	0	0	0	0	0	0	0	3	6	3	0	0	0	0	0	0	17.119999999999997
hsa-miR-766-3p	0	0	0	0	0	0	0	0	0	0	0	6	0	0	0	0	0	0	0	4	0	0	0	4	3	0	0	0	0	0	0	0	17.0
hsa-miR-504-5p	0	0	0	3	0	0	0	0	0	0	0	0	0	0	0	0	0	0	0	10	0	0	0	0	4	0	0	0	0	0	0	0	17.0
hsa-miR-99a-3p	0	0	0	0	0	0	0	0	0	0	0	0	0	0	0	0	0	0	0	11	0	0	0	2	0	0	0	3	0	0	0	0	16.0
hsa-miR-891b	0	0	0	0	2	0	0	0	0	0	0	0	0	0	0	0	0	0	8	6	0	0	0	0	0	0	0	0	0	0	0	0	16.0
hsa-miR-581	0	0	0	0	0	0	0	0	0	0	0	2	0	0	0	0	0	0	0	0	0	0	0	9	5	0	0	0	0	0	0	0	16.0
hsa-miR-548ay-3p	0	0	0	0	0	0	0	0	0	0	0	6	0	0	0	0	0	0	0	0	0	0	0	8	0	2	0	0	0	0	0	0	16.0
hsa-miR-6840-5p	0	0	0	0	0	0	0	0	0	0	0	0	0	0	0	0	0	0	0	0	0	0	0	12	4	0	0	0	0	0	0	0	16.0
hsa-miR-16-1-3p	0	0	0	0	0	0	0	0	0	0	0	9	0	0	0	0	0	0	0	0	0	0	0	0	4	3	0	0	0	0	0	0	16.0
hsa-miR-483-5p	0	0	0	0	0	0	0	0	0	0	0	0	0	0	0	0	0	0	0	0	0	0	0	15	0	0	0	0	0	0	0	0	15.0
hsa-miR-92b-5p	0	7	0	0	0	0	0	0	0	0	0	0	0	0	0	0	0	0	0	2	0	0	0	4	2	0	0	0	0	0	0	0	15.0
hsa-miR-363-5p	0	0	0	0	0	0	0	0	0	0	0	2	0	0	0	0	0	0	0	0	0	0	0	0	4	3	0	0	0	6	0	0	15.0
hsa-miR-5701	0	0	0	0	0	0	0	0	0	0	0	0	0	0	0	0	0	0	0	0	0	0	0	15	0	0	0	0	0	0	0	0	15.0
hsa-miR-31-3p	0	0	0	0	0	0	0	0	2	0	0	0	0	0	0	0	0	0	0	0	0	0	0	10	0	0	0	3	0	0	0	0	15.0
hsa-miR-671-3p	0	0	0	0	0	0	0	0	0	0	0	2	0	0	0	0	0	0	0	9	0	0	0	0	2	0	0	0	0	2	0	0	15.0
hsa-let-7f-1-3p	0	0	0	0	0	0	0	0	0	0	0	3	0	0	0	0	0	0	0	0	0	0	0	12	0	0	0	0	0	0	0	0	15.0
hsa-miR-3177-3p	0	0	0	0	0	0	0	0	0	0	0	3	0	0	0	0	0	0	0	0	0	0	0	8	4	0	0	0	0	0	0	0	15.0
hsa-miR-1827	0	0	0	0	0	0	0	0	0	0	0	2	0	0	0	0	0	0	0	0	0	0	0	6	5	2	0	0	0	0	0	0	14.67
hsa-miR-873-5p	0	0	0	0	4	0	0	0	0	0	0	0	0	0	0	0	0	0	8	0	0	0	0	2	0	0	0	0	0	0	0	0	14.0
hsa-miR-1251-5p	0	0	0	0	0	0	0	0	0	0	0	0	0	0	0	0	0	0	0	14	0	0	0	0	0	0	0	0	0	0	0	0	14.0
hsa-miR-1296-5p	0	0	0	0	0	0	0	0	0	0	0	0	0	0	0	0	0	0	0	4	0	0	0	6	0	0	0	0	0	4	0	0	14.0
hsa-miR-4690-3p	0	0	0	0	0	0	0	0	0	0	0	3	0	0	0	0	0	0	0	0	0	0	0	2	4	5	0	0	0	0	0	0	14.0
hsa-miR-6806-3p	0	0	0	0	0	0	0	0	0	0	0	0	0	0	0	0	0	0	0	0	0	0	0	7	0	7	0	0	0	0	0	0	14.0
hsa-miR-1179	0	0	0	0	0	0	0	0	0	0	0	0	0	0	0	0	0	0	0	0	0	0	0	14	0	0	0	0	0	0	0	0	14.0
hsa-miR-548n	0	0	0	0	0	0	0	0	0	0	0	3	0	0	0	0	0	0	0	0	0	0	0	8	0	3	0	0	0	0	0	0	13.5
hsa-miR-548ab	0	0	0	0	0	0	0	0	0	0	0	3	0	0	0	0	0	0	0	0	0	0	0	6	0	5	0	0	0	0	0	0	13.5
hsa-miR-4510	0	0	0	0	0	0	0	0	0	0	0	3	0	0	0	0	0	0	0	0	0	0	0	3	3	4	0	0	0	2	0	0	13.3
hsa-miR-30b-3p	2	2	0	0	0	0	0	0	0	0	0	0	0	0	0	0	0	0	0	3	0	0	0	3	0	3	0	0	0	0	0	0	13.0
hsa-miR-1468-5p	2	4	0	4	0	0	0	0	0	0	0	3	0	0	0	0	0	0	0	0	0	0	0	0	0	0	0	0	0	0	0	0	13.0
hsa-miR-376c-3p	0	0	0	0	0	0	0	0	0	0	0	2	0	0	0	0	0	0	0	0	0	0	0	6	3	2	0	0	0	0	0	0	13.0
hsa-miR-6852-5p	0	0	0	0	0	0	0	0	0	0	0	4	0	0	0	0	0	0	0	0	0	0	0	3	2	4	0	0	0	0	0	0	13.0
hsa-miR-4521	0	0	0	0	0	0	0	0	0	0	0	2	0	0	0	0	0	0	0	0	0	0	0	5	0	6	0	0	0	0	0	0	13.0
hsa-miR-1273c	0	0	0	0	0	0	0	0	0	0	0	7	0	0	0	0	0	0	0	0	0	0	0	2	4	0	0	0	0	0	0	0	13.0
hsa-miR-877-5p	0	0	0	0	0	0	0	0	0	0	0	4	0	0	0	0	0	0	0	0	0	0	0	3	4	2	0	0	0	0	0	0	13.0
hsa-miR-548ar-3p	0	0	0	0	0	0	0	0	0	0	0	0	0	0	0	0	0	0	0	0	0	0	0	5	4	4	0	0	0	0	0	0	13.0
hsa-miR-30c-1-3p	2	0	0	2	0	0	0	0	0	0	0	2	0	0	0	0	0	0	0	2	0	0	0	2	0	3	0	0	0	0	0	0	13.0
hsa-miR-4678	0	0	0	0	0	0	0	0	0	0	0	2	0	0	0	0	0	0	0	0	0	0	0	3	4	4	0	0	0	0	0	0	13.0
hsa-miR-210-5p	0	0	0	0	0	0	0	0	0	0	0	0	0	0	0	0	0	0	0	0	0	0	0	13	0	0	0	0	0	0	0	0	13.0
hsa-miR-125a-3p	5	2	0	0	0	0	0	0	0	0	0	0	0	0	0	0	0	0	0	4	0	0	0	2	0	0	0	0	0	0	0	0	13.0
hsa-miR-4429	0	0	0	0	0	0	0	0	0	0	0	6	0	0	0	0	0	0	0	0	0	0	0	4	0	2	0	0	0	0	0	0	12.379999999999999
hsa-miR-4659b-3p	0	0	0	0	0	0	0	0	0	0	0	5	0	0	0	0	0	0	0	0	0	0	0	1	2	4	0	0	0	0	0	0	12.0
hsa-miR-3128	0	0	0	0	0	0	0	0	0	0	0	3	0	0	0	0	0	0	0	0	0	0	0	7	2	0	0	0	0	0	0	0	12.0
hsa-miR-3124-5p	0	0	0	0	0	0	0	0	0	0	0	3	0	0	0	0	0	0	0	0	0	0	0	5	2	2	0	0	0	0	0	0	12.0
hsa-miR-4999-5p	0	0	0	0	0	0	0	0	0	0	0	2	0	0	0	0	0	0	0	0	0	0	0	6	4	0	0	0	0	0	0	0	12.0
hsa-miR-1248	0	0	0	0	0	0	0	0	0	0	0	0	0	0	0	0	0	0	0	0	0	0	0	12	0	0	0	0	0	0	0	0	12.0
hsa-miR-188-5p	0	0	0	0	0	0	0	0	0	0	0	4	0	0	0	0	0	0	0	2	0	0	0	3	0	3	0	0	0	0	0	0	12.0
hsa-miR-3135a	0	0	0	0	0	0	0	0	0	0	0	2	0	0	0	0	0	0	0	0	0	0	0	4	2	4	0	0	0	0	0	0	12.0
hsa-miR-6859-5p	0	0	0	0	0	0	0	0	0	0	0	3	0	0	0	0	0	0	0	0	0	0	0	2	3	3	0	0	0	0	0	0	11.04
hsa-miR-934	2	3	0	0	0	0	0	0	0	0	0	0	0	0	0	0	0	0	0	4	0	0	0	0	0	0	0	0	2	0	0	0	11.0
hsa-miR-4511	0	0	0	0	0	0	0	0	0	0	0	4	0	0	0	0	0	0	0	0	0	0	0	3	0	4	0	0	0	0	0	0	11.0
hsa-miR-652-5p	0	0	0	0	0	0	0	0	0	0	0	5	0	0	0	0	0	0	0	0	0	0	0	2	4	0	0	0	0	0	0	0	11.0
hsa-miR-1185-1-3p	0	0	0	0	0	0	0	0	0	0	0	5	0	0	0	0	0	0	0	0	0	0	0	3	3	0	0	0	0	0	0	0	11.0
hsa-miR-3613-3p	0	0	0	0	0	0	0	0	0	0	0	3	0	0	0	0	0	0	0	0	0	0	0	6	0	2	0	0	0	0	0	0	11.0
hsa-miR-3136-5p	0	0	0	0	0	0	0	0	0	0	0	0	0	0	0	0	0	0	0	0	0	0	0	5	6	0	0	0	0	0	0	0	11.0
hsa-miR-20b-3p	0	0	0	0	0	0	0	0	0	0	0	0	0	0	0	0	0	0	0	4	0	0	0	7	0	0	0	0	0	0	0	0	11.0
hsa-miR-548a-3p	0	0	0	0	0	0	0	0	0	0	0	5	0	0	0	0	0	0	0	0	0	0	0	2	0	3	0	0	0	0	0	0	10.02
hsa-miR-610	0	0	0	0	0	0	0	0	0	0	0	2	0	0	0	0	0	0	0	0	0	0	0	4	2	2	0	0	0	0	0	0	10.0
hsa-miR-1224-5p	0	0	0	0	2	0	0	0	0	0	0	0	0	0	0	0	0	0	0	8	0	0	0	0	0	0	0	0	0	0	0	0	10.0
hsa-miR-5189-3p	0	0	0	0	0	0	0	0	0	0	0	4	0	0	0	0	0	0	0	0	0	0	0	0	3	3	0	0	0	0	0	0	10.0
hsa-miR-203b-3p	0	0	0	0	0	0	2	0	0	0	0	0	0	0	0	0	0	0	0	0	0	0	0	5	0	0	0	3	0	0	0	0	10.0
hsa-miR-129-5p	5	3	0	0	0	0	0	0	0	0	0	0	0	0	0	0	0	0	0	0	0	0	0	0	2	0	0	0	0	0	0	0	10.0
hsa-miR-4433b-3p	0	0	0	0	0	0	0	0	0	0	0	2	0	0	0	0	0	0	0	0	0	0	0	5	3	0	0	0	0	0	0	0	10.0
hsa-miR-24-1-5p	0	0	0	0	0	0	0	0	0	0	0	0	0	0	0	0	0	0	0	0	0	0	4	0	4	2	0	0	0	0	0	0	10.0
hsa-miR-6510-3p	4	0	0	0	0	0	0	0	0	0	0	0	0	0	0	0	0	0	0	0	0	0	0	6	0	0	0	0	0	0	0	0	10.0
hsa-miR-382-3p	0	0	0	0	0	0	0	0	0	0	0	0	0	0	0	0	0	0	0	0	0	0	0	7	3	0	0	0	0	0	0	0	10.0
hsa-miR-212-5p	0	0	0	0	0	0	0	0	0	0	0	0	0	0	0	2	0	0	0	0	0	0	0	8	0	0	0	0	0	0	0	0	10.0
hsa-miR-369-5p	0	0	0	0	0	0	0	0	0	0	0	2	0	0	0	0	0	0	0	0	0	0	0	5	3	0	0	0	0	0	0	0	10.0
hsa-miR-641	0	0	0	0	0	0	0	0	0	0	0	2	0	0	0	0	0	0	0	0	0	0	0	3	5	0	0	0	0	0	0	0	10.0
hsa-miR-1297	0	0	0	0	0	0	0	0	0	0	0	2	0	0	0	0	0	0	0	2	0	0	0	4	1	1	0	0	0	0	0	0	9.5
hsa-miR-3176	0	0	0	0	0	0	0	0	0	0	0	5	0	0	0	0	0	0	0	0	0	0	0	4	0	0	0	0	0	0	0	0	9.0
hsa-miR-3163	0	0	0	0	0	0	0	0	0	0	0	3	0	0	0	0	0	0	0	0	0	0	0	0	4	2	0	0	0	0	0	0	9.0
hsa-miR-561-5p	0	0	0	0	0	0	0	0	0	0	0	3	0	0	0	0	0	0	0	2	0	0	0	0	4	0	0	0	0	0	0	0	9.0
hsa-miR-1275	0	0	0	2	0	0	0	0	0	0	0	2	0	0	0	0	0	0	0	3	0	0	0	2	0	0	0	0	0	0	0	0	9.0
hsa-miR-3605-5p	0	0	0	0	0	0	0	0	0	0	0	2	0	0	0	0	0	0	0	0	0	0	0	3	0	4	0	0	0	0	0	0	9.0
hsa-miR-4776-5p	0	0	0	0	0	0	0	0	0	0	0	0	0	0	0	0	0	0	0	0	0	0	0	9	0	0	0	0	0	0	0	0	9.0
hsa-miR-4473	0	0	0	0	0	0	0	0	0	0	0	0	0	0	0	0	0	0	0	0	0	0	0	0	4	5	0	0	0	0	0	0	9.0
hsa-miR-214-3p	0	0	0	0	0	0	0	0	0	0	0	0	0	0	0	0	0	0	0	0	0	0	0	8	0	0	0	0	0	0	0	0	8.0
hsa-miR-570-3p	0	0	0	0	0	0	0	0	0	0	0	5	0	0	0	0	0	0	0	0	0	0	0	3	0	0	0	0	0	0	0	0	8.0
hsa-miR-6803-3p	0	0	0	0	0	0	0	0	0	0	0	2	0	0	0	0	0	0	0	0	0	0	0	0	0	6	0	0	0	0	0	0	8.0
hsa-miR-4742-5p	0	0	0	0	0	0	0	0	0	0	0	3	0	0	0	0	0	0	0	0	0	0	0	0	3	2	0	0	0	0	0	0	8.0
hsa-miR-760	0	2	4	0	0	0	0	0	0	0	0	0	0	0	0	0	0	0	0	0	0	0	0	0	0	2	0	0	0	0	0	0	8.0
hsa-miR-1908-5p	0	0	0	0	0	0	0	0	0	0	0	0	0	0	0	0	0	0	0	0	0	0	0	0	2	6	0	0	0	0	0	0	8.0
hsa-miR-1292-5p	0	0	0	0	0	0	0	0	0	0	0	2	0	0	0	0	0	0	0	0	0	0	0	4	0	2	0	0	0	0	0	0	8.0
hsa-miR-3173-5p	0	0	0	0	0	0	0	0	0	0	0	4	0	0	0	0	0	0	0	0	0	0	0	0	0	4	0	0	0	0	0	0	8.0
hsa-miR-4672	0	0	0	0	0	0	0	0	0	0	0	2	0	0	0	0	0	0	0	0	0	0	0	0	3	3	0	0	0	0	0	0	8.0
hsa-miR-502-5p	0	0	0	0	0	0	0	0	0	0	0	4	0	0	0	0	0	0	0	0	0	0	0	4	0	0	0	0	0	0	0	0	8.0
hsa-miR-487b-3p	0	0	0	0	0	0	0	0	0	0	0	0	0	0	0	0	0	0	0	2	0	0	0	4	2	0	0	0	0	0	0	0	8.0
hsa-miR-378e	0	0	0	0	0	0	0	0	0	0	0	1	0	0	0	0	0	0	0	3	0	0	0	0	0	3	0	0	0	0	0	0	7.2
hsa-miR-98-3p	0	0	0	0	0	0	0	0	0	0	0	0	0	0	0	0	0	0	0	0	0	0	0	7	0	0	0	0	0	0	0	0	7.0
hsa-miR-3196	0	0	0	0	0	0	0	0	0	0	0	0	0	0	0	0	0	0	0	0	0	0	0	7	0	0	0	0	0	0	0	0	7.0
hsa-miR-4755-5p	0	0	0	0	0	0	0	0	0	0	0	2	0	0	0	0	0	0	0	0	0	0	0	0	0	5	0	0	0	0	0	0	7.0
kshv-miR-K12-7-5p	0	0	0	0	0	0	0	0	0	0	0	0	0	0	0	0	0	0	0	0	0	0	0	7	0	0	0	0	0	0	0	0	7.0
hsa-miR-103a-2-5p	0	0	0	0	0	0	0	0	0	0	0	0	0	0	0	0	0	0	0	0	0	0	0	5	2	0	0	0	0	0	0	0	7.0
hsa-miR-192-3p	0	0	0	0	0	0	0	0	0	0	0	2	0	0	0	0	0	0	0	0	0	0	0	5	0	0	0	0	0	0	0	0	7.0
hsa-miR-136-5p	0	0	0	0	0	0	0	0	0	0	0	0	0	0	0	0	0	0	0	5	0	0	0	2	0	0	0	0	0	0	0	0	7.0
hsa-miR-516a-5p	0	0	0	0	2	0	0	0	0	0	0	0	0	0	0	0	0	0	2	0	0	0	0	2	0	0	0	0	0	0	0	0	6.0
hsa-miR-34c-3p	0	0	0	0	0	0	0	0	0	0	0	0	0	0	0	0	0	0	0	0	0	0	0	6	0	0	0	0	0	0	0	0	6.0
hsa-miR-127-5p	0	0	0	0	0	0	0	0	0	0	0	0	0	0	0	0	0	0	0	0	0	0	0	6	0	0	0	0	0	0	0	0	6.0
hsa-miR-296-3p	0	0	0	0	0	0	0	0	0	0	0	0	0	0	0	0	0	0	0	4	0	0	0	0	0	0	0	0	0	2	0	0	6.0
hsa-miR-892b	0	0	0	0	2	0	0	0	0	0	0	0	0	0	0	0	0	0	2	2	0	0	0	0	0	0	0	0	0	0	0	0	6.0
hsa-miR-664b-3p	0	0	0	0	0	0	0	0	0	0	0	2	0	0	0	0	0	0	0	0	0	0	0	0	0	4	0	0	0	0	0	0	6.0
hsa-miR-514a-5p	0	0	0	0	0	0	0	0	0	0	0	0	0	0	0	0	0	0	2	0	0	0	0	4	0	0	0	0	0	0	0	0	6.0
hsa-miR-1289	0	0	0	0	0	0	0	0	0	0	0	2	0	0	0	0	0	0	0	0	0	0	0	0	2	2	0	0	0	0	0	0	6.0
hsa-miR-143-5p	0	0	0	0	0	0	0	0	0	0	0	2	0	0	0	0	0	0	0	0	0	0	0	4	0	0	0	0	0	0	0	0	6.0
hsa-miR-4668-5p	0	0	0	0	0	0	0	0	0	0	0	3	0	0	0	0	0	0	0	0	0	0	0	0	3	0	0	0	0	0	0	0	6.0
hsa-miR-6802-3p	0	0	0	0	0	0	0	0	0	0	0	0	0	0	0	0	0	0	0	0	0	0	0	0	2	4	0	0	0	0	0	0	6.0
hsa-miR-4669	0	0	0	0	0	0	0	0	0	0	0	0	0	0	0	0	0	0	0	0	0	0	0	0	6	0	0	0	0	0	0	0	6.0
hsa-miR-449a	2	0	0	0	2	0	0	0	0	0	0	0	0	0	0	0	0	0	0	0	0	0	0	2	0	0	0	0	0	0	0	0	6.0
hsa-miR-584-3p	0	0	0	0	0	0	0	0	0	0	0	0	0	0	0	0	0	0	0	0	0	0	0	2	2	2	0	0	0	0	0	0	6.0
hsa-miR-509-5p	0	0	0	0	0	0	0	0	0	0	0	0	0	0	0	0	0	0	2	0	0	0	0	4	0	0	0	0	0	0	0	0	6.0
hsa-miR-1976	0	0	0	0	0	0	0	0	0	0	0	4	0	0	0	0	0	0	0	0	0	0	0	0	0	2	0	0	0	0	0	0	6.0
hsa-miR-539-3p	0	0	0	0	0	0	0	0	0	0	0	4	0	0	0	0	0	0	0	0	0	0	0	0	0	2	0	0	0	0	0	0	6.0
hsa-miR-3179	0	0	0	0	0	0	0	0	0	0	0	4	0	0	0	0	0	0	0	0	0	0	0	0	0	2	0	0	0	0	0	0	5.920000000000001
hsa-miR-376a-3p	0	0	0	0	0	0	0	0	0	0	0	0	0	0	0	0	0	0	0	2	0	0	0	3	0	0	0	0	0	0	0	0	5.0
hsa-miR-323b-3p	0	0	0	0	0	0	0	0	0	0	0	2	0	0	0	0	0	0	0	0	0	0	0	0	3	0	0	0	0	0	0	0	5.0
hsa-miR-6513-5p	0	0	0	0	0	0	0	0	0	0	0	2	0	0	0	0	0	0	0	0	0	0	0	3	0	0	0	0	0	0	0	0	5.0
hsa-miR-10393-3p	0	0	0	0	0	0	0	0	0	0	0	0	0	0	0	0	0	0	0	0	0	0	0	5	0	0	0	0	0	0	0	0	5.0
hsa-miR-455-3p	0	0	0	0	0	0	0	0	0	0	0	0	0	0	0	0	0	0	0	2	0	0	3	0	0	0	0	0	0	0	0	0	5.0
hsa-miR-2277-5p	0	0	0	0	0	0	0	0	0	0	0	0	0	0	0	0	0	0	0	0	0	0	0	3	0	2	0	0	0	0	0	0	5.0
hsa-miR-485-3p	0	0	0	0	0	0	0	0	0	0	0	2	0	0	0	0	0	0	0	0	0	0	0	0	3	0	0	0	0	0	0	0	5.0
hsa-miR-548j-3p	0	0	0	0	0	0	0	0	0	0	0	0	0	0	0	0	0	0	0	0	0	0	0	3	0	2	0	0	0	0	0	0	5.0
hsa-miR-548l	0	0	0	0	0	0	0	0	0	0	0	0	0	0	0	0	0	0	0	0	0	0	0	0	2	3	0	0	0	0	0	0	5.0
hsa-miR-888-3p	0	0	0	0	0	0	0	0	0	0	0	0	0	0	0	0	0	0	0	5	0	0	0	0	0	0	0	0	0	0	0	0	5.0
hsa-miR-627-3p	0	0	0	0	0	0	0	0	0	0	0	0	0	0	0	0	0	0	0	0	0	0	0	0	3	2	0	0	0	0	0	0	5.0
hsa-miR-616-5p	0	0	0	0	0	0	0	0	0	0	0	0	0	0	0	0	0	0	0	0	0	0	0	3	0	2	0	0	0	0	0	0	5.0
hsa-miR-5003-3p	0	0	0	0	0	0	0	0	0	0	0	0	0	0	0	0	0	0	0	0	0	0	0	5	0	0	0	0	0	0	0	0	5.0
hsa-miR-337-3p	0	0	0	0	0	0	0	0	0	0	0	3	0	0	0	0	0	0	0	0	0	0	0	0	2	0	0	0	0	0	0	0	5.0
hsa-miR-3140-3p	0	0	0	0	0	0	0	0	0	0	0	0	0	0	0	0	0	0	0	0	0	0	0	0	3	2	0	0	0	0	0	0	5.0
hsa-miR-1249-3p	0	0	0	0	0	0	0	0	0	0	0	5	0	0	0	0	0	0	0	0	0	0	0	0	0	0	0	0	0	0	0	0	5.0
hsa-miR-6514-5p	0	0	0	0	0	0	0	0	0	0	0	0	0	0	0	0	0	0	0	0	0	0	0	3	0	2	0	0	0	0	0	0	5.0
hsa-miR-654-5p	0	0	0	3	0	0	0	0	0	0	0	0	0	0	0	0	0	0	0	0	0	0	0	2	0	0	0	0	0	0	0	0	5.0
hsa-miR-5187-5p	0	0	2	0	0	0	0	0	0	0	0	0	0	0	0	0	0	0	0	3	0	0	0	0	0	0	0	0	0	0	0	0	5.0
hsa-miR-6783-5p	0	0	0	0	0	0	0	0	0	0	0	2	0	0	0	0	0	0	0	0	0	0	0	0	0	3	0	0	0	0	0	0	5.0
hsa-miR-5094	0	0	0	0	0	0	0	0	0	0	0	0	0	0	0	0	0	0	0	0	0	0	0	5	0	0	0	0	0	0	0	0	5.0
hsa-miR-5090	0	0	0	0	0	0	0	0	0	0	0	0	0	0	0	0	0	0	0	0	0	0	0	0	0	5	0	0	0	0	0	0	5.0
hsa-miR-4775	0	0	0	0	0	0	0	0	0	0	0	0	0	0	0	0	0	0	0	0	0	0	0	2	3	0	0	0	0	0	0	0	5.0
hsa-miR-520a-3p	0	0	0	0	3	0	0	0	0	0	0	0	0	0	0	0	0	0	2	0	0	0	0	0	0	0	0	0	0	0	0	0	5.0
hsa-miR-9-3p	0	0	0	0	0	0	0	0	0	0	0	0	0	0	0	0	0	0	2	0	0	0	0	2	0	0	0	0	0	0	0	0	4.0200000000000005
hsa-miR-15a-3p	0	0	0	0	0	0	0	0	0	0	0	0	0	0	0	0	0	0	0	0	0	0	0	2	2	0	0	0	0	0	0	0	4.0
hsa-miR-1271-5p	0	0	0	0	0	0	0	0	0	0	0	0	0	0	0	0	0	0	0	0	0	0	0	4	0	0	0	0	0	0	0	0	4.0
hsa-miR-4797-3p	0	0	0	0	0	0	0	0	0	0	0	0	0	0	0	0	0	0	0	0	0	0	0	2	2	0	0	0	0	0	0	0	4.0
hsa-miR-3648	0	4	0	0	0	0	0	0	0	0	0	0	0	0	0	0	0	0	0	0	0	0	0	0	0	0	0	0	0	0	0	0	4.0
hsa-miR-4745-3p	0	0	0	4	0	0	0	0	0	0	0	0	0	0	0	0	0	0	0	0	0	0	0	0	0	0	0	0	0	0	0	0	4.0
hsa-miR-933	0	0	0	0	0	0	0	0	0	0	0	0	0	0	0	0	0	0	0	0	0	0	0	0	0	4	0	0	0	0	0	0	4.0
hsa-miR-6768-5p	0	0	0	0	0	0	0	0	0	0	0	0	0	0	0	0	0	0	0	0	0	0	0	4	0	0	0	0	0	0	0	0	4.0
hsa-miR-492	0	0	0	0	0	0	0	0	0	0	0	0	0	0	0	0	0	0	0	0	0	0	0	4	0	0	0	0	0	0	0	0	4.0
hsa-miR-5010-5p	0	0	0	0	0	0	0	0	0	0	0	0	0	0	0	0	0	0	0	0	0	0	0	0	0	4	0	0	0	0	0	0	4.0
hsa-miR-628-3p	0	0	0	0	0	0	0	0	0	0	0	0	0	0	0	0	0	0	0	0	0	0	0	0	0	4	0	0	0	0	0	0	4.0
hsa-miR-483-3p	0	0	0	0	0	0	0	0	0	0	0	0	0	0	0	0	0	0	0	0	0	0	0	4	0	0	0	0	0	0	0	0	4.0
hsa-miR-190b-5p	0	0	0	0	0	0	0	0	0	0	0	2	0	0	0	0	0	0	0	0	0	0	0	2	0	0	0	0	0	0	0	0	4.0
hsa-miR-3943	0	0	0	0	0	0	0	0	0	0	0	0	0	0	0	0	0	0	0	4	0	0	0	0	0	0	0	0	0	0	0	0	4.0
hsa-miR-7854-3p	0	0	0	0	0	0	0	0	0	0	0	0	0	0	0	0	0	0	0	0	0	0	0	2	2	0	0	0	0	0	0	0	4.0
hsa-miR-3157-3p	0	0	0	0	0	0	0	0	0	0	0	0	0	0	0	0	0	0	0	0	0	0	0	0	4	0	0	0	0	0	0	0	4.0
hsa-miR-1226-3p	0	0	0	0	0	0	0	0	0	0	0	2	0	0	0	0	0	0	0	0	0	0	0	0	2	0	0	0	0	0	0	0	4.0
hsa-miR-6805-5p	0	0	0	0	0	0	0	0	0	0	0	0	0	0	0	0	0	0	0	0	0	0	0	2	0	2	0	0	0	0	0	0	4.0
hsa-miR-1343-3p	0	0	0	0	0	0	0	0	0	0	0	2	0	0	0	0	0	0	0	0	0	0	0	0	2	0	0	0	0	0	0	0	4.0
hsa-miR-3130-5p	0	0	0	0	0	0	0	0	0	0	0	4	0	0	0	0	0	0	0	0	0	0	0	0	0	0	0	0	0	0	0	0	4.0
hsa-miR-1273h-3p	0	0	0	0	0	0	0	0	0	0	0	2	0	0	0	0	0	0	0	0	0	0	0	2	0	0	0	0	0	0	0	0	4.0
hsa-miR-6765-3p	0	0	0	0	0	0	0	0	0	0	0	0	0	0	0	0	0	0	0	0	0	0	0	4	0	0	0	0	0	0	0	0	4.0
hsa-miR-4772-3p	0	0	0	0	0	0	0	0	0	0	0	0	0	0	0	0	0	0	0	0	0	0	0	0	2	2	0	0	0	0	0	0	4.0
hcmv-miR-US33-5p	0	0	0	0	0	0	0	0	0	0	0	0	0	0	0	0	0	0	0	0	2	0	2	0	0	0	0	0	0	0	0	0	4.0
hsa-miR-195-3p	0	0	0	0	0	0	0	0	0	0	0	0	0	0	0	0	0	0	0	0	0	0	0	4	0	0	0	0	0	0	0	0	4.0
hsa-miR-579-3p	0	0	0	0	0	0	0	0	0	0	0	0	0	0	0	0	0	0	0	0	0	0	0	2	0	2	0	0	0	0	0	0	4.0
hsa-miR-411-3p	0	0	0	0	0	0	0	0	0	0	0	0	0	0	0	0	0	0	0	0	0	0	0	0	4	0	0	0	0	0	0	0	4.0
hsa-miR-3614-5p	0	0	0	0	0	0	0	2	0	0	0	0	0	0	0	0	0	0	0	0	0	0	0	2	0	0	0	0	0	0	0	0	4.0
hsa-miR-3691-5p	0	0	2	0	0	0	0	0	0	0	0	0	0	0	0	0	0	0	0	0	0	0	0	0	2	0	0	0	0	0	0	0	4.0
hsa-miR-203a-5p	0	0	0	0	0	0	0	0	4	0	0	0	0	0	0	0	0	0	0	0	0	0	0	0	0	0	0	0	0	0	0	0	4.0
hsa-miR-139-3p	0	0	0	0	0	0	0	0	0	0	0	0	0	0	0	0	0	0	0	0	0	0	0	2	2	0	0	0	0	0	0	0	4.0
hsa-miR-6856-5p	0	0	0	0	0	0	0	0	0	0	0	0	0	0	0	0	0	0	0	0	0	0	0	4	0	0	0	0	0	0	0	0	4.0
hsa-miR-4676-3p	0	0	0	0	0	0	0	0	0	0	0	0	0	0	0	0	0	0	0	0	0	0	0	2	0	2	0	0	0	0	0	0	4.0
hsa-miR-200c-5p	0	0	0	0	0	0	0	0	0	0	0	0	0	0	0	0	0	0	0	4	0	0	0	0	0	0	0	0	0	0	0	0	4.0
hsa-miR-8086	0	0	0	0	0	0	0	0	0	0	0	0	0	0	0	0	0	0	0	0	0	0	0	4	0	0	0	0	0	0	0	0	4.0
hsa-miR-6511b-3p	0	0	0	0	0	0	0	0	0	0	0	2	0	0	0	0	0	0	0	0	0	0	0	0	0	2	0	0	0	0	0	0	4.0
hsa-miR-3117-3p	0	0	0	0	0	0	0	0	0	0	0	2	0	0	0	0	0	0	0	0	0	0	0	2	0	0	0	0	0	0	0	0	4.0
hsa-miR-6516-5p	0	0	0	0	0	0	0	0	0	0	0	2	0	0	0	0	0	0	0	0	0	0	0	2	0	0	0	0	0	0	0	0	4.0
hsa-miR-23b-5p	4	0	0	0	0	0	0	0	0	0	0	0	0	0	0	0	0	0	0	0	0	0	0	0	0	0	0	0	0	0	0	0	4.0
hsa-miR-636	0	0	0	0	0	0	0	0	0	0	0	0	0	0	0	0	0	0	0	0	0	0	0	0	2	2	0	0	0	0	0	0	4.0
hsa-miR-6516-3p	0	0	0	0	0	0	0	0	0	0	0	0	0	0	0	0	0	0	0	0	0	0	0	4	0	0	0	0	0	0	0	0	4.0
hsa-miR-519a-5p	0	0	0	0	0	0	0	0	0	0	0	0	0	0	0	0	0	0	3	0	0	0	0	0	0	0	0	0	0	0	0	0	3.33
hsa-miR-150-3p	0	0	0	0	0	0	0	0	0	0	0	3	0	0	0	0	0	0	0	0	0	0	0	0	0	0	0	0	0	0	0	0	3.0
hsa-miR-5189-5p	0	0	0	0	0	0	0	0	0	0	0	0	0	0	0	0	0	0	0	0	0	0	0	0	0	3	0	0	0	0	0	0	3.0
hsa-miR-4670-5p	0	0	0	0	0	0	0	0	0	0	0	0	0	0	0	0	0	0	0	0	0	0	0	3	0	0	0	0	0	0	0	0	3.0
hsa-miR-5009-5p	0	0	0	0	0	0	0	0	0	0	0	0	0	0	0	0	0	0	0	0	0	0	0	3	0	0	0	0	0	0	0	0	3.0
hsa-miR-372-3p	0	0	0	0	0	0	0	0	0	0	0	0	0	0	0	0	0	0	3	0	0	0	0	0	0	0	0	0	0	0	0	0	3.0
hsa-miR-675-3p	0	0	0	0	0	0	0	0	0	0	0	0	0	0	0	0	0	0	0	0	0	0	0	3	0	0	0	0	0	0	0	0	3.0
hsa-miR-105-3p	0	0	0	0	0	0	0	0	0	0	0	0	0	0	0	0	0	0	0	0	0	0	0	3	0	0	0	0	0	0	0	0	3.0
hsa-miR-182-3p	0	0	0	0	0	0	0	0	0	0	0	0	0	0	0	0	0	0	0	0	0	0	0	0	3	0	0	0	0	0	0	0	3.0
hsa-miR-5001-5p	0	0	0	0	0	0	0	0	0	0	0	0	0	0	0	0	0	0	0	0	0	0	0	3	0	0	0	0	0	0	0	0	3.0
hsa-miR-4446-3p	0	0	0	0	0	0	0	0	0	0	0	0	0	0	0	0	0	0	0	0	0	0	0	0	3	0	0	0	0	0	0	0	3.0
hsv1-miR-H4-3p	0	0	0	0	0	0	0	0	0	0	0	0	0	0	0	0	0	3	0	0	0	0	0	0	0	0	0	0	0	0	0	0	3.0
hsa-miR-6815-3p	0	0	0	0	0	0	0	0	0	0	0	0	0	0	0	0	0	0	0	0	0	0	0	3	0	0	0	0	0	0	0	0	3.0
hsa-miR-548d-3p	0	0	0	0	0	0	0	0	0	0	0	0	0	0	0	0	0	0	0	0	0	0	0	3	0	0	0	0	0	0	0	0	3.0
hsa-miR-643	0	0	0	0	0	0	0	0	0	0	0	0	0	0	0	0	0	0	0	0	0	0	0	3	0	0	0	0	0	0	0	0	3.0
hsa-miR-138-5p	0	0	0	3	0	0	0	0	0	0	0	0	0	0	0	0	0	0	0	0	0	0	0	0	0	0	0	0	0	0	0	0	3.0
hsa-miR-133b	0	0	0	0	0	0	0	0	0	0	0	0	0	0	0	0	0	0	0	0	0	0	3	0	0	0	0	0	0	0	0	0	2.67
hsv1-miR-H11	0	0	0	0	0	0	0	0	0	0	0	0	0	0	0	0	0	0	0	0	0	0	0	3	0	0	0	0	0	0	0	0	2.66
hsa-miR-656-3p	0	0	0	0	0	0	0	0	0	0	0	0	0	0	0	0	0	0	0	0	0	0	0	2	0	0	0	0	0	0	0	0	2.0
hsa-miR-612	0	0	0	0	0	0	0	0	0	0	0	0	0	0	0	0	0	0	0	0	0	0	0	2	0	0	0	0	0	0	0	0	2.0
hsa-miR-6749-3p	0	0	0	0	0	0	0	0	0	0	0	0	0	0	0	0	0	0	0	0	0	0	0	2	0	0	0	0	0	0	0	0	2.0
hsa-miR-4762-3p	0	0	0	0	0	0	0	0	0	0	0	0	0	0	0	0	0	0	0	0	0	0	0	2	0	0	0	0	0	0	0	0	2.0
hsa-miR-191-3p	0	0	0	2	0	0	0	0	0	0	0	0	0	0	0	0	0	0	0	0	0	0	0	0	0	0	0	0	0	0	0	0	2.0
hsa-miR-33b-5p	0	0	0	0	0	0	0	0	0	0	0	0	0	0	0	0	0	0	0	0	0	0	0	0	0	2	0	0	0	0	0	0	2.0
hsa-miR-6505-3p	0	0	0	0	0	0	0	0	0	0	0	0	0	0	0	0	0	0	0	0	0	0	0	2	0	0	0	0	0	0	0	0	2.0
hsa-miR-3667-3p	0	0	0	0	0	0	0	0	0	0	0	2	0	0	0	0	0	0	0	0	0	0	0	0	0	0	0	0	0	0	0	0	2.0
hsa-miR-377-3p	0	0	0	0	0	0	0	0	0	0	0	0	0	0	0	0	0	0	0	0	0	0	0	0	2	0	0	0	0	0	0	0	2.0
hsa-miR-130a-5p	0	0	0	0	0	0	0	0	0	0	0	0	0	0	0	0	0	0	0	0	0	0	0	2	0	0	0	0	0	0	0	0	2.0
hsa-miR-6808-3p	0	0	0	0	0	0	0	0	0	0	0	2	0	0	0	0	0	0	0	0	0	0	0	0	0	0	0	0	0	0	0	0	2.0
hsa-miR-4286	0	0	0	0	0	0	0	0	0	0	0	0	0	0	0	0	0	0	0	0	0	0	0	2	0	0	0	0	0	0	0	0	2.0
hsa-miR-3199	0	0	0	0	0	0	0	0	0	0	0	0	0	0	0	0	0	0	0	0	0	0	0	2	0	0	0	0	0	0	0	0	2.0
hsa-miR-3144-3p	0	0	0	0	0	0	0	0	0	0	0	0	0	0	0	0	0	0	0	0	0	0	0	2	0	0	0	0	0	0	0	0	2.0
hsa-miR-3185	0	0	0	0	0	0	0	0	0	0	0	0	0	0	0	0	0	0	0	2	0	0	0	0	0	0	0	0	0	0	0	0	2.0
hsa-miR-506-3p	2	0	0	0	0	0	0	0	0	0	0	0	0	0	0	0	0	0	0	0	0	0	0	0	0	0	0	0	0	0	0	0	2.0
hsa-miR-3611	0	0	0	0	0	0	0	0	0	0	0	2	0	0	0	0	0	0	0	0	0	0	0	0	0	0	0	0	0	0	0	0	2.0
hsa-miR-3170	2	0	0	0	0	0	0	0	0	0	0	0	0	0	0	0	0	0	0	0	0	0	0	0	0	0	0	0	0	0	0	0	2.0
hsa-miR-125b-1-3p	2	0	0	0	0	0	0	0	0	0	0	0	0	0	0	0	0	0	0	0	0	0	0	0	0	0	0	0	0	0	0	0	2.0
hsa-miR-152-5p	0	0	0	0	0	0	0	0	0	0	0	0	0	0	0	0	0	0	0	2	0	0	0	0	0	0	0	0	0	0	0	0	2.0
hsa-miR-3164	0	0	0	0	0	0	0	0	0	0	0	0	0	0	0	0	0	0	0	0	0	0	0	0	2	0	0	0	0	0	0	0	2.0
hsa-miR-10393-5p	0	0	0	0	0	0	0	0	0	0	0	0	0	0	0	0	0	0	0	0	0	0	0	2	0	0	0	0	0	0	0	0	2.0
hsa-miR-6716-3p	0	0	0	0	0	0	0	0	0	0	0	0	0	0	0	0	0	0	0	0	0	0	0	2	0	0	0	0	0	0	0	0	2.0
hsa-miR-664b-5p	0	2	0	0	0	0	0	0	0	0	0	0	0	0	0	0	0	0	0	0	0	0	0	0	0	0	0	0	0	0	0	0	2.0
hsa-miR-5680	0	0	0	0	0	0	0	0	0	0	0	0	0	0	0	0	0	0	0	2	0	0	0	0	0	0	0	0	0	0	0	0	2.0
hsa-miR-422a	0	0	0	0	0	0	0	0	0	0	0	0	0	0	0	0	0	0	0	0	0	0	0	2	0	0	0	0	0	0	0	0	2.0
hsa-miR-301b-3p	0	0	0	0	0	0	0	0	0	0	0	0	0	0	0	0	0	0	0	2	0	0	0	0	0	0	0	0	0	0	0	0	2.0
hsa-miR-3157-5p	0	0	0	0	0	0	0	0	0	0	0	2	0	0	0	0	0	0	0	0	0	0	0	0	0	0	0	0	0	0	0	0	2.0
hsa-miR-3939	0	0	0	0	0	0	0	0	0	0	0	0	0	0	0	0	0	0	0	0	0	0	0	0	2	0	0	0	0	0	0	0	2.0
hsa-miR-6798-3p	0	0	0	0	0	0	0	0	0	0	0	0	0	0	0	0	0	0	0	0	0	0	0	2	0	0	0	0	0	0	0	0	2.0
hsa-miR-3139	0	0	0	0	0	0	0	0	0	0	0	0	0	0	0	0	0	0	0	0	0	0	0	0	2	0	0	0	0	0	0	0	2.0
hsa-miR-3133	0	0	0	0	0	0	0	0	0	0	0	2	0	0	0	0	0	0	0	0	0	0	0	0	0	0	0	0	0	0	0	0	2.0
hsa-miR-3131	0	0	0	0	0	0	0	0	0	0	0	0	0	0	0	0	0	0	0	2	0	0	0	0	0	0	0	0	0	0	0	0	2.0
hsa-miR-6868-3p	0	0	0	0	0	0	0	0	0	0	0	0	0	0	0	0	0	0	0	0	0	0	0	0	2	0	0	0	0	0	0	0	2.0
hsa-miR-548t-5p	0	0	0	0	0	0	0	0	0	0	0	0	0	0	0	0	0	0	0	0	0	0	0	2	0	0	0	0	0	0	0	0	2.0
hsa-miR-10400-5p	0	0	0	0	0	0	0	0	0	0	0	0	0	0	0	0	0	0	0	0	0	0	0	2	0	0	0	0	0	0	0	0	2.0
hsa-miR-485-5p	0	0	0	2	0	0	0	0	0	0	0	0	0	0	0	0	0	0	0	0	0	0	0	0	0	0	0	0	0	0	0	0	2.0
hsa-miR-508-5p	0	0	0	0	0	0	0	0	0	0	0	0	0	0	0	0	0	0	2	0	0	0	0	0	0	0	0	0	0	0	0	0	2.0
hsa-miR-5582-3p	0	0	0	0	0	0	0	0	0	0	0	0	0	0	0	0	0	0	0	0	0	0	0	2	0	0	0	0	0	0	0	0	2.0
hsa-miR-6857-3p	0	0	0	0	0	0	0	0	0	0	0	0	0	0	0	0	0	0	0	0	0	0	0	0	0	2	0	0	0	0	0	0	2.0
hsa-miR-6741-3p	0	0	0	0	0	0	0	0	0	0	0	2	0	0	0	0	0	0	0	0	0	0	0	0	0	0	0	0	0	0	0	0	2.0
hsa-miR-939-5p	0	0	0	0	0	0	0	0	0	0	0	0	0	0	0	0	0	0	0	0	0	0	0	0	2	0	0	0	0	0	0	0	2.0
hsv2-miR-H23-5p	0	0	0	0	0	0	0	0	0	0	0	0	0	0	0	0	0	0	0	0	0	0	0	2	0	0	0	0	0	0	0	0	2.0
hsa-miR-1293	0	2	0	0	0	0	0	0	0	0	0	0	0	0	0	0	0	0	0	0	0	0	0	0	0	0	0	0	0	0	0	0	2.0
hsa-miR-487a-3p	0	0	0	0	0	0	0	0	0	0	0	0	0	0	0	0	0	0	0	0	0	0	0	0	2	0	0	0	0	0	0	0	2.0
hsa-miR-4661-5p	0	0	0	0	0	0	0	0	0	0	0	0	0	0	0	0	0	0	0	0	0	0	0	2	0	0	0	0	0	0	0	0	2.0
hsa-miR-6887-5p	0	2	0	0	0	0	0	0	0	0	0	0	0	0	0	0	0	0	0	0	0	0	0	0	0	0	0	0	0	0	0	0	2.0
hsa-miR-3688-5p	0	0	0	0	0	0	0	0	0	0	0	0	0	0	0	0	0	0	0	0	0	0	0	2	0	0	0	0	0	0	0	0	2.0
hsa-miR-3187-3p	0	0	0	0	0	0	0	0	0	0	0	0	0	0	0	0	0	0	0	0	0	0	0	0	2	0	0	0	0	0	0	0	2.0
hsa-miR-216b-5p	0	0	0	2	0	0	0	0	0	0	0	0	0	0	0	0	0	0	0	0	0	0	0	0	0	0	0	0	0	0	0	0	2.0
Hsa-Mir-599_5p	0	0	0	0	0	0	0	0	0	0	0	0	0	0	0	0	0	0	0	0	0	0	0	2	0	0	0	0	0	0	0	0	2.0
hsa-miR-378i	0	0	0	0	0	0	0	0	0	0	0	0	0	0	0	0	0	0	0	0	0	0	0	2	0	0	0	0	0	0	0	0	2.0
hsa-miR-378f	0	0	0	0	0	0	0	0	0	0	0	0	0	0	0	0	0	0	0	0	0	0	0	2	0	0	0	0	0	0	0	0	2.0
hsa-miR-3065-3p	0	0	0	2	0	0	0	0	0	0	0	0	0	0	0	0	0	0	0	0	0	0	0	0	0	0	0	0	0	0	0	0	2.0
hsa-miR-4772-5p	0	0	0	0	0	0	0	0	0	0	0	0	0	0	0	0	0	0	0	0	0	0	0	0	0	2	0	0	0	0	0	0	2.0
hsa-miR-6882-5p	0	0	0	0	0	0	0	0	0	0	0	0	0	0	0	0	0	0	0	0	0	0	0	0	2	0	0	0	0	0	0	0	2.0
hsa-miR-619-3p	0	0	0	0	0	0	0	0	0	0	0	0	0	0	0	0	0	0	0	0	0	0	0	2	0	0	0	0	0	0	0	0	2.0
hsa-miR-1261	0	0	0	0	0	0	0	0	0	0	0	0	0	0	0	0	0	0	0	0	0	0	0	2	0	0	0	0	0	0	0	0	2.0
hsa-miR-585-5p	0	0	0	0	0	0	0	0	0	0	0	0	0	0	0	0	0	0	0	0	0	0	0	2	0	0	0	0	0	0	0	0	2.0
hsa-miR-4655-3p	0	0	0	0	0	0	0	0	0	0	0	0	0	0	0	0	0	0	0	2	0	0	0	0	0	0	0	0	0	0	0	0	2.0
hsa-miR-23a-5p	0	0	0	0	0	0	0	0	0	0	0	0	0	0	0	0	0	0	0	0	0	0	0	2	0	0	0	0	0	0	0	0	2.0
hsa-miR-4503	0	0	0	0	0	0	0	0	0	0	0	0	0	0	0	0	0	0	0	0	0	0	0	2	0	0	0	0	0	0	0	0	2.0
hsa-miR-4500	0	0	0	0	0	0	0	0	0	0	0	2	0	0	0	0	0	0	0	0	0	0	0	0	0	0	0	0	0	0	0	0	2.0
hsa-miR-4638-5p	0	2	0	0	0	0	0	0	0	0	0	0	0	0	0	0	0	0	0	0	0	0	0	0	0	0	0	0	0	0	0	0	2.0
hsa-miR-548p	0	0	0	0	0	0	0	0	0	0	0	0	0	0	0	0	0	0	0	0	0	0	0	2	0	0	0	0	0	0	0	0	2.0
hsa-miR-548i	0	0	0	0	0	0	0	0	0	0	0	2	0	0	0	0	0	0	0	0	0	0	0	0	0	0	0	0	0	0	0	0	2.0
hsa-miR-224-3p	0	0	0	0	0	0	0	0	0	0	0	0	0	0	0	0	0	0	0	0	0	0	2	0	0	0	0	0	0	0	0	0	2.0
hsa-miR-6818-5p	0	0	0	0	0	0	0	0	0	0	0	0	0	0	0	0	0	0	0	0	0	0	0	0	0	2	0	0	0	0	0	0	2.0
hsa-miR-500b-3p	0	0	0	0	0	0	0	0	0	0	0	0	0	0	0	0	0	0	0	0	0	0	0	2	0	0	0	0	0	0	0	0	2.0
hsa-miR-655-3p	0	0	0	0	0	0	0	0	0	0	0	0	0	0	0	0	0	0	0	0	0	0	0	2	0	0	0	0	0	0	0	0	2.0
hsa-miR-548al	0	0	0	0	0	0	0	0	0	0	0	0	0	0	0	0	0	0	0	0	0	0	0	2	0	0	0	0	0	0	0	0	2.0
hsa-miR-34b-3p	0	0	0	0	2	0	0	0	0	0	0	0	0	0	0	0	0	0	0	0	0	0	0	0	0	0	0	0	0	0	0	0	2.0
hsa-miR-4750-5p	0	0	0	0	0	0	0	0	0	0	0	0	0	0	0	0	0	0	0	2	0	0	0	0	0	0	0	0	0	0	0	0	2.0
hsa-miR-329-3p	0	0	0	0	0	0	0	0	0	0	0	0	0	0	0	0	0	0	0	0	0	0	0	2	0	0	0	0	0	0	0	0	2.0
hsa-miR-3928-3p	0	0	0	0	0	0	0	0	0	0	0	2	0	0	0	0	0	0	0	0	0	0	0	0	0	0	0	0	0	0	0	0	2.0
hsa-miR-592	2	0	0	0	0	0	0	0	0	0	0	0	0	0	0	0	0	0	0	0	0	0	0	0	0	0	0	0	0	0	0	0	2.0
hsa-miR-877-3p	0	0	0	0	0	0	0	0	0	0	0	0	0	0	0	0	0	0	0	0	0	0	0	0	0	2	0	0	0	0	0	0	2.0
hsa-miR-6499-5p	0	0	0	0	0	0	0	0	0	0	0	0	0	0	0	0	0	0	0	0	0	0	0	2	0	0	0	0	0	0	0	0	2.0
hsa-miR-577	2	0	0	0	0	0	0	0	0	0	0	0	0	0	0	0	0	0	0	0	0	0	0	0	0	0	0	0	0	0	0	0	2.0
hsa-miR-6884-5p	0	0	0	0	0	0	0	0	0	0	0	0	0	0	0	0	0	0	0	0	0	0	0	2	0	0	0	0	0	0	0	0	2.0
hsa-miR-2355-3p	0	0	0	0	0	0	0	0	0	0	0	0	0	0	0	0	0	0	0	0	0	0	0	2	0	0	0	0	0	0	0	0	2.0
hsa-miR-668-3p	0	0	0	0	0	0	0	0	0	0	0	0	0	0	0	0	0	0	0	0	0	0	0	2	0	0	0	0	0	0	0	0	2.0
hsa-miR-450a-1-3p	0	0	0	0	0	0	0	2	0	0	0	0	0	0	0	0	0	0	0	0	0	0	0	0	0	0	0	0	0	0	0	0	2.0
hsa-miR-3679-5p	0	0	0	0	0	0	0	0	0	0	0	0	0	0	0	0	0	0	0	2	0	0	0	0	0	0	0	0	0	0	0	0	2.0
hsa-miR-181b-2-3p	0	0	0	0	0	0	0	0	0	0	0	2	0	0	0	0	0	0	0	0	0	0	0	0	0	0	0	0	0	0	0	0	2.0
hsa-miR-4698	0	0	0	0	0	0	0	0	0	0	0	0	0	0	0	0	0	0	0	0	0	0	0	0	0	0	0	0	0	0	0	2	2.0
hsa-miR-6068	0	0	0	0	0	0	0	0	0	0	0	0	0	0	0	0	0	0	0	0	2	0	0	0	0	0	0	0	0	0	0	0	2.0
hsa-miR-6512-5p	0	0	0	0	0	0	0	0	0	0	0	0	0	0	0	0	0	0	0	0	0	0	2	0	0	0	0	0	0	0	0	0	2.0
hsa-miR-3942-5p	0	0	0	0	0	0	0	0	0	0	0	0	0	0	0	0	0	0	0	0	0	0	0	2	0	0	0	0	0	0	0	0	2.0
hsa-miR-1288-3p	0	0	0	0	0	0	0	0	0	0	0	0	0	0	0	0	0	0	0	0	0	0	0	0	2	0	0	0	0	0	0	0	2.0
hsa-miR-890	0	0	0	0	0	0	0	0	0	0	0	0	0	0	0	0	0	0	2	0	0	0	0	0	0	0	0	0	0	0	0	0	2.0
hsa-miR-4757-3p	0	0	0	0	0	0	0	0	0	0	0	2	0	0	0	0	0	0	0	0	0	0	0	0	0	0	0	0	0	0	0	0	2.0
hsa-miR-1306-3p	0	0	0	2	0	0	0	0	0	0	0	0	0	0	0	0	0	0	0	0	0	0	0	0	0	0	0	0	0	0	0	0	2.0
hsa-miR-1266-5p	0	0	0	0	0	0	0	0	0	0	0	0	0	0	0	0	0	0	0	2	0	0	0	0	0	0	0	0	0	0	0	0	2.0
hsa-miR-548at-5p	0	0	0	0	0	0	0	0	0	0	0	0	0	0	0	0	0	0	0	0	0	0	0	0	0	2	0	0	0	0	0	0	2.0
hsa-miR-5581-3p	0	0	0	0	0	0	0	0	0	0	0	0	0	0	0	0	0	0	0	0	0	0	0	0	2	0	0	0	0	0	0	0	2.0
hsa-miR-4635	0	0	0	0	0	0	0	0	0	0	0	0	0	0	0	0	0	0	0	0	0	0	0	0	0	2	0	0	0	0	0	0	2.0
hsa-miR-548at-3p	0	0	0	0	0	0	0	0	0	0	0	0	0	0	0	0	0	0	0	0	0	0	0	0	2	0	0	0	0	0	0	0	2.0
hsa-miR-3064-5p	0	0	0	0	0	0	0	0	0	0	0	0	0	0	0	0	0	0	0	0	0	0	0	2	0	0	0	0	0	0	0	0	2.0
hsa-miR-6839-5p	0	0	0	0	0	0	0	0	0	0	0	0	0	0	0	0	0	0	0	0	0	0	0	2	0	0	0	0	0	0	0	0	2.0
hsa-miR-3150a-5p	0	0	0	0	0	0	0	0	0	0	0	0	0	0	0	0	0	0	0	0	0	0	0	0	0	2	0	0	0	0	0	0	2.0
hsa-miR-3192-3p	0	0	0	0	0	0	0	0	0	0	0	0	0	0	0	0	0	0	0	0	0	0	0	2	0	0	0	0	0	0	0	0	2.0
hsa-miR-6764-5p	0	0	0	0	0	0	0	0	0	0	0	0	0	0	0	0	0	0	0	0	0	0	0	0	2	0	0	0	0	0	0	0	2.0
hsa-miR-19b-1-5p	0	0	0	0	0	0	0	0	0	0	0	0	0	0	0	0	0	0	0	0	0	0	0	0	0	2	0	0	0	0	0	0	2.0
hsa-miR-590-5p	0	0	0	0	0	0	0	0	0	0	0	0	0	0	0	0	0	0	0	0	0	0	0	0	0	2	0	0	0	0	0	0	2.0
hsa-miR-1296-3p	0	0	0	0	0	0	0	0	0	0	0	0	0	0	0	0	0	0	0	2	0	0	0	0	0	0	0	0	0	0	0	0	2.0
hsa-miR-409-5p	0	0	0	0	0	0	0	0	0	0	0	2	0	0	0	0	0	0	0	0	0	0	0	0	0	0	0	0	0	0	0	0	2.0
hsa-miR-153-3p	0	0	0	0	0	0	0	0	0	0	0	0	0	0	0	0	0	0	0	0	0	0	0	2	0	0	0	0	0	0	0	0	2.0
hsa-miR-4707-5p	0	0	0	0	0	0	0	0	0	0	0	2	0	0	0	0	0	0	0	0	0	0	0	0	0	0	0	0	0	0	0	0	2.0
ebv-miR-BART12	0	0	0	0	0	0	0	0	0	0	0	0	0	0	0	0	0	0	0	0	0	0	2	0	0	0	0	0	0	0	0	0	2.0
hsa-miR-129-1-3p	0	0	0	0	0	0	0	0	0	0	0	0	0	0	0	0	0	0	0	0	0	0	0	0	0	2	0	0	0	0	0	0	2.0
hsa-miR-5588-3p	0	0	0	0	0	0	0	0	0	0	0	0	0	0	0	0	0	0	0	0	0	0	0	2	0	0	0	0	0	0	0	0	2.0
hsa-miR-6747-3p	0	0	0	0	0	0	0	0	0	0	0	2	0	0	0	0	0	0	0	0	0	0	0	0	0	0	0	0	0	0	0	0	2.0
hsa-miR-4489	0	0	0	0	0	0	0	0	0	0	0	0	0	0	0	0	0	0	0	0	0	0	0	2	0	0	0	0	0	0	0	0	2.0
hsa-miR-4707-3p	0	0	0	0	0	0	0	0	0	0	0	0	0	0	0	0	0	0	0	0	0	0	0	2	0	0	0	0	0	0	0	0	2.0
hsa-miR-26a-2-3p	0	0	0	0	0	0	0	0	0	0	0	0	0	0	0	0	0	0	0	0	0	0	0	2	0	0	0	0	0	0	0	0	2.0
hsa-miR-212-3p	0	0	0	0	0	0	0	0	0	0	0	0	0	0	0	0	0	0	0	0	0	0	0	2	0	0	0	0	0	0	0	0	2.0
hsa-miR-4795-3p	0	0	0	0	0	0	0	0	0	0	0	0	0	0	0	0	0	0	0	0	0	0	0	2	0	0	0	0	0	0	0	0	2.0
hsa-miR-4466	0	2	0	0	0	0	0	0	0	0	0	0	0	0	0	0	0	0	0	0	0	0	0	0	0	0	0	0	0	0	0	0	2.0
hsa-miR-6847-5p	0	0	0	0	0	0	0	0	0	0	0	0	0	0	0	0	0	0	0	0	0	0	0	2	0	0	0	0	0	0	0	0	2.0
hsa-miR-1269a	0	2	0	0	0	0	0	0	0	0	0	0	0	0	0	0	0	0	0	0	0	0	0	0	0	0	0	0	0	0	0	0	2.0
hsa-miR-6783-3p	0	0	0	0	0	0	0	0	0	0	0	2	0	0	0	0	0	0	0	0	0	0	0	0	0	0	0	0	0	0	0	0	2.0
hsa-miR-1298-5p	0	0	0	0	0	0	0	0	0	0	0	0	0	0	0	0	0	0	0	2	0	0	0	0	0	0	0	0	0	0	0	0	2.0
hsa-miR-4449	0	0	0	0	0	0	0	0	0	0	0	0	0	0	0	0	0	0	0	0	0	0	0	2	0	0	0	0	0	0	0	0	2.0
hsa-miR-2278	0	0	0	0	0	0	0	0	0	0	0	2	0	0	0	0	0	0	0	0	0	0	0	0	0	0	0	0	0	0	0	0	2.0
hsa-miR-545-5p	0	0	0	0	0	0	0	0	0	0	0	2	0	0	0	0	0	0	0	0	0	0	0	0	0	0	0	0	0	0	0	0	2.0
hsa-miR-4802-5p	0	0	0	0	0	0	0	0	0	0	0	0	0	0	0	0	0	0	0	2	0	0	0	0	0	0	0	0	0	0	0	0	2.0
hsa-miR-513a-5p	0	0	0	0	0	0	0	0	0	0	0	0	0	0	0	0	0	0	0	0	0	0	0	2	0	0	0	0	0	0	0	0	2.0
hsa-miR-2115-3p	0	0	0	0	0	0	0	2	0	0	0	0	0	0	0	0	0	0	0	0	0	0	0	0	0	0	0	0	0	0	0	0	2.0
hsa-miR-597-3p	0	0	0	0	0	0	0	0	0	0	0	2	0	0	0	0	0	0	0	0	0	0	0	0	0	0	0	0	0	0	0	0	2.0
hsa-miR-520a-5p	0	0	0	0	0	0	0	0	0	0	0	0	0	0	0	0	0	0	2	0	0	0	0	0	0	0	0	0	0	0	0	0	2.0
hsa-miR-6877-5p	0	0	0	0	0	0	0	0	0	0	0	0	0	0	0	0	0	0	0	0	0	0	0	0	0	2	0	0	0	0	0	0	2.0
hsa-miR-4785	0	0	0	0	0	0	0	0	0	0	0	0	0	0	0	0	0	0	0	0	0	0	0	2	0	0	0	0	0	0	0	0	2.0
hsa-miR-7153-5p	0	0	0	0	0	0	0	0	0	0	0	0	0	0	0	0	2	0	0	0	0	0	0	0	0	0	0	0	0	0	0	0	2.0
hsa-miR-545-3p	0	0	0	0	0	0	0	0	0	0	0	0	0	0	0	0	0	0	0	0	0	0	0	0	0	2	0	0	0	0	0	0	2.0
hsa-miR-513a-3p	0	0	0	0	0	0	0	0	0	0	0	0	0	0	0	0	0	0	0	0	0	0	0	2	0	0	0	0	0	0	0	0	2.0
hsa-miR-4639-5p	0	0	0	0	0	0	0	0	0	0	0	0	0	0	0	0	0	0	0	0	0	0	0	2	0	0	0	0	0	0	0	0	2.0
hsa-miR-889-5p	0	0	0	0	0	0	0	0	0	0	0	0	0	0	0	0	0	0	0	0	0	0	0	2	0	0	0	0	0	0	0	0	2.0
hsv2-miR-H11-3p	0	0	0	0	0	0	0	0	0	0	0	0	0	0	0	0	0	0	0	0	0	0	0	1	0	0	0	0	0	0	0	0	1.33
hsa-miR-10396b-5p	0	0	1	0	0	0	0	0	0	0	0	0	0	0	0	0	0	0	0	0	0	0	0	0	0	0	0	0	0	0	0	0	1.32
hsa-miR-517a-3p	0	0	0	0	0	0	0	0	0	0	0	1	0	0	0	0	0	0	0	0	0	0	0	0	0	0	0	0	0	0	0	0	1.0
hsa-miR-374c-5p	0	0	0	0	0	0	0	0	0	0	0	0	0	0	0	0	0	0	0	0	0	0	0	1	0	0	0	0	0	0	0	0	1.0
hsa-miR-520g-3p	0	0	0	0	0	0	0	0	0	0	0	0	0	0	0	0	0	0	0	0	0	0	0	1	0	0	0	0	0	0	0	0	1.0
hsa-miR-520h	0	0	0	0	0	0	0	0	0	0	0	0	0	0	0	0	0	0	0	0	0	0	0	1	0	0	0	0	0	0	0	0	1.0
hsa-miR-517b-3p	0	0	0	0	0	0	0	0	0	0	0	1	0	0	0	0	0	0	0	0	0	0	0	0	0	0	0	0	0	0	0	0	1.0
hsa-miR-10396a-5p	0	0	1	0	0	0	0	0	0	0	0	0	0	0	0	0	0	0	0	0	0	0	0	0	0	0	0	0	0	0	0	0	0.66
hsa-miR-523-5p	0	0	0	0	0	0	0	0	0	0	0	0	0	0	0	0	0	0	0	0	0	0	0	0	0	0	0	0	0	0	0	0	0.33
hsa-miR-518e-5p	0	0	0	0	0	0	0	0	0	0	0	0	0	0	0	0	0	0	0	0	0	0	0	0	0	0	0	0	0	0	0	0	0.33
hsa-miR-519c-5p	0	0	0	0	0	0	0	0	0	0	0	0	0	0	0	0	0	0	0	0	0	0	0	0	0	0	0	0	0	0	0	0	0.33
hsa-miR-522-5p	0	0	0	0	0	0	0	0	0	0	0	0	0	0	0	0	0	0	0	0	0	0	0	0	0	0	0	0	0	0	0	0	0.33
hsa-miR-519b-5p	0	0	0	0	0	0	0	0	0	0	0	0	0	0	0	0	0	0	0	0	0	0	0	0	0	0	0	0	0	0	0	0	0.33
	sumhsa-miR-214-5p	0	0	0	0	0	0	0	0	0	0	0	0	0	0	0	0	0	0	0	0	0	0	0	7	0	0	0	0	0	0	0	0	7.0
