name	SRX395539	SRX395538	SRX395537	SRX395536	SRX395535	SRX395548	SRX395542	SRX395543	SRX395540	SRX395541	SRX395546	SRX395547	SRX395544	SRX395545
hsa-miR-99a-5p	120161.89689399637	110386.08991983891	112556.16575137294	113923.90814948222	126390.4968037449	94704.31410567135	104978.55252350096	102155.03562876843	99235.17831321103	99076.43502212974	107615.09711761707	96793.82864809132	92644.27127211458	109827.02181751716	1490448.291967057
hsa-miR-128-3p	114702.6547144918	109350.19168957906	84454.56814777834	95745.15983791085	85585.81231858526	96309.98545807076	85082.59560098567	70161.26705709257	148347.53218697192	94292.31726972702	81219.20833569285	124545.03670761854	62552.65374894692	99483.225602765	1351832.2086762167
hsa-miR-22-3p	55344.570350550544	44311.27289625528	48957.813280079885	40724.89869428185	42264.39153705475	74890.9355307804	47572.328192023364	45062.45852926752	54957.40343908431	66073.69758576874	62489.38218472167	53055.24154979441	60815.0800336984	45761.951446469815	742281.4252498308
hsa-miR-181b-5p	41056.83037200527	38512.17906517446	46869.27941421202	35614.58802341288	40038.47810159785	39535.870092098885	50325.51489154575	52375.73204858206	41812.57513197094	38439.23488227318	42284.85946731601	40533.65796698177	57342.857811476184	38539.295347922656	603280.9526165698
hsa-miR-181a-5p	42838.5593272586	43720.71409208845	44102.59610584124	46465.556055830704	49210.58371503834	38748.18225884634	47732.04344254814	50413.986094683096	34155.64731092876	39547.85396928272	41289.144345659435	33825.66676190358	44852.218477955634	39763.38046891876	596666.1324267838
hsa-miR-9-3p	40505.04925956523	28705.03039925647	33406.1407888168	37303.01665916253	34496.06550225666	37899.90305380515	24710.230902619354	30407.062285434047	29730.48310946188	40976.26702369888	36907.52590746926	27291.586439919985	29415.894411682122	24542.629733636877	456296.88547678525
hsa-let-7i-5p	24682.18640953872	31120.51272121752	32432.601098352472	23896.89329131022	28598.513447760943	27129.786718371302	42495.66487177147	43749.81969246747	28423.840136587747	28743.0817905051	26445.43858655643	28993.428653060208	45642.02471215951	35459.6965819777	447813.4887116368
hsa-miR-27b-3p	21259.49947185197	26089.46804528263	26027.62522882343	24122.017109410175	21730.61973233111	26700.597834868313	24801.496760062062	29974.32420736809	27544.03386818586	25223.92684251071	23267.172546576814	29937.51630414529	28517.85547130956	26107.353926765372	361303.50734949135
hsa-miR-101-3p	20955.35196853306	22189.520969678197	25087.36894658013	24493.471409275102	21157.36313149108	37930.19873969947	17272.063521036784	24608.372039350317	23650.237809021062	31476.25423194017	27691.262245880287	27701.51923578589	24677.05700645886	23229.923065419316	352119.9643201497
hsa-miR-138-5p	21121.81107507922	24106.41676025249	29306.040938592112	23615.488518685277	24311.67262294257	22388.51187590887	25736.971798850052	28243.37189510429	25061.412219725084	25702.907140359704	24463.446401268477	24285.41260357014	27467.705700645885	24326.61471228461	350137.78426326875
hsv2-miR-H10	16417.80002712667	20611.470394609456	15264.603095356964	61098.60423232778	44646.901897619166	22358.21619001454	35137.35511545131	32368.808239333008	17578.703461732784	18019.32408347049	17314.117447194065	17179.910808561384	9091.547318169054	18510.825675877768	345598.1879868444
hsa-miR-129-5p	18384.48354520906	17958.796421794526	20388.167748377433	14047.72624943719	18103.72309189443	19207.46485700436	31486.720817742083	27637.538585811963	18763.39309047196	16654.869822535667	21462.143949260997	19850.685084657332	29608.958157820838	24492.780113324803	298047.45153534267
hsa-miR-9-5p	14790.199874230897	14676.838477326419	19938.84173739393	15938.76632147681	15838.660425160655	21903.78090159961	21972.255179337422	25993.133889161363	20427.185142598297	20662.95421403169	20910.017554787933	25838.18834548638	26519.938219601238	22814.509562818836	288225.2698450115
hsa-miR-127-3p	17922.097138136396	20572.74522712311	19090.114827758363	18707.789284106257	19177.530578346	21206.980126030052	20648.900246417816	18665.435767244613	15880.067596996463	19818.698140078286	26176.453932838776	21304.083179090943	21675.793316484134	24575.862813844902	285422.5521744961
hsa-miR-30a-5p	19574.357899409377	21865.197691980018	19249.25112331503	19146.78072940117	20729.517961108035	21964.372273388268	19393.99470658027	18881.80480627759	15104.792766424502	19353.93090744736	22311.569171527266	18074.309635905145	22711.31704577366	23437.629816719564	281798.8265352573
hsa-miR-143-3p	16485.61670016399	21415.017619951206	20874.937593609586	21634.398919405674	20972.80246975722	20479.883664566165	20489.184995893036	22329.284828202984	16655.342427568427	22070.04767062074	16733.67687864545	17378.666103526662	21956.613310867735	21701.20137584952	281176.6745586284
hsa-miR-125b-5p	20616.26860334644	22160.477094063433	17812.864037277417	25056.280954524987	25301.588899515107	20570.77072224915	19150.619086732986	16732.53901855004	15819.090924929005	19318.398244402182	20570.24746588142	17850.709929069202	12935.27099129458	20504.810488360115	274399.93646019604
hsa-miR-320a-3p	19316.20683439403	16607.195873741206	19953.34379383306	16804.12619798032	15744.262839949155	19455.456685825076	21775.653311429527	22089.83642500649	16436.7286139878	19288.15487205602	22929.54287440103	16873.59991387271	23718.152839625036	18274.633427256347	269266.8945033578
hsa-miR-100-5p	20767.314829656847	18079.812570189366	16153.894158761857	20857.72174696083	21358.702035200753	18359.18565196316	22953.363146846765	21521.50708247988	13763.305980940435	17682.474437802204	18312.192083356927	14322.803443435485	18560.44650379107	17139.961117296156	259832.68478868177
hsa-let-7b-5p	16648.993230663	14736.862486930255	15966.987019470796	10063.034669067987	10729.685743527793	12281.871061560832	20822.305375559004	17765.340564867438	22397.167198034807	13259.08428063413	13565.320799592275	19656.898672066185	24368.1550126369	14685.698143932472	226947.4042585439
hsa-miR-125a-5p	10986.30103204646	15780.505750687373	12755.866200698953	14182.800540297163	15519.873827620342	14269.268056228791	12503.422469654102	9260.594870611314	13432.289761145665	12842.925731049008	12982.048813636105	13589.893293251014	9460.123560797529	15403.532676426115	182969.44658414993
hsa-miR-433-3p	12718.708770545369	13640.94024706657	13211.432850723915	11593.876632147681	12248.116642338215	10845.855550169656	13142.283471753217	12607.102674321322	11585.567692816949	12109.531565796542	12642.278724729598	11478.118284244916	10951.979780960404	11797.743473853874	170573.53636146823
hsa-miR-148a-3p	10135.51004303276	11995.12062889672	9866.450324513231	12021.611886537596	9999.832217580242	12693.892389723702	12275.257826047276	11453.134466145459	11655.2553180369	12970.843318011648	11594.654283934537	14496.714326530104	9389.918562201628	14539.472591017098	165087.66818220893
hsa-miR-21-5p	11134.264682309711	9371.49053169655	12643.534697953071	10355.695632597928	10956.192010201172	13481.580222976247	10244.592497946518	10674.20592562675	10548.964267670168	12126.587244058228	12217.566113596466	12223.450640364716	14163.858466722832	10352.104484804175	160494.08741852452
hsa-miR-532-5p	10862.997990160417	13156.875653487203	12088.117823265104	11323.728050427735	10050.166943507658	9603.73242850218	9240.668066076481	10472.261489195973	10522.831408212687	10301.629670057904	9655.133359759895	10434.652985677196	11180.14602639708	11266.01419052525	150158.95608525275
hsa-miR-221-3p	8588.056867362917	9758.742206560044	11295.556665002498	6483.565961278703	8540.12516568514	9906.689287445466	12777.220041982295	8943.253613362953	11245.840519869684	8203.781243870615	11325.669630216886	11751.406814822176	14760.60095478798	11880.826174373971	145461.33514662134
hsa-miR-140-3p	10431.437343559264	12585.67943306355	11632.551173240141	10018.009905447996	10738.074864515696	10876.151236063984	7027.471023090262	7818.134610391484	9303.297966863534	11418.77659619829	11991.052720992127	9006.099303114246	9073.996068520079	11299.247270733289	143219.97951579397
hsa-miR-218-5p	8883.98416788942	11423.924408473067	10815.027458811783	10558.307068887889	9664.267378064127	8391.904992729034	6936.205165647531	8856.705997749763	10958.379065837384	9832.59851786156	9301.206183815617	11676.873579210196	7862.959842740804	10701.051826988585	135863.39565470678
hsa-miR-30e-5p	9093.599339095696	9386.01246950393	10624.687968047929	8824.853669518236	10662.57277562457	8664.566165777993	9240.668066076481	8842.281395147564	7360.755413857384	10045.794496132625	11665.439719123393	9055.788126855567	11338.107273237854	9529.585749655207	134334.71262765443
hsa-miR-425-5p	10856.832838066115	11317.430197885606	10721.417873190216	11031.067086897794	10637.40541266086	9967.280659234124	5498.767910924524	5942.936272105703	9974.041359605568	9295.344652618473	11665.439719123393	10111.675631358616	7301.319853973603	8491.051993153986	132812.0114607986
hsa-miR-124-3p	8655.873540400247	9623.20412035782	9448.3275087369	10895.992796037823	10922.635526249554	9361.366941347555	6913.388701286851	8279.721893661832	6010.55767522082	9022.453800431513	9329.52035789116	6248.369585470986	7652.344846953106	8358.119672321829	120721.87696636797
hsa-miR-29a-3p	7697.192389736254	9332.765364210201	8874.188716924613	8892.390814948221	8506.568681733528	9346.219098400386	6114.812448662955	8222.023483253037	7953.100228226973	9350.77560696895	8834.022311569172	8857.032831890287	7055.602358887953	9155.713597314767	118192.4079327273
hsa-miR-381-3p	5708.930839323805	8548.580722611625	7120.56914628058	6010.805943268798	5033.472592741732	8422.200678623363	4951.17276626814	6231.42832414967	11846.896287391766	8442.560739534209	7121.014779998867	13217.227115191115	6511.5136197697275	9072.63089679467	108239.00445194806
hsa-let-7g-5p	5496.233092070381	5755.528017658677	6696.2056914628065	5189.104007203962	5559.1908413169795	5922.8065923412505	7586.474399926988	11150.217811499293	6663.879161657869	6408.67110682824	6299.903731808143	7271.131207479824	11019.259571281476	6746.315282231933	97764.92051476781
hsa-miR-151a-3p	7404.347665256902	6757.5417263679665	6995.756365451823	6888.788833858622	7751.547792822268	6331.7983519146865	7073.103951811628	6202.579118945273	5104.618547361452	7299.830296001296	7064.386431847783	5329.1263462565685	5528.643639427128	6696.465661919875	92428.53472924329
hsa-miR-323a-3p	7268.714319182253	6220.230027494869	5763.230154767848	7676.722197208464	5712.991392761866	7134.634028114396	5818.198411974081	6606.467991806826	5827.62765901845	6455.574222047875	6979.443909621156	5558.937156060173	5546.194889076102	5898.871736926937	88467.8380960613
hsa-miR-378a-3p	6384.939766464039	5843.627773690122	5986.333000499251	5050.652859072489	5280.9516618848675	5430.50169655841	6799.306379483435	7269.999711507948	4725.692085227965	6145.587269641745	6250.353927175944	6263.89734289015	9091.547318169054	5768.431897110383	86291.8226893758
hsa-miR-30d-5p	7108.4203647303975	5034.27177322542	4855.217174238643	8273.300315173345	8456.23395580611	6271.2069801260295	7187.186273615041	6346.825144967256	3188.208853812784	5607.054228529033	6724.616342941276	3602.439721245699	4282.504914349902	6413.984480151543	83351.47052291248
hsa-miR-24-3p	6313.115744565418	4908.414978894784	5148.527209186221	4254.840162089149	4194.560493951443	4756.422685409597	3719.083690791275	5106.309321178202	6341.573895015593	5602.790308963611	4855.88085395549	5242.170904709258	4458.017410839652	4685.86430933351	69587.5719688832
hsa-miR-432-5p	4741.001960518365	4463.075552801766	5004.99251123315	3534.443944169293	3993.2215902417743	4150.508967523025	6799.306379483435	6231.42832414967	4634.2270771267795	3854.583287140871	4487.796590973441	4608.638402007428	6792.333614153328	5433.60861401439	68729.16681553672
hsa-miR-148b-3p	4112.156446899545	4230.724547883669	4299.800299550674	4119.765871229176	3993.2215902417743	5634.997576345128	4654.558729579265	4702.420448316649	4364.187529399467	4587.977452393337	4855.88085395549	5826.0145836697675	5704.156135916877	4918.495870789784	66004.3579361706
hsa-miR-92a-3p	5178.72775921382	4666.382682105101	4355.966050923615	3984.691580369203	4161.004009999832	4120.213281628696	4859.906908825408	4096.58713902432	4294.499904179515	3666.970826262333	5223.965116937538	4397.460901106819	3791.0699241786015	5284.059753078214	62081.505837833014
hsa-let-7a-5p	3306.062810569537	3743.2715021492468	4049.2386420369444	3528.8158487167934	4181.976812469589	4012.6635967038283	5357.305831888291	5125.061304561059	4280.562379135525	3623.478846695036	3646.865620929838	4781.307064508515	5727.850322942995	4002.9245110583074	59367.385094365505
hsa-miR-219a-2-3p	2953.1078531707376	3572.3967006157304	3569.6455317024465	3579.468707789284	3942.886864314357	3635.4823073194375	5886.647805056129	5279.404552404581	3867.6631997073123	3871.6389654025566	3581.74302055609	4322.927665494838	5475.989890480202	4702.48084943753	58241.48391345124
hsa-miR-760	3933.367036164782	4143.592921039383	4774.08886669995	2994.146780729401	4177.782251975638	4120.213281628696	5202.153874235649	3490.753829731991	4224.812278959564	3632.8594697389626	4431.168242822357	3776.3506043403186	4510.671159786577	4203.984646316944	57615.94524417022
hsa-miR-99b-5p	6041.8490524161225	3843.472873020176	3351.223165252122	4007.2039621791982	3556.9872988708244	4998.788172564226	3399.6531897417176	2625.2776736000924	3588.9126988275057	4715.895039355977	5011.608811370972	4111.750164594228	2790.648694187026	3755.3380635084163	55798.60885948861
hsa-miR-320b	3607.157095708409	3549.299904293513	4025.0933124123335	3576.735061426643	3390.563117748904	3646.7349906516156	4124.456207599406	3935.0315898797	3237.3427776657795	3533.997448957836	4293.878205906067	3271.387933069154	4178.325711076344	3532.2016678258688	51902.20502422158
hsa-miR-340-5p	2299.6017311747078	2691.399140301282	2827.009485771343	2521.3867627194954	2466.4015704434487	4211.100339311682	2669.5263301998725	3000.3173412572482	2918.169306085472	3743.721378439917	3440.172150178379	3912.9948696289484	2931.058691378826	2758.345657267244	42391.204754157865
hsa-miR-889-3p	2410.574468872147	2187.97196297874	2727.1592611083374	2116.163890139577	2298.619150685391	4059.6219098400384	2304.4629004289495	3259.960188096818	2804.9269151030508	3001.7993740566076	3779.942239084886	3714.2395746636685	3896.3774220724517	3273.4584004918497	41835.277657622515
hsa-miR-326	2786.648746624579	3291.639236339697	2883.1752371442835	4952.72399819901	4614.016543346588	2302.472127968977	2692.342794560555	1788.6507226725903	2752.661196188087	3061.494247972506	2888.045755705306	2173.886038682749	1228.5874754282506	2625.4133364350873	40041.757457268264
hsa-miR-136-3p	2916.1169406049244	2894.7062696046164	2926.8597104343485	2769.0229626294463	2617.405748225701	2787.2031022782353	1756.8677557725655	2567.579263191299	2726.528336730605	3266.1623871127294	3213.6587575740414	2869.529571061229	2825.7511934849763	2907.89451820342	39045.286516908134
hsa-miR-320c	2674.1640787706797	2732.844289789648	3026.5910657822797	2766.289316266804	2752.989922668284	2495.4989266671278	2808.706762800037	2579.1189452730578	2543.3701765170954	2507.814140213106	3038.616488557029	2468.0852825844813	2750.824072959711	2568.442341792735	37713.35581064207
hsa-miR-26a-5p	2472.2259898151688	2062.1151686481044	3089.1163255117326	2318.775326429536	2919.414103790205	2211.585070285991	2966.140366888747	2481.031647578109	2221.2930538859564	2524.24038272942	2704.0036242142814	2571.396628613309	3457.5961808480765	2027.2178926903841	36026.151761929024
hsa-miR-320d	2461.877341656875	2572.4575544503514	2831.4670850866564	2671.7373126648226	2621.0010857919456	2350.0796343743505	2566.8522405768003	2336.785621556126	2252.7147063288808	2320.4859406389296	2676.195060390088	2319.846958422877	2711.0412404220338	2319.194240232442	35011.73602259318
hsa-miR-222-3p	2459.895685626564	2952.79402083414	2477.533699450824	2949.12201710941	2869.0793778627876	2272.1764420746485	2190.380578625536	1529.0078758330208	2430.355929545811	2575.407417514476	2463.333144572173	2186.3082446180792	2334.316203313676	2642.029876539107	34331.74051352025
hsa-miR-328-3p	2842.1351154732984	3059.2882314216013	2215.4268597104347	2611.4362899594776	2734.8534420563415	2120.6980126030053	1619.9689696084695	1182.8174133802613	3092.388369135351	2336.627921850882	2321.7622741944615	2558.974422677979	1140.8312271833754	2409.3983150828335	32246.606864337773
hsa-miR-423-5p	3797.733690090134	1800.7202881152461	1947.0793809286072	2206.213417379559	2063.72376302411	1878.332525448376	2372.9122935109976	1875.1983382857802	2447.777835850799	2149.015460972344	3072.0878871963305	2372.641333648029	2229.008705419826	1977.3682723783254	32189.813192248464
hsa-miR-181d-5p	2077.6562557798297	1771.676412500484	2618.9881843900816	1981.0895992796038	2074.9092576746475	1787.44546776539	2426.1507103525905	3317.6585985056113	1777.034443108765	1995.5143566171766	1849.859372935425	2211.152656488739	2814.050360385659	2586.6414095257087	31289.827085309713
hsa-miR-6529-5p	3193.548784848522	2275.103589823026	2181.1033449825263	1620.8914903196758	1459.7070518951025	2105.550169655841	1699.8265948708588	1442.460260219831	2822.3488214080385	2268.405208804141	2293.4481001189192	2683.196482031279	2334.316203313676	2151.8419434705306	30531.74804576197
Hsa-Mir-6529_5p	3193.548784848522	2275.103589823026	2181.1033449825263	1620.8914903196758	1459.7070518951025	2105.550169655841	1699.8265948708588	1442.460260219831	2822.3488214080385	2268.405208804141	2293.4481001189192	2683.196482031279	2334.316203313676	2151.8419434705306	30531.74804576197
hsa-miR-423-3p	2299.6017311747078	2623.6300972001704	2521.218172740889	1823.5029266096353	2097.2802469757216	2060.106640814348	1003.9244318700374	923.1745665406918	3153.3650412028087	2200.1824957574	2619.0611019876546	2608.663246419299	1544.5099691098007	2691.8794968511656	30170.100165254327
hsa-miR-126-5p	1757.0683468761174	1703.9073693993728	2315.2770843734397	1463.3048176497073	2281.840908709585	1787.44546776539	2372.9122935109976	2509.880852782506	2064.495897141065	1739.6791826918977	1840.421314910244	2074.508391200109	2948.609941027801	2409.3983150828335	29268.75018312106
hsa-miR-103a-3p	1979.0138222709952	2446.139746221069	2602.3464802795806	1831.007053879634	1828.8283753628295	1736.952657941509	1551.5195765264216	1452.0766619546298	2531.983716324907	2265.5625957605266	2260.414897030787	1937.8641259114793	2000.8424599831508	2232.1552206399583	28656.70739008748
hsa-let-7c-5p	1468.847486467491	1796.3637067730317	1967.0494258612082	1694.0567312021612	1690.407879062432	1701.1027629665534	2637.5832800949165	2612.295531258114	1934.2671475112809	1861.6272822629473	1461.0113822979783	2103.0794648513684	2658.1367593372647	1949.1201542014921	27534.948994148242
hsa-miR-126-3p	1979.0138222709952	2033.0712930333425	2390.164752870694	1530.8419630796939	2248.2844247579737	1817.7411536597187	2053.4817924614404	2250.2380059429365	1838.0111151762226	2021.0978740097046	1698.850444532533	1577.6201537869094	2316.764953664701	1645.0374702979345	27400.2192195448
hsa-miR-330-3p	2028.3350390254127	2091.1590442628667	1915.8761857214179	2791.535344439442	1610.7112296773544	1969.219583131362	1985.0323993793922	1904.0475434901768	1602.8153800588861	2191.6546566265574	1939.5209241746418	1478.2425063042695	1491.8562201628756	1777.969791130091	26777.97584758474
hsa-miR-708-3p	1602.9395445185633	1965.302249932231	1822.2666000998504	1755.9657811796487	1862.384859314441	1878.332525448376	1870.9500775759789	2105.9919799209533	1829.3001620237287	2242.8216914116133	1528.9654000792796	1838.4864784288393	1509.4074698118507	1312.7066682175437	25125.821487962894
hsa-miR-92b-3p	2126.977472534247	1761.9951206288968	1591.36295556665	2251.2381809995495	1929.497827217664	1757.1497818710614	1483.0701834443735	1182.8174133802613	2090.628756598547	1816.4297348694813	1840.421314910244	2273.263686165389	789.8062342038753	2027.2178926903841	24921.876555080624
hsa-let-7d-3p	2392.0790125892404	1665.1822019130234	1603.8442336495257	1643.4038721296713	1241.5899062096273	2241.8807561803196	1049.5573605914028	548.1348988835358	3693.4441366574333	1688.5121479068418	2151.8772297412083	2757.729717643259	579.1912384161752	1279.4735880095047	24535.900300520767
hsa-miR-16-5p	1491.9668068211242	1858.8080393447703	1928.3574638042937	1688.4286357496624	1946.2760691934698	1757.1497818710614	1505.886647805056	1932.8967486945735	1332.7758323315738	1679.9843087759991	1628.0650093436773	1267.0650054036596	1877.9837124403257	1445.6389890497	23341.283050628947
hsa-miR-410-3p	1522.7925672926349	1152.073732718894	1791.063404892661	1125.6190904997748	1744.9371654838005	1514.7842947164322	1688.4183626905176	1355.9126446066412	1088.8691440617433	1739.6791826918977	1613.9079223059061	1527.9313300455894	2088.5987082280258	1545.3382296738173	21499.92577990834
hsa-miR-219a-5p	1041.910703937066	1103.6672733609573	1591.36295556665	1418.2800540297162	1493.263535846714	2272.1764420746485	638.8610020991148	1125.1190029714683	1759.6125368037772	1739.6791826918977	2180.1914038167506	2049.6639793294494	1368.9974726200505	1595.187849985876	21377.973395134137
hsa-miR-379-5p	1473.4713505382176	1403.787321380165	1635.047428856715	1125.6190904997748	1107.3639704031812	969.4619486185167	1551.5195765264216	1644.4046966506073	1716.0577710413074	1577.6502392058876	1302.4520074749419	1614.8867715928993	1772.6762145464756	1329.3232083215632	20223.721595656672
hsa-miR-125b-2-3p	1535.1228714812394	1713.58866127096	1616.3255117324015	1508.3295812696983	1510.0417778225196	999.7576345128452	1140.8232180341336	1327.0634394022445	1341.4867854840677	1398.5656174581923	1387.3945297015684	1453.3980944336095	1667.3687166526256	1445.6389890497	20044.905428305807
hsa-miR-660-5p	1374.828917029383	1326.3369864074664	1778.5821268097854	1058.0819450697884	1459.7070518951025	969.4619486185167	1323.3549329195948	1009.7221821538817	1655.0810989738497	1296.2315478880805	1387.3945297015684	1627.3089775282294	1737.5737152485258	2010.6013525863646	20014.267312830136
hsa-miR-27a-3p	1235.085469558534	1755.5409260478386	1701.6142452987185	1789.734353894642	1521.227272473057	1206.7781547907578	1129.4149858537921	1384.7618498110378	1419.8853638565133	1384.3525522401212	1245.8236593238576	1440.9758884982796	1111.579144435084	1473.3332225563995	19800.107088638637
hsa-miR-486-5p	1257.691027237642	1936.258374317469	1809.7853220169745	1193.1562359297614	687.9079210080367	1060.3490063015026	479.14575157433603	807.7777457231053	2020.9411313785954	1065.9798913553295	1514.8083130415084	2049.6639793294494	1140.8312271833754	1894.2855718582277	18918.581498255313
hsa-miR-33a-5p	1331.672852369268	2052.433876776517	1528.9565651522717	1710.9410175596577	1409.3723259676851	1151.2360639844885	821.392716984576	1327.0634394022445	1585.3934737538982	1577.6502392058876	1104.2527889461464	1180.1095638563495	772.2549845549004	1312.7066682175437	18865.436576731434
hsa-miR-139-5p	1596.774392424261	1907.214498702707	1497.7533699450823	1328.2305267897343	1325.481116088656	1272.418807561803	1460.2537190836908	836.626950927502	1768.323489956271	1415.6212957198775	920.210657455122	1428.5536825629495	1035.5237292895254	996.9924062411725	18789.978642748356
hsa-miR-543	1066.5713123142748	1210.1614839484182	1316.774837743385	1103.1067086897795	1157.6986963305985	1393.6015511391176	1802.500684493931	1442.460260219831	1498.2839422289587	1296.2315478880805	920.210657455122	1478.2425063042695	1667.3687166526256	1179.7743473853875	18532.98725279378
hsa-miR-4448	1393.3243733122895	1248.8866514347676	1054.6679980029955	1936.0648356596128	1728.1589235079948	908.8705768298594	1916.5830062973441	1586.706286241814	2290.9806791059077	1176.8418000562838	693.6972648507842	1080.7319163737095	631.8449873631002	814.2104650969575	18461.569764133415
hsa-miR-411-5p	1202.2046583889223	1248.8866514347676	1416.6250624063905	1170.6438541197658	1090.5857284273754	1333.0101793504605	1072.3738249520854	1298.2142341978479	966.9157999268281	1330.3429044114512	1217.5094852483153	1229.7983875976695	1386.5487222690256	1013.6089463451921	16977.2684390761
hsa-miR-204-3p	1239.1955709547353	1258.567943306355	1079.6305541687468	765.4209815398469	973.1380345967349	757.3921473582161	1140.8232180341336	952.0237717450884	966.9157999268281	1091.5634087478572	1146.7240500594596	1006.1986807617296	1070.6262285874755	797.593924992938	14245.814314780144
hsa-miR-146a-5p	1643.0130331315272	987.4917709019091	1266.8497254118822	776.6771724448447	947.9706716330263	651.3572467280659	798.5762526238934	865.4761561318986	527.0126657258837	729.1302456870453	1649.300639900334	633.5325027018298	1140.8312271833754	938.8345158771041	13556.053826082618
hsa-miR-203a-3p	314.4227568094105	503.4271773225419	942.3364952571144	1846.0153084196309	419.45604939514436	363.54823073194376	844.2091813452588	432.7380780659493	522.6571891496368	5798.930608972992	509.6551333597599	521.7326492838598	245.7174950856501	282.4811817683322	13547.327534967226
hsa-miR-134-5p	1029.5803997484618	1200.4801920768307	1223.1652521218173	742.9085997298514	771.7991308870656	1120.9403780901598	638.8610020991148	576.9841040879323	932.0719873168522	1210.9531565796542	877.7393963418086	894.3988273437596	719.6012356079754	1046.842026553231	12986.325688584515
hsa-let-7f-5p	672.0015782789361	571.1962204236534	898.6520219670494	742.9085997298514	699.0934156585739	1211.827435773146	958.2915031486721	1038.5713873582783	801.4076900294431	912.478787000162	792.796874115182	1138.702210738583	1328.0445567724423	947.1427859291139	12713.115066923086
hsa-miR-107	930.937966239627	1116.5756625230738	1142.0369445831254	847.9663815098305	788.5773728628714	777.5892712877685	707.3103951811628	567.3677023531335	1100.4837482650687	1000.5997913522024	1009.8722086943392	857.1322095377697	877.5624824487504	974.8370194358132	12698.849156274537
hsa-miR-744-5p	863.1212932023033	958.4478952871472	904.8926610084873	765.4209815398469	906.0250666935118	605.913717886573	935.4750387879894	807.7777457231053	1097.5800972142372	895.4231087384767	990.9960926439775	944.0876510850796	895.1137320977253	1080.0751067612703	12650.35018866973
hsa-miR-361-3p	758.3137075991664	832.5911009565117	1010.9835247129306	562.8095452498874	520.125501249979	575.6180319922443	912.6585744273068	692.3809249055189	810.1186431819369	793.089039168365	1047.624440795062	1378.8648588216295	1070.6262285874755	1246.2405078014656	12212.044629449481
hsa-miR-676-3p	974.0940308997422	958.4478952871472	1042.18671992012	855.4705087798288	687.9079210080367	484.73097430925833	1003.9244318700374	1211.666618584658	905.9391278593704	656.6436130748829	736.1685259640976	683.2213264431498	965.3187306936254	581.578903640684	11747.299328334639
hsa-miR-495-3p	721.3227950333534	1064.942105874608	773.8392411382926	720.3962179198559	721.4644049596483	787.6878332525448	775.7597882632108	807.7777457231053	1175.9786755866828	844.2560739534209	750.3256130018686	894.3988273437596	614.2937377141253	780.9773848889184	11433.420444653393
hsa-miR-200a-3p	604.1849052416122	764.8220578554003	854.9675486769845	517.7847816298964	570.4602271773963	787.6878332525448	981.1079675093548	1067.420592562675	479.10242338716705	801.6168782992078	736.1685259640976	732.9101501844698	1175.9337264813255	880.6766255130357	10954.844243735166
hsa-miR-125b-1-3p	782.9743159763751	822.9098090849243	736.3954068896655	585.3219270598829	755.0208889112598	605.913717886573	889.8421100666241	778.9285405187087	827.5405494869249	631.060095682355	750.3256130018686	894.3988273437596	895.1137320977253	747.7443046808794	10703.489838687525
hsa-miR-152-3p	659.6712740903317	745.4594741122256	892.4113829256116	562.8095452498874	604.016711129008	1030.053320407174	524.7786802957014	750.0793353143121	566.2119549121065	733.3941652524667	637.0689166996998	757.7545620551297	965.3187306936254	714.5112244728402	10143.53927761012
hsa-miR-320e	701.0291693896088	851.9536846996864	886.1707438841738	768.2350292660964	809.5501753326287	742.2443044110518	690.1980469106508	649.1071170989239	591.2559452255266	653.445673400817	769.791607678804	631.9797269599135	655.9779556304409	689.586414316811	10090.525594205134
hsa-miR-5100	505.5424717327776	764.8220578554003	574.1387918122816	1710.9410175596577	1711.380681532189	302.9568589432865	1095.190289312768	1211.666618584658	304.88336033728814	818.672556560893	226.51339260433772	161.48867715928995	175.51249648975008	448.6465828085276	10012.355853293104
hsa-miR-206	653.5061219960296	706.7343066258762	673.9890164752871	315.17334533993693	654.3514370564252	424.13960252060104	1186.4561467554988	865.4761561318986	688.1652990470218	776.0333609066798	736.1685259640976	645.9547086371598	737.1524852569503	648.0450640567622	9711.345576770225
hsa-miR-1224-5p	1035.745551842764	910.0414359292105	611.5826260609086	720.3962179198559	520.125501249979	575.6180319922443	456.3292872136534	519.2856936791392	897.2281747068764	665.1714522057256	467.1838722464465	695.6435323784798	666.9474866610503	731.1277645768598	9472.426628663196
hsa-miR-873-5p	573.3591447701015	716.4155984974635	711.4328507239142	517.7847816298964	486.56901729836744	666.5050896752302	387.8798941316054	721.2301301099155	679.4543458945278	699.2828087290961	679.5401778130132	546.5770611545198	579.1912384161752	648.0450640567622	8613.26720290059
hsa-miR-767-5p	536.3682322042885	687.3717228827015	717.673489765352	180.09905447996397	637.5731950806195	484.73097430925833	593.2280733777494	634.6825144967256	601.0557675220823	673.6992913365682	481.34095928421766	596.2658848958398	561.6399887672002	947.1427859291139	8332.87193433168
hsa-miR-3168	548.6985363928927	532.471052937304	449.3260109835247	1530.8419630796939	1543.5982617741313	212.06980126030052	205.348179246144	144.24602602198308	1428.5963170090072	801.6168782992078	254.82756667987994	322.9773543185799	70.20499859590002	149.54886093617588	8194.371807534726
hsa-let-7d-5p	443.89095078975595	406.6142586066685	574.1387918122816	562.8095452498874	453.0125333467559	302.9568589432865	912.6585744273068	980.8729769494851	618.4776738270701	614.0044174206697	353.9271759442777	683.2213264431498	842.4599831508003	398.796962496469	8147.842029407865
hsa-miR-185-5p	573.3591447701015	755.1407659838129	574.1387918122816	675.3714542998649	369.12132346772705	515.026660203587	501.9622159350187	605.833309292329	657.676963013293	614.0044174206697	481.34095928421766	509.3104433485298	631.8449873631002	481.8796630165667	7946.011099211099
hsa-miR-382-5p	425.39549450684945	367.8890911203191	680.229655516725	180.09905447996397	318.78659754030974	454.4352884149297	638.8610020991148	663.5317197011223	609.7667206745763	460.5033130655023	368.0842629820488	558.9992670898498	1439.2024712159507	564.9623635366644	7730.7463019439265
hsa-miR-1298-5p	443.89095078975595	609.9213879100027	549.1762356465302	742.9085997298514	1006.6945185483465	393.8439166262724	273.797572328192	750.0793353143121	357.1490792522518	503.14250871971547	594.5976555863865	509.3104433485298	210.61499578770008	648.0450640567622	7593.172263644609
hsa-miR-19b-3p	604.1849052416122	851.9536846996864	642.7858212680978	652.8590724898694	587.2384691532021	605.913717886573	45.63292872136534	375.03966765715603	470.3914702346731	426.39195654213177	693.6972648507842	372.66617805989983	596.7424880651503	515.1127432246058	7440.610368094808
hsa-miR-656-3p	573.3591447701015	551.8336366804787	461.8072890664004	405.22287257991894	587.2384691532021	696.8007755695588	228.1646436068267	346.19046245275945	601.0557675220823	571.3652217664566	594.5976555863865	621.1102967664998	579.1912384161752	564.9623635366644	7382.899837473512
hsa-miR-34c-5p	591.854601053008	445.3394260930179	580.3794308537194	540.297163439892	503.34725927417327	424.13960252060104	319.4305010495574	548.1348988835358	583.6338612170944	596.9487391589845	467.1838722464465	583.8436789605098	544.0887391182252	548.3458234326449	7276.967597301409
hsa-miR-105-5p	635.0106657131231	658.3278472679394	617.8232651023465	405.22287257991894	302.008355564504	333.2525448376151	479.14575157433603	750.0793353143121	635.8995801320581	494.61466958887286	453.02678520867545	434.7772077365498	561.6399887672002	382.18042239244943	7143.009291779901
hsa-miR-335-5p	505.5424717327776	367.8890911203191	655.2670993509736	517.7847816298964	536.9037432257848	515.026660203587	273.797572328192	375.03966765715603	418.1257513197094	767.5055217758372	509.6551333597599	596.2658848958398	579.1912384161752	498.49620312058624	7116.490820136594
hsa-miR-490-3p	437.72579869545376	648.6465553963521	517.973040439341	472.7600180099054	469.7907753225617	605.913717886573	365.0634297709227	288.49205204396617	540.0790954546246	596.9487391589845	778.6397870774109	521.7326492838598	298.37124403257513	398.796962496469	6940.933865069001
hsa-miR-1307-5p	493.21216754417327	309.801339890795	517.973040439341	427.7352543899144	402.6778074193386	666.5050896752302	342.24696541024	259.6428468395696	479.10242338716705	656.6436130748829	891.8964833795798	521.7326492838598	263.2687447346251	398.796962496469	6631.235387965186
hsa-miR-186-5p	406.90003822394294	377.57038299190646	480.5292061907139	427.7352543899144	604.016711129008	393.8439166262724	775.7597882632108	375.03966765715603	322.305266642276	443.44763480381704	552.1263944730732	422.3550018012198	561.6399887672002	481.8796630165667	6625.148914976279
hsa-miR-10a-5p	413.06519031824513	517.9491151299229	514.8527209186221	540.297163439892	419.45604939514436	484.73097430925833	456.3292872136534	403.88887286155267	557.5010017596126	430.65587610755307	537.9693074353021	360.2439721245699	351.02499297950015	531.7292833286253	6519.693807321453
hsa-miR-136-5p	450.05610288405813	425.9768423498432	661.5077383924114	540.297163439892	352.3430814919213	181.77411536597188	182.53171488546135	432.7380780659493	426.83670447220334	545.7817043739286	467.1838722464465	409.93279586588983	526.5374894692502	614.811983848723	6218.3093871519495
hsa-miR-4488	388.40458194103644	900.3601440576231	386.9196205691463	900.4952723998199	687.9079210080367	0.0	319.4305010495574	403.88887286155267	313.59431348978205	272.8908521869643	325.61300186873547	583.8436789605098	157.96124684077506	448.6465828085276	6089.956590042067
hsa-miR-502-3p	397.6523100824897	488.90523951516093	567.8981527708438	551.5533543448897	276.8409926007953	363.54823073194376	273.797572328192	476.0118858725442	435.5476576246973	451.97547393465965	403.47698057647654	316.7662513509149	684.4987363100253	332.3308020803908	6020.803640124024
hsa-miR-132-3p	517.872775921382	745.4594741122256	530.4543185222167	427.7352543899144	402.6778074193386	151.47842947164324	365.0634297709227	230.79364163517295	322.305266642276	503.14250871971547	382.2413500198199	447.1994136718798	351.02499297950015	598.1954437447035	5975.644107020711
hsa-miR-93-5p	357.5788214695256	542.1523448088914	586.6200698951573	315.17334533993693	335.5648395161155	181.77411536597188	228.1646436068267	490.43648847474253	435.5476576246973	494.61466958887286	325.61300186873547	571.4214730251798	561.6399887672002	465.26312291254715	5891.564582264401
hsa-miR-339-3p	579.5242968644036	687.3717228827015	530.4543185222167	697.8838361098605	369.12132346772705	454.4352884149297	68.449393082048	317.3412572483628	348.4381260997578	409.3362782804465	424.71261113313324	236.0219127712699	245.7174950856501	365.5638822884299	5734.371742250937
hsa-miR-132-5p	579.5242968644036	609.9213879100027	642.7858212680978	180.09905447996397	402.6778074193386	272.66117304895783	319.4305010495574	230.79364163517295	444.2586107771912	443.44763480381704	325.61300186873547	360.2439721245699	263.2687447346251	398.796962496469	5473.522610480903
hsa-miR-99b-3p	369.90912565812994	455.02071796460524	468.0479281078383	202.61143628995947	335.5648395161155	90.88705768298594	616.044537738432	490.43648847474253	548.7900486071186	272.8908521869643	311.4559148309644	335.3995602539099	438.7812412243752	398.796962496469	5334.636711032611
hsa-miR-7-5p	209.6151712062736	261.39488053285834	318.27259111333	180.09905447996397	453.0125333467558	181.77411536597188	821.392716984576	663.5317197011223	278.7505008798062	375.224921757076	339.7700889065066	149.06647122395992	702.0499859590002	382.18042239244943	5316.13517384965
hsa-miR-142-5p	536.3682322042885	735.7781822406382	567.8981527708438	202.61143628995947	201.3389037096693	212.06980126030052	159.7152505247787	144.24602602198308	243.90668826983048	400.8084391496039	552.1263944730732	335.3995602539099	333.47374333052517	648.0450640567622	5273.785874556167
hsa-miR-409-3p	437.72579869545376	406.6142586066685	268.34747878182725	450.24763619990995	234.89538766128084	333.2525448376151	410.696358492288	375.03966765715603	391.99289186222757	281.418691317807	311.4559148309644	459.6216196072098	544.0887391182252	348.9473421844104	5254.344329853044
hsa-miR-4497	357.5788214695256	319.48263176238237	355.7164253619571	697.8838361098605	671.129679032231	302.9568589432865	296.6140366888747	432.7380780659493	409.41479816721545	264.3630130561217	311.4559148309644	260.8663246419299	105.30749789385004	415.4135026004885	5200.921418624637
hsa-miR-451a	314.4227568094105	261.39488053285834	468.0479281078383	1238.1809995497524	385.8995654435328	60.59137178865729	205.348179246144	1182.8174133802613	287.4614540323002	68.22271304674108	84.94252222662665	211.1775009006099	193.0637461387251	232.63156145627357	5194.202592659731
hsa-miR-34a-5p	345.2485172809213	474.38330170777994	468.0479281078383	360.19810895992794	167.78241975805776	393.8439166262724	205.348179246144	201.94443643077634	487.81337653966096	392.2806000187612	566.2834815108442	571.4214730251798	280.8199943836001	265.86464166431267	5181.280375260077
hsa-miR-26a-1-3p	437.72579869545376	309.801339890795	474.2885671492761	405.22287257991894	352.3430814919213	272.66117304895783	342.24696541024	461.5872832703459	296.17240718479417	255.83517392527907	297.29882779319325	285.7107365125899	456.3324908733502	432.0300427045081	5079.256760530623
hsa-miR-137-3p	295.927300526504	455.02071796460524	505.4917623564653	337.68572714993246	436.23429137095013	272.66117304895783	136.898786164096	288.49205204396617	322.305266642276	247.30733479443643	523.812220397531	347.8217661892399	351.02499297950015	299.09772187235177	4819.781113500812
hsa-miR-330-5p	345.2485172809213	309.801339890795	280.82875686470294	247.63619990995048	302.008355564504	151.47842947164324	159.7152505247787	317.3412572483628	374.5709855572397	315.5300478411775	382.2413500198199	260.8663246419299	438.7812412243752	365.5638822884299	4251.6119383286305
hsa-miR-323b-3p	351.41366937522344	285.5981102118267	277.70843734398403	405.22287257991894	360.73220247982414	348.4003877847794	296.6140366888747	201.94443643077634	235.19573511733654	289.9465304486496	283.1417407554221	242.2330157389349	140.40999719180004	332.3308020803908	4050.8919742277417
hsa-miR-329-3p	419.23034241254726	319.48263176238237	349.47578632051926	157.58667266996846	251.67362963708663	302.9568589432865	319.4305010495574	288.49205204396617	165.50810989738497	341.1135652337054	353.9271759442777	198.75529496527992	280.8199943836001	299.09772187235177	4047.5503371359146
hsa-miR-361-5p	320.5879089037126	377.57038299190646	237.14428357463805	225.12381809995497	318.78659754030974	302.9568589432865	159.7152505247787	201.94443643077634	235.19573511733654	255.83517392527907	438.8696981709043	335.3995602539099	175.51249648975008	448.6465828085276	4033.2887837750704
hsa-miR-10b-5p	339.0833651866191	319.48263176238237	212.18172740888667	315.17334533993693	251.67362963708663	393.8439166262724	68.449393082048	115.39682081758647	383.28193870973365	247.30733479443643	212.35630556656662	422.3550018012198	210.61499578770008	398.796962496469	3889.9973690169445
hsa-miR-122-5p	283.5969963378996	203.30712930333425	99.85022466300549	450.24763619990995	385.8995654435328	90.88705768298594	730.1268595418454	663.5317197011223	217.77382881234865	17.05567826168527	127.41378333993997	161.48867715928995	70.20499859590002	182.78194114421495	3684.1660961870152
hsa-miR-181c-5p	203.45001911197147	271.0761724044457	312.0319520718922	315.17334533993693	285.23011358869815	333.2525448376151	296.6140366888747	259.6428468395696	235.19573511733654	272.8908521869643	198.1992185287955	186.33308902994992	245.7174950856501	216.01502135225405	3630.822442183954
hsa-miR-455-5p	258.936387960691	145.21937807381016	255.8662006989516	247.63619990995048	352.3430814919213	60.59137178865729	182.53171488546135	375.03966765715603	278.7505008798063	213.19597827106588	212.35630556656662	273.2885305772599	333.47374333052517	315.7142619763713	3504.943323068195
hsa-miR-192-5p	203.45001911197147	164.58196181698486	205.94108836744883	337.68572714993246	419.45604939514436	121.18274357731458	182.53171488546135	317.3412572483628	313.59431348978205	281.418691317807	226.51339260433772	186.33308902994992	263.2687447346251	182.78194114421495	3406.0807338733375
hsa-miR-181a-3p	228.11062748918013	261.39488053285834	224.66300549176236	180.09905447996397	302.008355564504	151.47842947164324	182.53171488546135	317.3412572483628	235.19573511733654	264.3630130561217	283.1417407554221	136.64426528862995	280.8199943836001	332.3308020803908	3380.1228758452376
hsa-miR-146b-5p	465.4689831198135	203.30712930333425	312.0319520718922	123.81809995497524	226.50626667337795	136.33058652447892	114.08232180341335	201.94443643077634	100.17596125368038	191.8763804439593	389.31989353870546	173.91088309461995	368.57624262847514	290.789451820342	3298.138588661844
hsa-miR-212-5p	166.4591065461585	280.75746427603303	299.5506739890165	112.56190904997749	268.4518716128924	181.77411536597188	114.08232180341335	144.24602602198308	304.88336033728814	272.8908521869643	268.98465371765104	186.33308902994992	140.40999719180004	232.63156145627357	2974.017002585373
hsa-miR-873-3p	265.1015400549931	232.3510049180963	230.9036445332002	247.63619990995048	117.44769383064042	212.06980126030052	45.63292872136534	57.69841040879324	200.35192250736077	349.64140436454807	212.35630556656662	223.5997068359399	280.8199943836001	249.24810156029312	2924.858658855648
hsa-miR-191-5p	326.7530609980148	183.94454556015955	68.64702945581628	360.19810895992794	184.56066173386353	272.66117304895783	273.797572328192	144.24602602198308	165.50810989738497	213.19597827106588	184.0421314910244	136.64426528862995	105.30749789385004	265.86464166431267	2885.370802613183
hsa-miR-23a-3p	345.2485172809213	208.14777523912792	246.5052421367948	135.074290859973	234.89538766128084	90.88705768298594	114.08232180341335	274.0674494417679	143.7307270161501	221.72381740190852	148.64941389659663	105.58875045030496	280.8199943836001	224.3232914042638	2773.744036659089
hsa-let-7a-3p	203.45001911197147	261.39488053285834	193.45981028457314	90.04952723998198	369.12132346772705	151.47842947164324	159.7152505247787	173.09523122637972	226.4847819648426	213.19597827106588	70.78543518885553	260.8663246419299	175.51249648975008	216.01502135225405	2764.6245097686115
hsa-miR-4508	135.63334607464765	246.8729427254773	162.25661507738394	506.52859072489866	453.0125333467559	60.59137178865729	91.26585744273068	331.7658598505611	139.37525043990314	153.50110435516743	113.25669630216886	62.11102967664998	87.75624824487504	132.93232083215634	2676.859766882034
hsa-miR-29c-3p	249.68865981923773	183.94454556015955	251.70577467132637	217.61969082995645	167.78241975805776	257.5133301017935	136.898786164096	201.94443643077634	110.33873993158998	243.0434152290151	141.57087037771106	157.34794184751325	157.96124684077506	199.3984812482345	2676.758338810242
hsa-miR-421	240.44093167778448	174.2632536885722	274.5881178232651	112.56190904997749	302.008355564504	0.0	205.348179246144	346.19046245275945	148.08620359239708	162.02894348601006	198.1992185287955	86.95544154730997	193.0637461387251	182.78194114421495	2626.5167039404596
hsa-miR-130a-3p	166.4591065461585	164.58196181698486	218.42236645032452	135.074290859973	318.78659754030974	121.18274357731458	205.348179246144	201.94443643077634	139.37525043990314	136.44542609348215	226.51339260433772	161.48867715928995	263.2687447346251	116.31578072813679	2575.2069542277604
hsa-miR-140-5p	123.30304188604332	106.4942105874608	237.14428357463805	157.58667266996846	167.78241975805776	151.47842947164324	205.348179246144	115.39682081758647	182.93001620237285	204.66813914022325	169.8850444532533	260.8663246419299	140.40999719180004	332.3308020803908	2555.6243817215122
hsa-miR-6131	154.12880235755415	183.94454556015955	131.05341987019472	270.148581719946	184.56066173386353	60.59137178865729	205.348179246144	288.49205204396617	148.08620359239708	85.27839130842635	198.1992185287955	248.4441187065999	210.61499578770008	166.1654010401954	2535.0559432845994
hsa-miR-20a-5p	160.2939544518563	183.94454556015955	156.0159760359461	180.09905447996397	201.3389037096693	90.88705768298594	273.797572328192	115.39682081758647	113.2423909824213	162.02894348601006	169.8850444532533	136.64426528862995	263.2687447346251	315.7142619763713	2522.5575359876707
hsa-miR-425-3p	197.2848670176693	358.20779924873176	324.5132301547679	180.09905447996397	67.1129679032231	60.59137178865729	182.53171488546135	173.09523122637972	270.0395477273123	136.44542609348215	127.41378333993997	111.79985341796996	70.20499859590002	216.01502135225405	2475.354867231713
hsa-miR-299-3p	160.2939544518563	174.2632536885722	118.57214178731903	90.04952723998198	234.89538766128084	212.06980126030052	228.1646436068267	57.69841040879324	182.93001620237285	179.08462174769534	268.98465371765104	149.06647122395995	140.40999719180004	249.24810156029312	2445.730981748703
hsa-miR-4492	129.4681939803455	111.33485652325447	137.29405891163256	529.0409725348942	436.23429137095013	0.0	296.6140366888747	187.51983382857802	130.6642972874092	144.9732652243248	70.78543518885553	12.422205935329995	105.30749789385004	99.69924062411725	2391.3581859924166
hsa-miR-378c	213.62252006757004	160.70944506834994	138.85421867199202	142.9536244934714	130.03137531249476	219.64372273388267	205.348179246144	115.39682081758647	108.88691440617433	141.98852152852987	148.64941389659663	189.43864051378242	210.61499578770008	135.42480184775926	2261.5631943920343
hsa-miR-500a-3p	107.89016165028791	227.51035898230262	193.45981028457314	146.33048176497073	92.28033086693176	181.77411536597188	91.26585744273068	158.6706286241814	139.37525043990314	230.25165653275116	162.80650093436773	167.69978012695495	175.51249648975008	166.1654010401954	2240.9928305458725
hsa-miR-378d	174.4738042687513	127.79305270495294	146.65501747378931	150.83295812696983	109.05857284273753	196.9219583131362	205.348179246144	173.09523122637972	121.95334413491524	156.05945609442023	113.25669630216886	130.43316232096495	228.1662454366751	171.1503630714013	2205.1980415634066
hsa-miR-145-3p	215.78032330057582	203.30712930333425	168.4972541188218	67.5371454299865	218.11714568547507	151.47842947164324	45.63292872136534	201.94443643077634	209.0628756598547	196.1403000093806	56.62834815108443	186.33308902994992	175.51249648975008	83.0827005200977	2179.0546023220954
hsa-miR-628-3p	166.4591065461585	145.21937807381016	124.81278082875687	202.61143628995947	218.11714568547507	212.06980126030052	114.08232180341335	201.94443643077634	87.10953152493946	221.72381740190852	113.25669630216886	74.53323561197998	140.40999719180004	99.69924062411725	2122.0489255755647
hsa-miR-106b-3p	191.11971492336716	174.2632536885722	199.70044932601098	157.58667266996846	167.78241975805776	60.59137178865729	159.7152505247787	115.39682081758647	139.37525043990314	119.3897478317969	184.0421314910244	124.22205935329995	157.96124684077506	149.54886093617588	2100.6952503899747
hsa-miR-26b-5p	123.30304188604332	101.65356465166712	159.136295556665	90.04952723998198	167.78241975805776	90.88705768298594	182.53171488546135	230.79364163517295	217.77382881234865	174.82070218227403	56.62834815108443	229.8108098036049	140.40999719180004	116.31578072813679	2081.896730165284
hsa-miR-30a-3p	138.71592212179874	261.39488053285834	177.85821268097854	202.61143628995947	117.44769383064042	0.0	114.08232180341335	144.24602602198308	104.53143782992736	132.18150652806085	42.471261113313325	285.7107365125899	175.51249648975008	149.54886093617588	2046.3127926914497
hsa-miR-125a-3p	98.64243350883466	232.3510049180963	174.73789316025963	90.04952723998198	117.44769383064042	90.88705768298594	45.63292872136534	115.39682081758647	235.19573511733654	127.91758696263953	155.7279574154822	173.91088309461995	210.61499578770008	116.31578072813679	1984.828298985666
hsa-miR-199a-3p	189.0646642252664	122.62969704010636	178.89831918788482	165.09079993996698	201.3389037096693	100.98561964776214	197.74269112591645	76.93121387839098	63.880323118288935	113.70452174456848	169.8850444532533	140.78500060040662	140.40999719180004	110.77693402679695	1972.1237298900778
hsa-miR-708-5p	104.80758560313681	106.4942105874608	112.33150274588118	67.5371454299865	201.3389037096693	121.18274357731458	182.53171488546135	201.94443643077634	130.6642972874092	170.5567826168527	141.57087037771106	111.79985341796996	35.10249929795001	99.69924062411725	1787.561786591697
hsa-miR-9985	100.69748420693539	85.51807819902153	141.45448493925778	67.5371454299865	69.90934156585739	146.4291484892551	171.12348270512	173.09523122637972	87.10953152493946	126.49628044083241	134.49232685882552	186.33308902994992	137.4847889169709	152.3182842868458	1779.998697820177
hsa-miR-127-5p	129.4681939803455	280.75746427603303	131.05341987019472	112.56190904997749	117.44769383064042	151.47842947164324	114.08232180341335	57.69841040879324	104.53143782992736	144.9732652243248	127.41378333993997	124.22205935329995	0.0	83.0827005200977	1678.7710889586308
hsa-miR-22-5p	104.80758560313681	116.17550245904815	156.0159760359461	45.02476361999099	134.2259358064462	212.06980126030052	114.08232180341335	173.09523122637972	69.68762521995157	76.75055217758371	141.57087037771106	86.95544154730997	140.40999719180004	83.0827005200977	1653.9543048491162
hsa-miR-181c-3p	129.4681939803455	164.58196181698486	168.4972541188218	112.56190904997749	167.78241975805776	0.0	68.449393082048	144.24602602198308	69.68762521995157	153.50110435516743	70.78543518885553	99.37764748263996	105.30749789385004	99.69924062411725	1553.9457085928002
hsa-miR-497-5p	129.4681939803455	87.1316268442861	106.09086370444334	90.04952723998198	0.0	302.9568589432865	45.63292872136534	115.39682081758647	165.50810989738497	59.69487391589845	84.94252222662665	74.53323561197998	87.75624824487504	149.54886093617588	1498.710671084236
	sumhsa-miR-25-3p	1066.5713123142748	1500.6002400960385	1560.159760359461	990.5447996398019	1124.1422123789869	878.5748909355307	1095.190289312768	1471.3094654242275	1019.1815188417917	895.4231087384767	1160.8811370972307	1267.0650054036596	1562.0612187587756	1478.8720692577392	17070.577028558764
hsa-miR-885-5p	166.4591065461585	222.66971304650895	68.64702945581628	45.02476361999099	302.008355564504	90.88705768298594	0.0	0.0	43.55476576246973	179.08462174769534	113.25669630216886	99.37764748263996	0.0	132.93232083215634	1463.9020780430951
hsa-miR-187-3p	104.80758560313681	154.9006699453975	131.05341987019472	157.58667266996846	134.2259358064462	60.59137178865729	91.26585744273068	57.69841040879324	95.82048467743341	68.22271304674108	99.09960926439776	99.37764748263996	105.30749789385004	99.69924062411725	1459.6571165245043
hsa-miR-139-3p	117.13788979174116	183.94454556015955	31.203195207189218	45.02476361999099	100.66945185483465	60.59137178865729	159.7152505247787	57.69841040879324	95.82048467743341	136.44542609348215	141.57087037771106	111.79985341796996	70.20499859590002	33.233080208039084	1345.0595921266804
hsa-miR-29c-5p	123.30304188604332	154.9006699453975	87.36894658012982	0.0	83.89120987902888	90.88705768298594	68.449393082048	57.69841040879324	60.97667206745762	144.9732652243248	84.94252222662665	161.48867715928995	0.0	199.3984812482345	1318.2783473903603
hsa-miR-450b-5p	92.47728141453248	58.08775122952407	106.09086370444334	90.04952723998198	100.66945185483465	60.59137178865729	114.08232180341335	115.39682081758647	78.39857837244551	110.86190870095426	99.09960926439776	136.64426528862995	70.20499859590002	83.0827005200977	1315.7374505953985
hsa-miR-30e-3p	33.90833651866191	58.08775122952407	121.69246130803795	22.512381809995496	167.78241975805776	121.18274357731458	159.7152505247787	144.24602602198308	87.10953152493946	63.958793481319766	14.157087037771108	99.37764748263996	70.20499859590002	116.31578072813679	1280.2512095990608
hsa-miR-874-3p	104.80758560313681	300.1200480192077	137.29405891163256	0.0	100.66945185483465	0.0	0.0	86.54761561318986	113.2423909824213	93.80623043926899	169.8850444532533	74.53323561197998	0.0	66.46616041607817	1247.3718219050033
hsa-miR-185-3p	147.963650263252	164.58196181698486	118.57214178731903	0.0	83.89120987902888	0.0	0.0	57.69841040879324	113.2423909824213	119.3897478317969	70.78543518885553	236.0219127712699	0.0	116.31578072813679	1228.4626416578585
hsa-miR-28-3p	98.64243350883466	135.53808620222284	156.0159760359461	0.0	33.55648395161155	121.18274357731458	159.7152505247787	0.0	78.39857837244551	119.3897478317969	56.62834815108443	74.53323561197998	35.10249929795001	99.69924062411725	1168.4026236900825
hsa-miR-1-3p	18.4954562829065	58.08775122952407	43.68447329006491	360.19810895992794	0.0	90.88705768298594	0.0	57.69841040879324	43.55476576246973	42.639195654213175	0.0	322.9773543185799	0.0	83.0827005200977	1121.305274109563
hsa-miR-499a-5p	92.47728141453248	48.406459357936725	99.85022466300549	90.04952723998198	67.1129679032231	60.59137178865729	114.08232180341335	0.0	87.10953152493946	59.69487391589845	70.78543518885553	74.53323561197998	157.96124684077506	83.0827005200977	1105.7371777732967
hsa-miR-23b-3p	92.47728141453248	101.65356465166712	121.69246130803795	67.5371454299865	134.2259358064462	0.0	68.449393082048	100.97221821538817	21.777382881234864	51.16703478505581	92.0210657455122	31.05551483832499	105.30749789385004	108.00751067612703	1096.3440067282113
hsa-miR-484	178.7894107347628	116.17550245904815	87.36894658012982	45.02476361999099	100.66945185483465	60.59137178865729	0.0	0.0	113.2423909824213	68.22271304674108	70.78543518885553	124.22205935329995	35.10249929795001	66.46616041607817	1066.6607053227697
hsa-miR-191-3p	123.30304188604332	106.4942105874608	68.64702945581628	45.02476361999099	50.334725927417324	0.0	68.449393082048	0.0	226.4847819648426	85.27839130842635	28.314174075542216	24.84441187065999	105.30749789385004	116.31578072813679	1048.7982024002347
hsa-miR-195-3p	98.64243350883466	154.9006699453975	81.12830753869197	67.5371454299865	33.55648395161155	60.59137178865729	0.0	0.0	43.55476576246973	76.75055217758371	127.41378333993997	99.37764748263996	87.75624824487504	116.31578072813679	1047.5251898988245
hsa-miR-1307-3p	197.2848670176693	135.53808620222284	156.0159760359461	0.0	33.55648395161155	0.0	68.449393082048	0.0	78.39857837244551	76.75055217758371	56.62834815108443	0.0	157.96124684077506	83.0827005200977	1043.6662323514843
hsa-miR-98-5p	73.981825131626	92.94040196723851	64.90264603095358	0.0	83.89120987902888	181.77411536597188	68.449393082048	57.69841040879324	73.17200648094915	93.80623043926899	0.0	79.50211798611197	66.69474866610503	99.69924062411725	1036.5123460622126
hsa-miR-10396b-3p	41.10101396201444	419.52264776878496	45.76468630387752	135.074290859973	0.0	0.0	0.0	57.69841040879324	0.0	0.0	37.75223210072295	0.0	0.0	299.09772187235177	1036.0110032765178
hsa-miR-885-3p	141.7984981689498	125.85679433063548	62.406390414378436	0.0	33.55648395161155	0.0	45.63292872136534	57.69841040879324	139.37525043990314	68.22271304674108	28.314174075542216	124.22205935329995	105.30749789385004	99.69924062411725	1032.0904414291876
hsa-let-7e-5p	92.47728141453248	116.17550245904815	31.203195207189218	90.04952723998198	0.0	60.59137178865729	45.63292872136534	86.54761561318986	43.55476576246973	85.27839130842635	0.0	111.79985341796996	157.96124684077506	83.0827005200977	1004.3543802937031
hsa-miR-383-5p	67.81667303732382	96.81291871587345	118.57214178731903	45.02476361999099	100.66945185483465	0.0	159.7152505247787	0.0	43.55476576246973	85.27839130842635	113.25669630216886	0.0	122.85874754282506	33.233080208039084	986.7928806640497
hsa-miR-199b-3p	94.5323321126332	61.31484852005318	89.44915959394241	82.54539996998349	83.89120987902888	50.49280982388107	98.87134556295823	38.46560693919549	31.940161559144467	56.85226087228424	84.94252222662665	70.39250030020331	70.20499859590002	55.388467013398476	969.2836229692332
hsa-miR-221-5p	80.14697722592815	116.17550245904815	81.12830753869197	90.04952723998198	33.55648395161155	0.0	45.63292872136534	115.39682081758647	78.39857837244551	93.80623043926899	28.314174075542216	49.68882374131998	87.75624824487504	49.849620312058626	949.9002231397241
hsa-miR-655-3p	73.981825131626	77.45033497269876	81.12830753869197	0.0	83.89120987902888	60.59137178865729	0.0	57.69841040879324	104.53143782992736	51.16703478505581	0.0	62.11102967664998	122.85874754282506	116.31578072813679	891.7254902820911
hsa-miR-6529-3p	135.63334607464765	38.72516748634938	56.16575137294059	45.02476361999099	0.0	0.0	91.26585744273068	57.69841040879324	156.79715674489103	102.33406957011162	42.471261113313325	99.37764748263996	35.10249929795001	0.0	860.5959306143585
hsa-miR-377-3p	135.63334607464765	67.76904310111142	24.962556165751373	157.58667266996846	33.55648395161155	0.0	45.63292872136534	0.0	95.82048467743341	102.33406957011162	42.471261113313325	62.11102967664998	35.10249929795001	33.233080208039084	836.2134552279531
hsa-miR-1296-5p	98.64243350883466	29.043875614762037	68.64702945581628	45.02476361999099	50.334725927417324	60.59137178865729	0.0	0.0	34.843812609975785	153.50110435516743	70.78543518885553	136.64426528862995	0.0	83.0827005200977	831.1415178782049
hsa-miR-195-5p	80.14697722592815	96.81291871587345	62.406390414378436	0.0	33.55648395161155	60.59137178865729	0.0	86.54761561318986	69.68762521995157	68.22271304674108	70.78543518885553	62.11102967664998	52.65374894692502	83.0827005200977	826.6050103088596
hsa-miR-339-5p	36.990912565813	58.08775122952407	68.64702945581628	90.04952723998198	50.334725927417324	90.88705768298594	0.0	0.0	52.26571891496368	68.22271304674108	70.78543518885553	86.95544154730997	70.20499859590002	83.0827005200977	826.5140119154066
hsa-miR-337-5p	86.31212932023033	38.72516748634938	99.85022466300549	180.09905447996397	33.55648395161155	0.0	45.63292872136534	57.69841040879324	34.843812609975785	76.75055217758371	42.471261113313325	24.84441187065999	35.10249929795001	49.849620312058626	805.7365564128606
hsa-miR-338-3p	92.47728141453248	96.81291871587345	81.12830753869197	45.02476361999099	117.44769383064042	0.0	0.0	0.0	52.26571891496368	102.33406957011162	42.471261113313325	24.84441187065999	87.75624824487504	33.233080208039084	775.7957550416919
hsa-miR-199a-5p	92.47728141453248	58.08775122952407	99.85022466300549	67.5371454299865	83.89120987902888	60.59137178865729	0.0	0.0	43.55476576246973	102.33406957011162	28.314174075542216	0.0	52.65374894692502	83.0827005200977	772.374443279881
hsa-miR-375-3p	30.82576047151083	38.72516748634938	49.925112331502746	0.0	134.2259358064462	0.0	0.0	0.0	78.39857837244551	119.3897478317969	28.314174075542216	49.68882374131998	52.65374894692502	182.78194114421495	764.9289902080536
hsa-miR-30c-5p	135.63334607464765	48.406459357936725	93.60958562156765	0.0	33.55648395161155	60.59137178865729	0.0	57.69841040879324	69.68762521995157	119.3897478317969	0.0	62.11102967664998	70.20499859590002	0.0	750.8890585275126
hsa-miR-144-3p	0.0	67.76904310111142	18.72191712431353	0.0	33.55648395161155	0.0	0.0	0.0	252.61764142232443	0.0	28.314174075542216	260.8663246419299	0.0	83.0827005200977	744.9282848369307
hsa-miR-431-3p	110.97273769743899	48.406459357936725	43.68447329006491	0.0	134.2259358064462	0.0	45.63292872136534	0.0	95.82048467743341	59.69487391589845	42.471261113313325	62.11102967664998	35.10249929795001	33.233080208039084	711.3557637625363
hsa-miR-181a-2-3p	92.47728141453248	48.406459357936725	68.64702945581628	45.02476361999099	50.334725927417324	121.18274357731458	0.0	0.0	52.26571891496368	76.75055217758371	56.62834815108443	62.11102967664998	0.0	33.233080208039084	707.0617324813292
hsa-miR-186-3p	73.981825131626	19.36258374317469	87.36894658012982	45.02476361999099	33.55648395161155	90.88705768298594	0.0	0.0	34.843812609975785	34.11135652337054	0.0	99.37764748263996	70.20499859590002	99.69924062411725	688.4187165455226
hsa-miR-149-5p	92.47728141453248	87.1316268442861	81.12830753869197	90.04952723998198	67.1129679032231	0.0	0.0	57.69841040879324	34.843812609975785	17.05567826168527	0.0	74.53323561197998	0.0	66.46616041607817	668.4970082492281
hsa-miR-106b-5p	61.65152094302166	0.0	31.203195207189218	90.04952723998198	33.55648395161155	60.59137178865729	0.0	0.0	60.97667206745762	85.27839130842635	28.314174075542216	24.84441187065999	122.85874754282506	33.233080208039084	632.5575762034119
hsa-miR-194-5p	18.4954562829065	29.043875614762037	68.64702945581628	0.0	33.55648395161155	90.88705768298594	0.0	86.54761561318986	26.13285945748184	59.69487391589845	42.471261113313325	62.11102967664998	35.10249929795001	66.46616041607817	619.1562024786439
hsa-miR-24-1-5p	73.981825131626	48.406459357936725	62.406390414378436	45.02476361999099	83.89120987902888	0.0	45.63292872136534	57.69841040879324	17.421906304987893	68.22271304674108	28.314174075542216	37.26661780598999	0.0	49.849620312058626	618.1170190784394
hsa-miR-382-3p	12.330304188604332	48.406459357936725	31.203195207189218	45.02476361999099	33.55648395161155	60.59137178865729	0.0	0.0	17.421906304987893	85.27839130842635	56.62834815108443	62.11102967664998	87.75624824487504	66.46616041607817	606.774662216092
hsa-miR-501-3p	104.80758560313681	38.72516748634938	43.68447329006491	45.02476361999099	67.1129679032231	0.0	0.0	0.0	26.13285945748184	59.69487391589845	99.09960926439776	0.0	35.10249929795001	83.0827005200977	602.4675003585909
hsa-miR-487b-3p	98.64243350883466	87.1316268442861	31.203195207189218	45.02476361999099	33.55648395161155	0.0	0.0	0.0	95.82048467743341	110.86190870095426	0.0	37.26661780598999	0.0	0.0	539.5075143162901
hsa-miR-29b-3p	61.65152094302166	19.36258374317469	79.04809452487936	75.04127269998499	33.55648395161155	30.295685894328646	0.0	57.69841040879324	11.61460420332526	25.583517392527906	56.62834815108443	16.56294124710666	0.0	66.46616041607817	533.5096235759165
hsa-miR-10396b-5p	32.880811169611555	212.9884211749216	0.0	30.016509079993995	22.370989301074363	0.0	0.0	0.0	0.0	0.0	42.471261113313325	0.0	0.0	188.32078784555478	529.0487796844697
hsa-miR-510-3p	36.990912565813	48.406459357936725	49.925112331502746	0.0	67.1129679032231	60.59137178865729	68.449393082048	86.54761561318986	17.421906304987893	42.639195654213175	0.0	49.68882374131998	0.0	0.0	527.7737583428917
hsa-miR-370-3p	73.981825131626	0.0	99.85022466300549	45.02476361999099	67.1129679032231	0.0	0.0	0.0	113.2423909824213	25.583517392527906	28.314174075542216	37.26661780598999	0.0	33.233080208039084	523.609561782366
hsa-miR-105-3p	30.82576047151083	38.72516748634938	81.12830753869197	45.02476361999099	33.55648395161155	0.0	45.63292872136534	0.0	26.13285945748184	42.639195654213175	0.0	24.84441187065999	70.20499859590002	83.0827005200977	521.7975778878728
hsa-miR-10396a-3p	20.55050698100722	209.76132388439248	22.88234315193876	67.5371454299865	0.0	0.0	0.0	28.84920520439662	0.0	0.0	18.876116050361475	0.0	0.0	149.54886093617588	518.0055016382589
hsa-miR-1246	36.990912565813	58.08775122952407	43.68447329006491	0.0	50.334725927417324	0.0	68.449393082048	0.0	26.13285945748184	0.0	56.62834815108443	24.84441187065999	0.0	132.93232083215634	498.0851964062499
hsa-miR-363-3p	43.15606466011516	38.72516748634938	56.16575137294059	0.0	33.55648395161155	0.0	0.0	57.69841040879324	69.68762521995157	68.22271304674108	28.314174075542216	0.0	52.65374894692502	33.233080208039084	481.4132193770089
hsa-miR-4443	12.330304188604332	19.36258374317469	0.0	67.5371454299865	0.0	0.0	182.53171488546135	115.39682081758647	0.0	0.0	28.314174075542216	0.0	35.10249929795001	0.0	460.5752424383056
hsa-miR-411-3p	36.990912565813	58.08775122952407	56.16575137294059	0.0	0.0	121.18274357731458	0.0	0.0	17.421906304987893	17.05567826168527	113.25669630216886	37.26661780598999	0.0	0.0	457.42805742042424
hsa-miR-301a-5p	43.15606466011516	67.76904310111142	43.68447329006491	45.02476361999099	0.0	0.0	0.0	0.0	17.421906304987893	42.639195654213175	28.314174075542216	62.11102967664998	35.10249929795001	66.46616041607817	451.68931009670393
hsa-miR-542-3p	86.31212932023033	19.36258374317469	43.68447329006491	0.0	0.0	0.0	0.0	115.39682081758647	17.421906304987893	51.16703478505581	56.62834815108443	24.84441187065999	0.0	33.233080208039084	448.05078849088363
hsa-miR-17-5p	92.47728141453248	38.72516748634938	37.44383424862706	90.04952723998198	0.0	0.0	0.0	57.69841040879324	0.0	17.05567826168527	42.471261113313325	0.0	52.65374894692502	0.0	428.5749091202078
hsa-miR-218-2-3p	0.0	19.36258374317469	62.406390414378436	67.5371454299865	0.0	0.0	0.0	0.0	52.26571891496368	17.05567826168527	70.78543518885553	0.0	52.65374894692502	83.0827005200977	425.14940142006685
hsa-miR-143-5p	30.82576047151083	58.08775122952407	18.72191712431353	0.0	0.0	0.0	0.0	0.0	34.843812609975785	17.05567826168527	28.314174075542216	37.26661780598999	0.0	199.3984812482345	424.51419282677625
hsa-miR-1248	12.330304188604332	0.0	12.481278082875686	0.0	117.44769383064042	0.0	91.26585744273068	144.24602602198308	0.0	0.0	0.0	24.84441187065999	0.0	0.0	402.6155714374942
hsa-miR-16-2-3p	36.990912565813	38.72516748634938	49.925112331502746	135.074290859973	0.0	0.0	0.0	57.69841040879324	0.0	0.0	0.0	0.0	35.10249929795001	33.233080208039084	386.74947315842047
hsa-miR-137-5p	86.31212932023033	29.043875614762037	37.44383424862706	0.0	33.55648395161155	0.0	68.449393082048	0.0	17.421906304987893	0.0	42.471261113313325	24.84441187065999	35.10249929795001	0.0	374.64579480419025
hsa-miR-154-5p	67.81667303732382	77.45033497269876	43.68447329006491	0.0	0.0	0.0	0.0	0.0	43.55476576246973	0.0	0.0	37.26661780598999	70.20499859590002	33.233080208039084	373.21094367248634
hsa-miR-324-5p	30.82576047151083	67.76904310111142	12.481278082875686	0.0	33.55648395161155	0.0	0.0	0.0	0.0	42.639195654213175	42.471261113313325	86.95544154730997	52.65374894692502	0.0	369.352212868871
hsa-miR-1197	12.330304188604332	19.36258374317469	43.68447329006491	0.0	33.55648395161155	0.0	0.0	86.54761561318986	26.13285945748184	34.11135652337054	0.0	24.84441187065999	35.10249929795001	33.233080208039084	348.90566814414683
hsa-miR-450a-5p	43.15606466011516	38.72516748634938	12.481278082875686	0.0	0.0	0.0	0.0	0.0	60.97667206745762	17.05567826168527	84.94252222662665	24.84441187065999	0.0	66.46616041607817	348.64795507184795
hsa-miR-19a-3p	12.330304188604332	77.45033497269876	24.962556165751373	0.0	0.0	0.0	45.63292872136534	0.0	52.26571891496368	25.583517392527906	42.471261113313325	24.84441187065999	0.0	33.233080208039084	338.77411354792383
hsa-miR-1291	55.48636884871949	19.36258374317469	18.72191712431353	45.02476361999099	67.1129679032231	0.0	0.0	0.0	0.0	0.0	28.314174075542216	49.68882374131998	0.0	49.849620312058626	333.5612193683426
hsa-miR-32-5p	43.15606466011516	0.0	24.962556165751373	0.0	33.55648395161155	0.0	0.0	57.69841040879324	34.843812609975785	25.583517392527906	0.0	62.11102967664998	0.0	49.849620312058626	331.7614951774836
hsa-miR-1306-3p	55.48636884871949	48.406459357936725	12.481278082875686	0.0	0.0	0.0	68.449393082048	0.0	52.26571891496368	0.0	0.0	24.84441187065999	35.10249929795001	33.233080208039084	330.2692096631927
hsa-miR-4516	18.4954562829065	67.76904310111142	18.72191712431353	45.02476361999099	0.0	0.0	0.0	0.0	0.0	0.0	0.0	74.53323561197998	0.0	99.69924062411725	324.2436563644197
hsa-let-7b-3p	67.81667303732382	48.406459357936725	0.0	45.02476361999099	0.0	0.0	0.0	0.0	0.0	42.639195654213175	42.471261113313325	37.26661780598999	0.0	33.233080208039084	316.8580507968071
hsa-miR-130b-3p	73.981825131626	19.36258374317469	68.64702945581628	45.02476361999099	0.0	0.0	0.0	0.0	17.421906304987893	34.11135652337054	28.314174075542216	24.84441187065999	0.0	0.0	311.7080507251686
hsa-miR-10527-5p	12.330304188604332	0.0	49.925112331502746	0.0	0.0	60.59137178865729	91.26585744273068	0.0	43.55476576246973	17.05567826168527	28.314174075542216	0.0	0.0	0.0	303.0372638511923
hsa-miR-223-5p	30.82576047151083	29.043875614762037	49.925112331502746	0.0	0.0	0.0	68.449393082048	0.0	17.421906304987893	0.0	0.0	24.84441187065999	70.20499859590002	0.0	290.7154582713715
hsa-miR-592	49.32121675441733	0.0	31.203195207189218	0.0	50.334725927417324	60.59137178865729	0.0	0.0	34.843812609975785	25.583517392527906	0.0	0.0	0.0	33.233080208039084	285.1109198882239
hsa-miR-188-5p	18.4954562829065	48.406459357936725	43.68447329006491	0.0	33.55648395161155	0.0	0.0	0.0	17.421906304987893	17.05567826168527	28.314174075542216	24.84441187065999	0.0	49.849620312058626	281.62866370745365
hsa-miR-1298-3p	36.990912565813	29.043875614762037	12.481278082875686	45.02476361999099	0.0	0.0	0.0	0.0	34.843812609975785	76.75055217758371	42.471261113313325	0.0	0.0	0.0	277.60645578431456
hsa-miR-28-5p	18.4954562829065	0.0	43.68447329006491	0.0	33.55648395161155	0.0	0.0	0.0	78.39857837244551	0.0	0.0	0.0	52.65374894692502	49.849620312058626	276.63836115601214
hsa-miR-210-3p	36.990912565813	0.0	31.203195207189218	45.02476361999099	83.89120987902888	0.0	0.0	0.0	0.0	17.05567826168527	0.0	24.84441187065999	0.0	33.233080208039084	272.2432516124064
hsa-miR-99a-3p	0.0	67.76904310111142	24.962556165751373	0.0	33.55648395161155	60.59137178865729	0.0	0.0	34.843812609975785	25.583517392527906	0.0	24.84441187065999	0.0	0.0	272.1511968802953
hsa-miR-1264	0.0	58.08775122952407	12.481278082875686	0.0	0.0	0.0	0.0	0.0	43.55476576246973	17.05567826168527	0.0	49.68882374131998	35.10249929795001	33.233080208039084	249.2038765838638
hsa-miR-183-5p	24.660608377208664	29.043875614762037	31.203195207189218	0.0	0.0	60.59137178865729	0.0	0.0	0.0	17.05567826168527	0.0	49.68882374131998	0.0	33.233080208039084	245.47663319886158
hsa-miR-490-5p	24.660608377208664	0.0	37.44383424862706	45.02476361999099	0.0	0.0	0.0	0.0	52.26571891496368	25.583517392527906	0.0	24.84441187065999	35.10249929795001	0.0	244.9253537219283
hsa-miR-204-5p	36.990912565813	58.08775122952407	21.842236645032454	0.0	33.55648395161155	0.0	45.63292872136534	0.0	43.55476576246973	0.0	0.0	0.0	0.0	0.0	239.66507887581616
hsa-miR-449a	0.0	19.36258374317469	0.0	90.04952723998198	33.55648395161155	0.0	0.0	0.0	17.421906304987893	51.16703478505581	0.0	24.84441187065999	0.0	0.0	236.40194789547192
hsa-let-7f-2-3p	24.660608377208664	0.0	24.962556165751373	0.0	0.0	0.0	0.0	0.0	34.843812609975785	34.11135652337054	28.314174075542216	49.68882374131998	0.0	33.233080208039084	229.81441170120763
hsa-miR-346	36.990912565813	48.406459357936725	12.481278082875686	0.0	67.1129679032231	0.0	0.0	0.0	17.421906304987893	42.639195654213175	0.0	0.0	0.0	0.0	225.05271986904958
hsa-miR-133a-3p	12.330304188604332	12.908389162116459	37.44383424862706	0.0	22.370989301074363	0.0	0.0	0.0	0.0	17.05567826168527	18.876116050361475	41.40735311776665	0.0	55.38846701339847	217.7811313436341
hsa-miR-539-5p	0.0	0.0	37.44383424862706	0.0	67.1129679032231	0.0	0.0	0.0	0.0	17.05567826168527	28.314174075542216	0.0	0.0	66.46616041607817	216.3928149051558
hsa-miR-377-5p	30.82576047151083	38.72516748634938	18.72191712431353	45.02476361999099	0.0	0.0	0.0	0.0	0.0	17.05567826168527	28.314174075542216	24.84441187065999	0.0	0.0	203.5118729100522
hsa-miR-337-3p	0.0	19.36258374317469	18.72191712431353	45.02476361999099	0.0	0.0	45.63292872136534	57.69841040879324	0.0	17.05567826168527	0.0	0.0	0.0	0.0	203.49628187932308
hsa-miR-124-5p	24.66060837720866	48.40645935793672	43.6844732900649	0.0	0.0	0.0	0.0	0.0	0.0	25.583517392527902	56.628348151084424	0.0	0.0	0.0	198.9634065688226
hsa-miR-129-2-3p	30.82576047151083	67.76904310111142	0.0	0.0	0.0	0.0	0.0	0.0	0.0	17.05567826168527	14.157087037771108	0.0	0.0	66.46616041607817	196.2737292881568
hsa-miR-758-3p	24.660608377208664	19.36258374317469	12.481278082875686	0.0	0.0	0.0	0.0	0.0	0.0	17.05567826168527	0.0	0.0	35.10249929795001	83.0827005200977	191.74534828299204
hsa-miR-151a-5p	12.330304188604332	29.043875614762037	31.203195207189218	22.512381809995496	0.0	0.0	0.0	0.0	34.843812609975785	29.847436957949224	28.314174075542216	0.0	0.0	0.0	188.09518046401828
hsa-miR-30b-5p	0.0	38.72516748634938	0.0	0.0	33.55648395161155	90.88705768298594	0.0	0.0	0.0	0.0	0.0	24.84441187065999	0.0	0.0	188.01312099160685
hsa-miR-378g	18.4954562829065	19.36258374317469	18.72191712431353	0.0	0.0	0.0	0.0	0.0	0.0	42.639195654213175	28.314174075542216	24.84441187065999	0.0	33.233080208039084	185.61081895884917
hsa-miR-424-3p	43.15606466011516	0.0	0.0	0.0	33.55648395161155	90.88705768298594	0.0	0.0	17.421906304987893	0.0	0.0	0.0	0.0	0.0	185.02151259970054
hsa-miR-145-5p	12.330304188604332	0.0	0.0	0.0	67.1129679032231	60.59137178865729	0.0	0.0	17.421906304987893	25.583517392527906	0.0	0.0	0.0	0.0	183.0400675780005
hsa-miR-4791	0.0	87.1316268442861	12.481278082875686	0.0	0.0	0.0	0.0	0.0	0.0	0.0	0.0	0.0	0.0	83.0827005200977	182.69560544725948
hsa-miR-370-5p	36.990912565813	58.08775122952407	0.0	0.0	0.0	0.0	0.0	0.0	17.421906304987893	0.0	0.0	0.0	35.10249929795001	33.233080208039084	180.83614960631405
hsa-miR-33b-5p	49.32121675441733	29.043875614762037	31.203195207189218	0.0	33.55648395161155	0.0	0.0	0.0	34.843812609975785	0.0	0.0	0.0	0.0	0.0	177.96858413795593
hsa-miR-652-3p	0.0	38.72516748634938	0.0	45.02476361999099	0.0	0.0	0.0	0.0	17.421906304987893	17.05567826168527	28.314174075542216	24.84441187065999	0.0	0.0	171.38610161921574
hsa-miR-10396a-5p	10.27525349050361	87.1316268442861	0.0	15.008254539996997	11.185494650537182	0.0	0.0	0.0	0.0	0.0	0.0	0.0	0.0	44.310773610718776	167.91140313604268
hsa-miR-21-3p	0.0	0.0	12.481278082875686	0.0	50.334725927417324	0.0	0.0	57.69841040879324	17.421906304987893	0.0	0.0	24.84441187065999	0.0	0.0	162.78073259473413
hsa-miR-1343-3p	12.330304188604332	19.36258374317469	0.0	67.5371454299865	0.0	0.0	45.63292872136534	0.0	0.0	17.05567826168527	0.0	0.0	0.0	0.0	161.91864034481614
hsa-miR-496	24.660608377208664	0.0	24.962556165751373	45.02476361999099	33.55648395161155	0.0	0.0	0.0	0.0	0.0	28.314174075542216	0.0	0.0	0.0	156.5185861901048
hsa-miR-551b-3p	12.330304188604332	0.0	0.0	0.0	50.334725927417324	0.0	0.0	0.0	26.13285945748184	17.05567826168527	0.0	0.0	0.0	49.849620312058626	155.7031881472474
hsa-miR-135a-2-3p	30.82576047151083	0.0	12.481278082875686	0.0	0.0	0.0	0.0	0.0	26.13285945748184	17.05567826168527	0.0	0.0	35.10249929795001	33.233080208039084	154.8311557795427
hsa-miR-3074-5p	30.82576047151083	19.36258374317469	0.0	0.0	0.0	0.0	0.0	0.0	34.843812609975785	34.11135652337054	0.0	0.0	0.0	33.233080208039084	152.37659355607093
hsa-miR-153-3p	12.330304188604332	19.36258374317469	24.962556165751373	0.0	0.0	0.0	0.0	0.0	0.0	17.05567826168527	28.314174075542216	49.68882374131998	0.0	0.0	151.71412017607787
hsa-miR-379-3p	12.330304188604332	0.0	0.0	0.0	33.55648395161155	0.0	0.0	0.0	0.0	17.05567826168527	0.0	0.0	35.10249929795001	49.849620312058626	147.89458601190978
hsa-miR-7704	0.0	0.0	12.481278082875686	67.5371454299865	33.55648395161155	0.0	0.0	0.0	0.0	0.0	0.0	0.0	0.0	33.233080208039084	146.8079876725128
hsa-miR-410-5p	0.0	0.0	0.0	0.0	0.0	0.0	45.63292872136534	57.69841040879324	26.13285945748184	17.05567826168527	0.0	0.0	0.0	0.0	146.51987684932567
hsa-miR-1277-3p	18.4954562829065	38.72516748634938	37.44383424862706	0.0	0.0	0.0	0.0	0.0	0.0	42.639195654213175	0.0	0.0	0.0	0.0	137.30365367209612
hsa-miR-15b-3p	0.0	0.0	12.481278082875686	0.0	0.0	0.0	0.0	57.69841040879324	0.0	0.0	0.0	0.0	0.0	66.46616041607817	136.6458489077471
hsa-miR-20b-5p	12.330304188604332	0.0	12.481278082875686	0.0	33.55648395161155	0.0	0.0	0.0	0.0	25.583517392527906	0.0	0.0	52.65374894692502	0.0	136.6053325625445
hsa-miR-1843	18.4954562829065	0.0	0.0	0.0	50.334725927417324	0.0	0.0	0.0	0.0	0.0	0.0	0.0	0.0	66.46616041607817	135.296342626402
hsa-miR-6128	0.0	0.0	0.0	45.02476361999099	33.55648395161155	0.0	0.0	0.0	0.0	0.0	56.62834815108443	0.0	0.0	0.0	135.20959572268697
hsa-let-7c-3p	49.32121675441733	14.521937807381018	12.481278082875686	0.0	33.55648395161155	0.0	0.0	0.0	0.0	0.0	0.0	24.84441187065999	0.0	0.0	134.72532846694557
hsa-miR-24-2-5p	24.660608377208664	19.36258374317469	37.44383424862706	0.0	0.0	0.0	0.0	0.0	34.843812609975785	17.05567826168527	0.0	0.0	0.0	0.0	133.36651724067147
hsa-miR-503-5p	24.660608377208664	0.0	12.481278082875686	0.0	0.0	60.59137178865729	0.0	0.0	17.421906304987893	17.05567826168527	0.0	0.0	0.0	0.0	132.2108428154148
hsa-miR-376a-3p	0.0	0.0	56.16575137294059	0.0	0.0	0.0	0.0	0.0	34.843812609975785	17.05567826168527	0.0	0.0	23.401666198633343	0.0	131.46690844323498
hsa-miR-628-5p	12.330304188604332	0.0	12.481278082875686	0.0	0.0	0.0	0.0	0.0	26.13285945748184	17.05567826168527	0.0	24.84441187065999	35.10249929795001	0.0	127.94703115925714
hsa-miR-584-5p	67.81667303732382	0.0	31.203195207189218	0.0	0.0	0.0	0.0	0.0	0.0	0.0	28.314174075542216	0.0	0.0	0.0	127.33404232005526
hsa-miR-129-1-3p	12.330304188604332	29.043875614762037	0.0	0.0	0.0	0.0	0.0	0.0	0.0	0.0	14.157087037771108	37.26661780598999	0.0	33.233080208039084	126.03096485516654
hsa-miR-30d-3p	24.660608377208664	19.36258374317469	12.481278082875686	0.0	0.0	0.0	0.0	0.0	0.0	25.583517392527906	0.0	0.0	35.10249929795001	0.0	117.19048689373696
hsa-miR-217-5p	18.4954562829065	19.36258374317469	18.72191712431353	0.0	0.0	0.0	0.0	0.0	43.55476576246973	17.05567826168527	0.0	0.0	0.0	0.0	117.19040117454972
hsa-miR-184	24.660608377208664	0.0	24.962556165751373	0.0	0.0	0.0	0.0	0.0	0.0	0.0	0.0	0.0	0.0	66.46616041607817	116.08932495903821
hsa-miR-1251-5p	30.82576047151083	0.0	12.481278082875686	45.02476361999099	0.0	0.0	0.0	0.0	26.13285945748184	0.0	0.0	0.0	0.0	0.0	114.46466163185936
hsa-miR-2113	18.4954562829065	19.36258374317469	18.72191712431353	0.0	0.0	0.0	45.63292872136534	0.0	0.0	0.0	0.0	0.0	0.0	0.0	102.21288587176005
hsa-let-7e-3p	0.0	0.0	0.0	0.0	0.0	0.0	0.0	57.69841040879324	26.13285945748184	17.05567826168527	0.0	0.0	0.0	0.0	100.88694812796035
hsa-miR-216b-5p	36.990912565813	0.0	37.44383424862706	0.0	0.0	0.0	0.0	0.0	26.13285945748184	0.0	0.0	0.0	0.0	0.0	100.5676062719219
hsa-miR-487a-5p	36.990912565813	0.0	37.44383424862706	0.0	0.0	0.0	0.0	0.0	0.0	25.583517392527906	0.0	0.0	0.0	0.0	100.01826420696797
hsa-miR-150-5p	18.4954562829065	38.72516748634938	24.962556165751373	0.0	0.0	0.0	0.0	0.0	0.0	17.05567826168527	0.0	0.0	0.0	0.0	99.23885819669252
hsa-miR-199b-5p	24.660608377208664	19.36258374317469	37.44383424862706	0.0	0.0	0.0	0.0	0.0	17.421906304987893	0.0	0.0	0.0	0.0	0.0	98.88893267399831
hsa-miR-625-3p	24.660608377208664	0.0	12.481278082875686	0.0	0.0	0.0	0.0	0.0	17.421906304987893	0.0	42.471261113313325	0.0	0.0	0.0	97.03505387838557
hsa-miR-144-5p	0.0	0.0	0.0	0.0	0.0	0.0	0.0	0.0	34.843812609975785	0.0	0.0	62.11102967664998	0.0	0.0	96.95484228662576
hsa-miR-187-5p	0.0	0.0	0.0	0.0	50.334725927417324	0.0	0.0	0.0	17.421906304987893	0.0	28.314174075542216	0.0	0.0	0.0	96.07080630794744
hsa-miR-215-5p	0.0	19.36258374317469	12.481278082875686	0.0	0.0	0.0	0.0	0.0	0.0	34.11135652337054	28.314174075542216	0.0	0.0	0.0	94.26939242496313
hsa-miR-342-3p	0.0	19.36258374317469	12.481278082875686	45.02476361999099	0.0	0.0	0.0	0.0	0.0	17.05567826168527	0.0	0.0	0.0	0.0	93.92430370772664
hsa-miR-135a-5p	0.0	19.36258374317469	12.481278082875686	0.0	33.55648395161155	0.0	0.0	0.0	26.13285945748184	0.0	0.0	0.0	0.0	0.0	91.53320523514377
hsa-miR-1297	0.0	14.521937807381018	15.601597603594609	0.0	16.778241975805773	0.0	0.0	0.0	0.0	21.319597827106588	0.0	18.633308902994994	0.0	0.0	86.85468411688299
hsa-miR-409-5p	24.660608377208664	0.0	0.0	0.0	0.0	60.59137178865729	0.0	0.0	0.0	0.0	0.0	0.0	0.0	0.0	85.25198016586596
hsa-miR-629-5p	0.0	0.0	0.0	0.0	0.0	0.0	0.0	0.0	0.0	0.0	0.0	49.68882374131998	35.10249929795001	0.0	84.79132303927
hsa-miR-331-3p	0.0	0.0	0.0	0.0	0.0	0.0	0.0	0.0	17.421906304987893	0.0	0.0	0.0	0.0	66.46616041607817	83.88806672106605
hsa-miR-1290	0.0	0.0	0.0	0.0	0.0	0.0	0.0	0.0	0.0	0.0	0.0	0.0	0.0	83.0827005200977	83.0827005200977
hsa-miR-539-3p	0.0	19.36258374317469	37.44383424862706	0.0	0.0	0.0	0.0	0.0	0.0	25.583517392527906	0.0	0.0	0.0	0.0	82.38993538432966
hsa-miR-15b-5p	0.0	0.0	12.481278082875686	0.0	0.0	0.0	0.0	0.0	17.421906304987893	17.05567826168527	0.0	0.0	35.10249929795001	0.0	82.06136194749885
hsa-let-7g-3p	43.15606466011516	0.0	12.481278082875686	0.0	0.0	0.0	0.0	0.0	0.0	25.583517392527906	0.0	0.0	0.0	0.0	81.22086013551876
hsa-miR-223-3p	0.0	0.0	12.481278082875686	0.0	33.55648395161155	0.0	0.0	0.0	0.0	0.0	0.0	0.0	35.10249929795001	0.0	81.14026133243723
hsa-miR-10395-3p	0.0	29.043875614762037	0.0	0.0	0.0	0.0	0.0	0.0	0.0	0.0	0.0	0.0	0.0	49.849620312058626	78.89349592682066
hsa-miR-654-3p	30.82576047151083	0.0	12.481278082875686	0.0	0.0	0.0	0.0	0.0	0.0	0.0	0.0	0.0	35.10249929795001	0.0	78.40953785233653
hsa-let-7f-1-3p	0.0	19.36258374317469	0.0	0.0	0.0	0.0	0.0	57.69841040879324	0.0	0.0	0.0	0.0	0.0	0.0	77.06099415196792
hsa-miR-541-5p	0.0	0.0	0.0	0.0	0.0	0.0	0.0	0.0	0.0	17.05567826168527	0.0	24.84441187065999	35.10249929795001	0.0	77.00258943029527
hsa-miR-200b-3p	18.4954562829065	0.0	24.962556165751373	0.0	0.0	0.0	0.0	0.0	0.0	0.0	0.0	0.0	0.0	33.233080208039084	76.69109265669695
hsa-miR-128-1-5p	18.4954562829065	0.0	12.481278082875686	0.0	0.0	0.0	45.63292872136534	0.0	0.0	0.0	0.0	0.0	0.0	0.0	76.60966308714752
hsa-miR-338-5p	0.0	0.0	31.203195207189218	0.0	0.0	0.0	0.0	0.0	0.0	17.05567826168527	28.314174075542216	0.0	0.0	0.0	76.5730475444167
hsa-miR-3196	18.4954562829065	0.0	12.481278082875686	0.0	0.0	0.0	0.0	0.0	0.0	0.0	42.471261113313325	0.0	0.0	0.0	73.44799547909551
hsa-miR-3615	18.4954562829065	0.0	24.962556165751373	0.0	0.0	0.0	0.0	0.0	0.0	0.0	28.314174075542216	0.0	0.0	0.0	71.77218652420008
hsa-miR-671-3p	18.4954562829065	0.0	0.0	0.0	0.0	0.0	0.0	0.0	17.421906304987893	0.0	0.0	0.0	35.10249929795001	0.0	71.01986188584439
hsa-miR-193b-5p	12.330304188604332	0.0	0.0	0.0	0.0	0.0	0.0	57.69841040879324	0.0	0.0	0.0	0.0	0.0	0.0	70.02871459739757
hsa-miR-935	0.0	19.36258374317469	0.0	0.0	0.0	0.0	0.0	0.0	0.0	0.0	0.0	0.0	0.0	49.849620312058626	69.21220405523331
hsa-miR-505-3p	0.0	38.72516748634938	12.481278082875686	0.0	0.0	0.0	0.0	0.0	0.0	17.05567826168527	0.0	0.0	0.0	0.0	68.26212383091034
hsa-miR-15a-5p	30.82576047151083	0.0	18.72191712431353	0.0	0.0	0.0	0.0	0.0	0.0	17.05567826168527	0.0	0.0	0.0	0.0	66.60335585750963
hsa-miR-128-2-5p	0.0	19.36258374317469	12.481278082875686	0.0	0.0	0.0	0.0	0.0	17.421906304987893	17.05567826168527	0.0	0.0	0.0	0.0	66.32144639272354
hsa-miR-615-3p	0.0	0.0	0.0	0.0	0.0	0.0	0.0	0.0	0.0	0.0	28.314174075542216	37.26661780598999	0.0	0.0	65.5807918815322
hsa-miR-10a-3p	12.330304188604332	0.0	0.0	0.0	33.55648395161155	0.0	0.0	0.0	0.0	17.05567826168527	0.0	0.0	0.0	0.0	62.94246640190114
hsa-miR-154-3p	24.660608377208664	19.36258374317469	0.0	0.0	0.0	0.0	0.0	0.0	0.0	17.05567826168527	0.0	0.0	0.0	0.0	61.07887038206863
hsa-miR-214-3p	12.330304188604332	19.36258374317469	0.0	0.0	0.0	0.0	0.0	0.0	0.0	0.0	28.314174075542216	0.0	0.0	0.0	60.00706200732124
hsa-miR-485-3p	30.82576047151083	0.0	0.0	0.0	0.0	0.0	0.0	0.0	0.0	0.0	28.314174075542216	0.0	0.0	0.0	59.139934547053045
hsa-miR-514a-3p	0.0	0.0	12.481278082875688	45.024763619991	0.0	0.0	0.0	0.0	0.0	0.0	0.0	0.0	0.0	0.0	57.50604170286669
hsa-miR-432-3p	0.0	0.0	12.481278082875686	45.02476361999099	0.0	0.0	0.0	0.0	0.0	0.0	0.0	0.0	0.0	0.0	57.50604170286668
hsa-miR-151b	0.0	9.681291871587344	12.481278082875686	22.512381809995496	0.0	0.0	0.0	0.0	0.0	12.791758696263953	0.0	0.0	0.0	0.0	57.46671046072248
hsa-miR-323a-5p	43.15606466011516	0.0	12.481278082875686	0.0	0.0	0.0	0.0	0.0	0.0	0.0	0.0	0.0	0.0	0.0	55.63734274299085
hsa-miR-6852-3p	12.330304188604332	0.0	0.0	0.0	0.0	0.0	0.0	0.0	0.0	0.0	42.471261113313325	0.0	0.0	0.0	54.801565301917655
hsa-miR-532-3p	0.0	0.0	0.0	0.0	0.0	0.0	0.0	0.0	52.26571891496368	0.0	0.0	0.0	0.0	0.0	52.26571891496368
hsa-miR-324-3p	0.0	0.0	0.0	0.0	0.0	0.0	0.0	0.0	26.13285945748184	0.0	0.0	24.84441187065999	0.0	0.0	50.977271328141825
hsa-miR-876-5p	0.0	0.0	0.0	0.0	0.0	0.0	0.0	0.0	17.421906304987893	0.0	0.0	0.0	0.0	33.233080208039084	50.65498651302698
hsa-miR-182-5p	12.330304188604332	0.0	12.481278082875686	0.0	0.0	0.0	0.0	0.0	0.0	25.583517392527906	0.0	0.0	0.0	0.0	50.39509966400793
hsa-miR-4306	0.0	0.0	0.0	0.0	0.0	0.0	0.0	0.0	13.06642972874092	0.0	0.0	0.0	17.551249648975006	16.616540104019542	47.234219481735465
hsa-miR-133b	0.0	6.454194581058229	0.0	0.0	11.185494650537182	0.0	0.0	0.0	0.0	0.0	9.438058025180737	8.28147062355333	0.0	11.077693402679694	46.436911283009174
hsa-miR-618	0.0	0.0	0.0	0.0	0.0	0.0	45.63292872136534	0.0	0.0	0.0	0.0	0.0	0.0	0.0	45.63292872136534
hsa-miR-7848-3p	0.0	0.0	0.0	45.02476361999099	0.0	0.0	0.0	0.0	0.0	0.0	0.0	0.0	0.0	0.0	45.02476361999099
hsa-miR-3195	0.0	0.0	0.0	45.02476361999099	0.0	0.0	0.0	0.0	0.0	0.0	0.0	0.0	0.0	0.0	45.02476361999099
hsa-miR-424-5p	0.0	0.0	18.72191712431353	0.0	0.0	0.0	0.0	0.0	26.13285945748184	0.0	0.0	0.0	0.0	0.0	44.85477658179537
hsa-miR-3182	0.0	0.0	0.0	0.0	0.0	0.0	0.0	0.0	26.13285945748184	17.05567826168527	0.0	0.0	0.0	0.0	43.18853771916711
hsa-miR-374b-5p	0.0	0.0	0.0	0.0	0.0	0.0	0.0	0.0	0.0	0.0	42.471261113313325	0.0	0.0	0.0	42.471261113313325
hsa-miR-378e	2.4660608377208666	5.808775122952407	6.240639041437843	13.507429085997298	0.0	0.0	0.0	0.0	0.0	3.4111356523370544	0.0	0.0	0.0	6.646616041607817	38.080655782053284
hsa-miR-335-3p	0.0	19.36258374317469	0.0	0.0	0.0	0.0	0.0	0.0	17.421906304987893	0.0	0.0	0.0	0.0	0.0	36.78449004816258
hsa-miR-876-3p	0.0	19.36258374317469	0.0	0.0	0.0	0.0	0.0	0.0	17.421906304987893	0.0	0.0	0.0	0.0	0.0	36.78449004816258
hsa-miR-493-5p	0.0	0.0	0.0	0.0	0.0	0.0	0.0	0.0	0.0	0.0	0.0	0.0	35.10249929795001	0.0	35.10249929795001
hsa-miR-4429	0.0	0.0	0.0	0.0	0.0	0.0	0.0	0.0	0.0	34.11135652337054	0.0	0.0	0.0	0.0	34.11135652337054
hsa-miR-6516-3p	0.0	0.0	0.0	0.0	0.0	0.0	0.0	0.0	0.0	34.11135652337054	0.0	0.0	0.0	0.0	34.11135652337054
hsa-miR-205-5p	0.0	0.0	0.0	0.0	33.55648395161155	0.0	0.0	0.0	0.0	0.0	0.0	0.0	0.0	0.0	33.55648395161155
hsa-miR-1261	0.0	0.0	0.0	0.0	33.55648395161155	0.0	0.0	0.0	0.0	0.0	0.0	0.0	0.0	0.0	33.55648395161155
hsa-miR-651-5p	0.0	0.0	0.0	0.0	0.0	0.0	0.0	0.0	0.0	0.0	0.0	0.0	0.0	33.233080208039084	33.233080208039084
hsa-miR-665	0.0	0.0	0.0	0.0	0.0	0.0	0.0	0.0	0.0	0.0	0.0	0.0	0.0	33.233080208039084	33.233080208039084
hsa-miR-93-3p	0.0	19.36258374317469	12.481278082875686	0.0	0.0	0.0	0.0	0.0	0.0	0.0	0.0	0.0	0.0	0.0	31.843861826050375
hsa-miR-758-5p	0.0	19.36258374317469	12.481278082875686	0.0	0.0	0.0	0.0	0.0	0.0	0.0	0.0	0.0	0.0	0.0	31.843861826050375
hsa-miR-142-3p	0.0	0.0	12.481278082875686	0.0	0.0	0.0	0.0	0.0	17.421906304987893	0.0	0.0	0.0	0.0	0.0	29.90318438786358
hsa-miR-190b-5p	0.0	0.0	12.481278082875686	0.0	0.0	0.0	0.0	0.0	0.0	17.05567826168527	0.0	0.0	0.0	0.0	29.536956344560956
hsa-let-7a-2-3p	6.165152094302166	14.521937807381018	0.0	0.0	0.0	0.0	0.0	0.0	8.710953152493946	0.0	0.0	0.0	0.0	0.0	29.39804305417713
hsa-miR-138-1-3p	0.0	29.043875614762037	0.0	0.0	0.0	0.0	0.0	0.0	0.0	0.0	0.0	0.0	0.0	0.0	29.043875614762037
hsa-miR-331-5p	0.0	0.0	0.0	0.0	0.0	0.0	0.0	0.0	0.0	0.0	28.314174075542216	0.0	0.0	0.0	28.314174075542216
hsa-miR-1912-5p	0.0	0.0	0.0	0.0	0.0	0.0	0.0	0.0	0.0	0.0	28.314174075542216	0.0	0.0	0.0	28.314174075542216
hsa-miR-579-5p	0.0	0.0	0.0	0.0	0.0	0.0	0.0	0.0	0.0	0.0	28.314174075542216	0.0	0.0	0.0	28.314174075542216
hsa-miR-150-3p	0.0	0.0	0.0	0.0	0.0	0.0	0.0	0.0	26.13285945748184	0.0	0.0	0.0	0.0	0.0	26.13285945748184
hsa-miR-660-3p	0.0	0.0	0.0	0.0	0.0	0.0	0.0	0.0	26.13285945748184	0.0	0.0	0.0	0.0	0.0	26.13285945748184
Hsa-Mir-3085_3p	0.0	0.0	0.0	0.0	0.0	0.0	0.0	0.0	13.06642972874092	12.791758696263953	0.0	0.0	0.0	0.0	25.858188425004872
hsa-miR-3085-3p	0.0	0.0	0.0	0.0	0.0	0.0	0.0	0.0	13.06642972874092	12.791758696263953	0.0	0.0	0.0	0.0	25.858188425004872
hsa-miR-4324	0.0	0.0	4.1604260276252285	0.0	0.0	0.0	15.210976240455112	0.0	0.0	5.685226087228423	0.0	0.0	0.0	0.0	25.056628355308764
hsa-miR-582-5p	0.0	0.0	0.0	0.0	0.0	0.0	0.0	0.0	0.0	0.0	0.0	24.84441187065999	0.0	0.0	24.84441187065999
hsa-miR-3120-3p	12.330304188604332	0.0	12.481278082875686	0.0	0.0	0.0	0.0	0.0	0.0	0.0	0.0	0.0	0.0	0.0	24.81158227148002
hsa-miR-505-5p	12.330304188604332	0.0	12.481278082875686	0.0	0.0	0.0	0.0	0.0	0.0	0.0	0.0	0.0	0.0	0.0	24.81158227148002
hsa-miR-196a-5p	0.0	19.36258374317469	0.0	0.0	0.0	0.0	0.0	0.0	0.0	0.0	0.0	0.0	0.0	0.0	19.36258374317469
hsa-miR-1296-3p	0.0	19.36258374317469	0.0	0.0	0.0	0.0	0.0	0.0	0.0	0.0	0.0	0.0	0.0	0.0	19.36258374317469
hsa-miR-517c-3p	0.0	19.36258374317469	0.0	0.0	0.0	0.0	0.0	0.0	0.0	0.0	0.0	0.0	0.0	0.0	19.36258374317469
hsa-miR-487a-3p	0.0	19.36258374317469	0.0	0.0	0.0	0.0	0.0	0.0	0.0	0.0	0.0	0.0	0.0	0.0	19.36258374317469
hsa-miR-3648	0.0	19.36258374317469	0.0	0.0	0.0	0.0	0.0	0.0	0.0	0.0	0.0	0.0	0.0	0.0	19.36258374317469
hsa-miR-1306-5p	0.0	19.36258374317469	0.0	0.0	0.0	0.0	0.0	0.0	0.0	0.0	0.0	0.0	0.0	0.0	19.36258374317469
hsa-miR-1226-3p	0.0	19.36258374317469	0.0	0.0	0.0	0.0	0.0	0.0	0.0	0.0	0.0	0.0	0.0	0.0	19.36258374317469
hsa-miR-34b-3p	0.0	19.36258374317469	0.0	0.0	0.0	0.0	0.0	0.0	0.0	0.0	0.0	0.0	0.0	0.0	19.36258374317469
hsa-miR-431-5p	0.0	19.36258374317469	0.0	0.0	0.0	0.0	0.0	0.0	0.0	0.0	0.0	0.0	0.0	0.0	19.36258374317469
hsa-miR-181b-3p	0.0	19.36258374317469	0.0	0.0	0.0	0.0	0.0	0.0	0.0	0.0	0.0	0.0	0.0	0.0	19.36258374317469
hsa-let-7i-3p	0.0	0.0	18.72191712431353	0.0	0.0	0.0	0.0	0.0	0.0	0.0	0.0	0.0	0.0	0.0	18.72191712431353
hsa-miR-138-2-3p	18.4954562829065	0.0	0.0	0.0	0.0	0.0	0.0	0.0	0.0	0.0	0.0	0.0	0.0	0.0	18.4954562829065
hsa-miR-147b-3p	18.4954562829065	0.0	0.0	0.0	0.0	0.0	0.0	0.0	0.0	0.0	0.0	0.0	0.0	0.0	18.4954562829065
hsa-miR-4523	18.4954562829065	0.0	0.0	0.0	0.0	0.0	0.0	0.0	0.0	0.0	0.0	0.0	0.0	0.0	18.4954562829065
hsa-miR-101-5p	18.4954562829065	0.0	0.0	0.0	0.0	0.0	0.0	0.0	0.0	0.0	0.0	0.0	0.0	0.0	18.4954562829065
hsa-miR-212-3p	18.4954562829065	0.0	0.0	0.0	0.0	0.0	0.0	0.0	0.0	0.0	0.0	0.0	0.0	0.0	18.4954562829065
hsa-miR-130b-5p	18.4954562829065	0.0	0.0	0.0	0.0	0.0	0.0	0.0	0.0	0.0	0.0	0.0	0.0	0.0	18.4954562829065
hsa-miR-663b	0.0	0.0	0.0	0.0	0.0	0.0	0.0	0.0	17.421906304987893	0.0	0.0	0.0	0.0	0.0	17.421906304987893
hsa-miR-574-3p	0.0	0.0	0.0	0.0	0.0	0.0	0.0	0.0	17.421906304987893	0.0	0.0	0.0	0.0	0.0	17.421906304987893
hsa-miR-6516-5p	0.0	0.0	0.0	0.0	0.0	0.0	0.0	0.0	17.421906304987893	0.0	0.0	0.0	0.0	0.0	17.421906304987893
hsa-miR-362-3p	0.0	0.0	0.0	0.0	0.0	0.0	0.0	0.0	0.0	17.05567826168527	0.0	0.0	0.0	0.0	17.05567826168527
hsa-miR-155-5p	0.0	0.0	0.0	0.0	0.0	0.0	0.0	0.0	0.0	17.05567826168527	0.0	0.0	0.0	0.0	17.05567826168527
hsa-miR-744-3p	0.0	0.0	0.0	0.0	0.0	0.0	0.0	0.0	0.0	17.05567826168527	0.0	0.0	0.0	0.0	17.05567826168527
hsa-miR-494-3p	0.0	0.0	12.481278082875686	0.0	0.0	0.0	0.0	0.0	0.0	0.0	0.0	0.0	0.0	0.0	12.481278082875686
hsa-miR-301a-3p	0.0	0.0	12.481278082875686	0.0	0.0	0.0	0.0	0.0	0.0	0.0	0.0	0.0	0.0	0.0	12.481278082875686
hsa-miR-378b	0.0	0.0	12.481278082875686	0.0	0.0	0.0	0.0	0.0	0.0	0.0	0.0	0.0	0.0	0.0	12.481278082875686
hsa-miR-193a-3p	0.0	0.0	12.481278082875686	0.0	0.0	0.0	0.0	0.0	0.0	0.0	0.0	0.0	0.0	0.0	12.481278082875686
hsa-miR-224-5p	0.0	0.0	12.481278082875686	0.0	0.0	0.0	0.0	0.0	0.0	0.0	0.0	0.0	0.0	0.0	12.481278082875686
hsa-miR-541-3p	0.0	0.0	12.481278082875686	0.0	0.0	0.0	0.0	0.0	0.0	0.0	0.0	0.0	0.0	0.0	12.481278082875686
hsa-miR-452-5p	0.0	0.0	12.481278082875686	0.0	0.0	0.0	0.0	0.0	0.0	0.0	0.0	0.0	0.0	0.0	12.481278082875686
hsa-miR-501-5p	0.0	0.0	12.481278082875686	0.0	0.0	0.0	0.0	0.0	0.0	0.0	0.0	0.0	0.0	0.0	12.481278082875686
hsa-miR-23b-5p	0.0	0.0	12.481278082875686	0.0	0.0	0.0	0.0	0.0	0.0	0.0	0.0	0.0	0.0	0.0	12.481278082875686
Hsa-Mir-9851_3p	6.165152094302166	0.0	6.240639041437843	0.0	0.0	0.0	0.0	0.0	0.0	0.0	0.0	0.0	0.0	0.0	12.40579113574001
hsa-miR-9851-3p	6.165152094302166	0.0	6.240639041437843	0.0	0.0	0.0	0.0	0.0	0.0	0.0	0.0	0.0	0.0	0.0	12.40579113574001
hsa-miR-92b-5p	12.330304188604332	0.0	0.0	0.0	0.0	0.0	0.0	0.0	0.0	0.0	0.0	0.0	0.0	0.0	12.330304188604332
hsa-miR-188-3p	12.330304188604332	0.0	0.0	0.0	0.0	0.0	0.0	0.0	0.0	0.0	0.0	0.0	0.0	0.0	12.330304188604332
hsa-miR-31-5p	12.330304188604332	0.0	0.0	0.0	0.0	0.0	0.0	0.0	0.0	0.0	0.0	0.0	0.0	0.0	12.330304188604332
hsa-miR-135b-5p	12.330304188604332	0.0	0.0	0.0	0.0	0.0	0.0	0.0	0.0	0.0	0.0	0.0	0.0	0.0	12.330304188604332
hsa-miR-514b-3p	12.330304188604332	0.0	0.0	0.0	0.0	0.0	0.0	0.0	0.0	0.0	0.0	0.0	0.0	0.0	12.330304188604332
ebv-miR-BART13-5p	12.330304188604332	0.0	0.0	0.0	0.0	0.0	0.0	0.0	0.0	0.0	0.0	0.0	0.0	0.0	12.330304188604332
hsa-miR-486-3p	12.330304188604332	0.0	0.0	0.0	0.0	0.0	0.0	0.0	0.0	0.0	0.0	0.0	0.0	0.0	12.330304188604332
hsa-miR-1288-5p	12.330304188604332	0.0	0.0	0.0	0.0	0.0	0.0	0.0	0.0	0.0	0.0	0.0	0.0	0.0	12.330304188604332
hsa-miR-378a-5p	12.330304188604332	0.0	0.0	0.0	0.0	0.0	0.0	0.0	0.0	0.0	0.0	0.0	0.0	0.0	12.330304188604332
hsa-miR-598-3p	12.330304188604332	0.0	0.0	0.0	0.0	0.0	0.0	0.0	0.0	0.0	0.0	0.0	0.0	0.0	12.330304188604332
hsa-miR-30c-2-3p	12.330304188604332	0.0	0.0	0.0	0.0	0.0	0.0	0.0	0.0	0.0	0.0	0.0	0.0	0.0	12.330304188604332
hsa-miR-3960	12.330304188604332	0.0	0.0	0.0	0.0	0.0	0.0	0.0	0.0	0.0	0.0	0.0	0.0	0.0	12.330304188604332
hsa-miR-26b-3p	12.330304188604332	0.0	0.0	0.0	0.0	0.0	0.0	0.0	0.0	0.0	0.0	0.0	0.0	0.0	12.330304188604332
hsa-miR-33b-3p	12.330304188604332	0.0	0.0	0.0	0.0	0.0	0.0	0.0	0.0	0.0	0.0	0.0	0.0	0.0	12.330304188604332
hsa-miR-10400-5p	12.330304188604332	0.0	0.0	0.0	0.0	0.0	0.0	0.0	0.0	0.0	0.0	0.0	0.0	0.0	12.330304188604332
hsa-miR-376b-3p	0.0	0.0	0.0	0.0	0.0	0.0	0.0	0.0	0.0	0.0	0.0	0.0	11.700833099316672	0.0	11.700833099316672
hsa-miR-18a-5p	0.0	9.681291871587344	0.0	0.0	0.0	0.0	0.0	0.0	0.0	0.0	0.0	0.0	0.0	0.0	9.681291871587344
hsa-miR-18b-5p	0.0	9.681291871587344	0.0	0.0	0.0	0.0	0.0	0.0	0.0	0.0	0.0	0.0	0.0	0.0	9.681291871587344
hsa-miR-211-5p	0.0	0.0	9.360958562156766	0.0	0.0	0.0	0.0	0.0	0.0	0.0	0.0	0.0	0.0	0.0	9.360958562156766
hsa-miR-500b-3p	0.0	0.0	0.0	0.0	0.0	0.0	0.0	0.0	0.0	8.527839130842635	0.0	0.0	0.0	0.0	8.527839130842635
hsa-miR-450a-1-3p	6.165152094302166	0.0	0.0	0.0	0.0	0.0	0.0	0.0	0.0	0.0	0.0	0.0	0.0	0.0	6.165152094302166
hsa-miR-450a-2-3p	6.165152094302166	0.0	0.0	0.0	0.0	0.0	0.0	0.0	0.0	0.0	0.0	0.0	0.0	0.0	6.165152094302166
