name	SRX1936168	SRX1936162	SRX1936158	SRX1936159	SRX1936164	SRX1936154	SRX1936155	SRX1936149	SRX1936157	SRX1936150	SRX1936151	SRX1936152	SRX1936153	SRX1936165	SRX1936161	SRX1936163	SRX1936167	SRX1936160	SRX1936166	SRX1936156
hsa-miR-21-5p	169639	12571	15340	25964	3726812	195709	13630	177029	30168	97108	44487	146079	132504	154381	9569	10268	1553649	13732	3342429	12518	9883586.0
hsa-miR-24-3p	3366	1226	4413	4729	770795	43398	1217	64658	2856	51736	31709	36411	34627	5067	906	484	22638	3520	40032	1181	1124969.0
hsa-miR-205-5p	1491	2146	6517	6796	448379	33421	1808	61176	4313	40103	21685	25397	21675	1339	1990	1315	33535	4318	132187	1957	851548.0
hsa-miR-100-5p	146158	6967	1517	2570	241664	39879	468	27571	1187	14035	7977	24491	23430	29117	5076	5507	73473	1447	69819	556	722906.0
hsa-miR-22-3p	894	736	1560	1532	290103	54065	796	26601	1769	21654	10482	38150	34864	1677	577	338	8068	1368	32895	742	528871.0
hsa-let-7f-5p	6411	649	2436	3835	246859	17848	1122	30300	3713	15854	9467	13324	12137	5202	478	379	51289	1754	74267	1166	498489.37
hsa-miR-200c-3p	166	551	2109	2023	161793	23173	1670	51661	4768	27009	14280	16149	14152	997	342	272	15244	1290	73423	1872	412944.0
hsa-miR-30d-5p	1151	231	784	1168	137747	7533	941	11534	2791	7842	3846	5038	4798	1487	126	183	16878	711	91567	1096	297450.0
hsa-let-7a-5p	4020	3119	2011	3297	98500	12935	1145	24504	5102	15067	8447	10208	7841	3539	2121	1631	14825	1211	71458	1266	292246.81
hsa-miR-27a-3p	527	425	1007	1019	187964	7637	355	11366	742	9870	5390	7926	7229	284	373	232	5932	700	16968	339	266282.33
hsa-let-7i-5p	3857	427	1066	1330	83799	17351	846	9636	2326	6057	3125	11533	10644	3822	275	316	18072	818	76410	756	252462.0
hsa-miR-92a-3p	2523	743	2264	2491	86469	14554	938	16060	2674	11428	5862	9445	8790	1251	497	578	12151	1569	36486	895	217668.34
hsa-miR-26a-5p	276	309	1460	1764	115437	10643	844	16670	2210	8850	4707	8474	7681	288	174	174	3795	1124	19032	810	204722.34
hsa-miR-200b-3p	110	90	905	1073	98278	9243	287	16159	1003	8081	4331	7219	6274	1988	49	56	17153	742	24650	345	198036.0
hsa-miR-99b-5p	16200	269	139	184	92045	2357	183	6070	561	4256	2328	1361	1203	15142	251	275	8445	93	34326	204	185892.0
hsa-miR-7-5p	2417	51	352	498	50901	5131	233	2877	450	1775	1012	3775	3607	9168	64	56	35408	274	60913	223	179184.97999999998
hsa-let-7b-5p	1536	3990	1794	2374	22782	15505	1312	10574	6543	7044	3653	11491	8783	983	2665	2070	4749	1070	54883	1696	165495.93000000002
hsa-miR-10a-5p	312	12	147	225	111019	1584	124	10532	373	6122	3152	1039	950	3221	2	7	7161	116	18278	182	164558.0
hsa-miR-27b-3p	687	133	448	551	105883	8103	210	7843	504	5147	2626	6971	6480	1349	73	68	3326	356	5401	230	156386.82999999996
hsa-miR-200a-3p	10	23	486	480	96185	5595	207	5027	391	3586	1802	5514	5060	433	14	21	5152	379	14966	187	145515.5
hsa-miR-181a-5p	181	155	364	435	80388	12093	133	13941	368	7573	4572	9146	8720	470	123	78	456	280	795	144	140415.0
hsa-miR-30a-5p	911	41	970	1316	51601	8727	168	4480	291	2907	1475	7606	7335	3635	53	30	37126	804	7911	145	137529.5
hsa-miR-151a-3p	1719	92	331	289	53602	11854	217	9070	845	4778	2665	8347	7622	5224	55	43	4405	185	19000	269	130612.0
hsa-miR-222-3p	2775	843	1121	982	58330	7006	167	11936	498	10450	4870	4740	4142	613	470	412	8874	730	8189	177	127325.0
hsa-miR-23a-3p	39	98	1040	837	56532	6868	298	16134	1065	9613	6453	5768	5167	5	65	30	633	794	2832	330	114594.0
hsa-let-7g-5p	492	315	988	1593	45053	9127	708	5700	2011	3042	1757	6437	5955	375	253	185	5429	909	22368	702	113396.06000000001
hsa-miR-221-3p	88	256	1595	1354	54052	6983	248	14857	740	10497	7043	5224	4614	46	155	143	1183	928	2809	236	113051.0
hsa-miR-423-3p	2229	351	799	1226	30891	5514	596	3779	1679	2494	1681	3361	3104	1694	257	254	8266	589	43429	650	112843.0
hsa-miR-1307-3p	1073	358	494	1044	49012	1607	287	2534	687	2352	2244	1173	1103	696	268	261	9834	521	33058	326	108932.0
hsa-miR-378a-3p	2992	304	1404	1679	18524	12575	359	4750	812	2925	1893	9250	8517	3703	194	221	13561	1093	18794	266	103813.55
hsa-miR-103a-3p	111	65	355	369	49896	3117	261	5199	515	2899	1903	2532	2366	53	61	40	1714	197	5503	271	77426.32
hsa-miR-191-5p	123	136	1089	1380	26418	7792	673	6290	1660	4435	2007	5594	5167	128	101	79	1090	900	7725	659	73446.0
hsa-miR-128-3p	614	142	232	417	31308	1789	95	2625	343	1711	783	987	876	971	102	112	4963	223	20956	141	69390.0
hsa-miR-320a-3p	1167	762	645	764	19701	6353	381	7139	1008	5022	3497	4822	4360	488	611	592	1863	504	7366	432	67478.51
hsa-miR-93-5p	11	3	471	527	31743	6002	592	5329	1538	2816	1875	5390	4979	17	6	3	450	315	3604	556	66227.0
hsa-miR-20a-5p	45	63	441	409	33272	2878	313	3278	477	1782	1123	2802	2814	35	45	21	1967	255	9417	242	61677.01999999999
hsa-miR-29a-3p	346	313	659	600	25456	5274	332	3460	602	2137	1206	4765	4440	148	247	210	2024	469	7525	286	60499.0
hsa-miR-181b-5p	105	136	103	166	31900	5280	17	7005	56	3923	2462	3826	3309	248	97	67	332	99	471	23	59625.0
hsa-miR-148a-3p	2631	112	477	421	26911	3410	165	3706	598	1816	947	2491	2559	1088	58	55	4542	230	6491	143	58850.0
hsa-miR-25-3p	59	19	638	795	19455	6698	379	5383	1046	3370	1867	4772	4331	206	13	14	846	517	4217	379	55003.67
hsa-let-7d-5p	137	127	448	566	22411	4005	129	5949	505	3528	2135	3054	2470	227	134	89	1507	286	3938	126	51767.5
hsa-miR-126-3p	32	11	1412	1677	17538	4285	612	5800	2472	2926	1474	2022	2915	0	26	7	517	903	3898	677	49204.0
hsa-miR-101-3p	1107	30	247	317	9391	830	287	737	425	524	220	672	869	823	6	23	5334	171	26398	207	48618.0
hsa-miR-30e-5p	46	31	130	150	25533	1077	160	1333	361	998	442	986	988	59	14	13	883	78	10569	123	43972.5
hsa-miR-183-5p	946	44	185	208	19105	1351	55	3139	161	1681	897	1129	1095	3867	26	30	5166	116	4658	56	43915.0
hsa-miR-429	0	7	96	89	28342	1563	39	2458	81	1302	631	1430	1410	59	6	0	764	60	3082	36	41454.5
hsa-miR-224-5p	243	79	174	199	18672	5407	12	2606	73	1697	894	3914	3122	776	68	48	2160	128	810	28	41110.0
hsa-miR-30c-5p	8	38	529	424	17822	4305	244	3463	682	2519	1316	3215	2900	10	19	4	479	349	1924	246	40498.03999999999
hsa-miR-203a-3p	3	368	89	162	15332	773	348	2456	780	1371	732	538	587	50	224	141	468	161	15504	362	40449.0
hsa-miR-1260b	203	12	155	223	20805	295	82	141	211	116	80	223	220	60	12	9	4299	104	11104	107	38456.0
hsa-miR-1180-3p	99	51	91	138	19996	708	54	2474	151	1678	1112	425	424	111	44	32	953	80	7124	74	35819.0
hsa-miR-23b-3p	4	10	168	193	21980	1682	42	3788	173	1958	1323	1132	1048	7	10	3	186	78	408	43	34229.5
hsa-miR-486-5p	0	0	1683	2150	10742	2868	666	4294	1511	3051	1389	1375	1767	70	0	0	25	1112	779	600	34082.0
hsa-miR-151a-5p	41	16	17	22	14609	6656	14	6045	151	1184	246	1021	598	101	3	4	194	20	1725	18	32682.0
hsa-miR-122-5p	0	0	1602	2597	40	4707	626	5375	2335	3026	1395	3363	3421	0	0	0	6	1430	7	857	30787.0
hsa-miR-744-5p	215	17	85	84	17024	1207	56	1011	104	700	496	841	725	748	4	20	1522	108	5073	58	30098.0
hsa-miR-1260a	138	7	64	113	18107	170	60	124	142	98	67	112	112	42	7	9	2330	41	8034	62	29834.0
hsa-miR-31-5p	100	156	388	215	11581	3689	173	1209	381	796	600	3192	3069	23	111	34	491	178	2651	190	29227.0
hsa-miR-182-5p	107	14	245	220	13542	1709	135	2882	212	1434	841	1196	1157	389	22	15	1368	145	2511	86	28230.0
hsa-let-7e-5p	235	156	58	104	14761	864	52	2617	232	1648	1106	607	552	205	126	98	424	68	2487	77	26474.750000000004
hsa-miR-17-5p	2	9	289	168	12046	2179	140	2107	341	1167	726	2229	2030	9	17	9	330	126	2397	101	26420.519999999997
hsa-miR-200a-5p	212	0	57	100	7821	379	11	351	29	264	133	277	248	3608	0	0	6775	54	5446	12	25777.0
hsa-miR-934	0	0	0	0	18444	1068	14	1837	30	986	671	953	781	148	0	0	14	0	707	13	25666.0
hsa-miR-423-5p	809	252	255	406	5002	2174	179	1469	529	1269	642	1576	1445	850	175	153	1275	249	5725	213	24647.0
hsa-miR-193b-3p	13	6	102	128	14908	877	65	1511	123	900	573	691	637	12	6	4	561	62	2447	58	23684.0
hsa-miR-106b-5p	4	4	91	73	14943	1165	100	1212	161	705	447	1061	1055	29	12	2	210	45	1804	70	23193.0
hsa-miR-615-3p	26	3	4	9	15938	49	4	340	35	420	189	23	27	129	0	0	508	5	4811	14	22534.0
hsa-miR-155-5p	27	19	524	510	433	7315	47	206	132	84	58	5013	4739	227	8	10	1456	290	1232	43	22373.0
hsa-miR-125a-5p	43	87	73	35	10864	710	63	3209	186	2289	1030	547	426	6	37	45	104	23	1442	74	21293.0
hsa-miR-98-5p	17	23	100	165	12172	1345	52	1780	135	916	487	913	845	51	14	4	662	97	1415	38	21230.949999999997
hsa-miR-192-5p	116	5	156	197	12136	321	42	1587	120	746	494	191	198	69	4	7	2013	127	2319	39	20886.5
hsa-miR-451a	0	0	1671	1265	0	3414	1051	2819	2296	1053	504	2072	2863	0	0	0	0	987	0	807	20802.0
hsa-miR-532-5p	442	30	48	57	9822	565	42	1342	114	633	417	357	316	365	16	15	874	51	4089	42	19637.0
hsa-miR-92b-3p	445	102	121	162	7437	1012	62	729	154	612	288	633	562	448	68	95	1423	87	3893	74	18407.0
hsa-miR-149-5p	16	15	43	65	10335	517	31	560	72	430	290	275	276	27	5	4	571	32	4511	30	18105.0
hsa-miR-99a-5p	665	226	422	1006	4496	1839	388	1968	893	1138	572	1096	1096	122	233	165	78	490	523	456	17869.0
hsa-miR-125b-5p	288	290	113	120	7858	1548	41	1413	93	1041	473	1221	1083	62	160	123	353	37	1009	54	17380.0
hsa-miR-32-5p	13	0	38	33	14478	144	0	259	18	176	76	156	158	27	0	2	449	20	1306	5	17358.0
hsa-miR-425-5p	32	26	223	219	7170	1448	100	1167	316	851	490	925	974	29	14	12	273	120	2071	120	16580.0
hsa-miR-16-5p	0	7	261	124	6536	1710	103	1172	297	648	333	1228	1138	8	0	0	152	85	2132	70	16004.0
hsa-miR-34c-5p	60	5	6	15	13585	15	0	603	0	491	292	30	10	3	13	12	285	0	8	0	15433.0
hsa-miR-148b-3p	170	13	68	48	8544	1047	47	753	89	447	337	794	738	76	2	11	629	41	1317	40	15210.0
hsa-miR-16-2-3p	34	16	68	93	3726	373	40	493	119	300	161	324	305	32	10	10	2102	33	6816	41	15096.0
hsa-miR-24-2-5p	22	9	41	63	11148	310	10	848	26	453	278	217	262	35	8	3	374	27	532	12	14677.0
hsa-miR-210-3p	3	12	44	45	10987	474	27	487	32	346	338	462	424	6	6	5	149	29	707	18	14601.0
hsa-miR-26b-5p	8	15	218	235	5013	2111	177	1304	395	650	441	1375	1405	16	16	2	126	194	732	161	14593.67
hsa-let-7d-3p	77	62	129	166	4692	1320	39	1224	122	1016	533	958	920	338	77	37	644	87	1623	48	14112.0
hsa-miR-181a-2-3p	740	24	5	9	8828	247	2	695	9	411	216	158	117	1564	12	8	260	6	494	3	13808.0
hsa-miR-146b-5p	190	22	25	33	9319	343	18	1171	66	710	412	239	270	45	8	2	257	20	516	26	13690.0
hsa-miR-27a-5p	435	5	26	25	9623	110	12	113	26	59	21	62	70	178	0	0	1549	17	1330	10	13671.0
hsa-miR-185-5p	22	5	133	158	5359	1760	65	600	127	342	216	1509	1274	43	2	2	601	102	1236	44	13599.5
hsa-miR-339-5p	4	7	262	239	6042	622	113	1356	318	815	529	497	553	7	3	4	225	165	1395	138	13294.0
hsa-miR-106b-3p	84	18	86	162	5512	1389	53	1367	135	737	466	849	716	146	2	7	270	89	1112	53	13253.0
hsa-miR-19b-3p	5	7	77	64	7666	543	54	671	124	382	214	669	746	0	2	0	182	52	1412	52	12922.0
hsa-miR-143-3p	4	2	515	719	147	2234	364	1794	983	894	483	1423	1428	12	0	0	4	399	25	338	11768.0
hsa-miR-484	11	15	92	80	5314	425	71	362	148	275	163	420	335	13	14	0	305	52	3593	52	11740.0
hsa-miR-21-3p	95	7	27	45	4348	219	30	77	64	46	31	219	181	94	7	0	1173	39	4881	21	11604.0
hsa-miR-455-5p	279	60	106	90	3446	451	54	336	80	155	92	368	326	92	35	40	1605	82	3742	50	11489.0
hsa-miR-152-3p	31	0	18	26	6947	628	12	1115	47	592	338	503	487	59	2	4	107	8	345	18	11287.0
hsa-let-7a-3p	60	21	26	31	4587	179	17	192	36	142	66	157	109	63	4	5	859	11	4542	27	11134.34
hsa-miR-96-5p	6	15	28	36	7702	131	15	303	29	205	110	89	76	28	14	3	383	13	1433	5	10624.0
hsa-miR-218-5p	11	9	56	60	7667	285	14	676	42	387	190	232	263	26	5	3	253	38	327	11	10555.0
hsa-miR-135b-5p	8	5	22	22	8043	246	9	561	11	353	167	192	182	5	0	0	156	18	310	4	10313.67
hsa-miR-140-3p	516	14	124	215	2925	666	108	555	244	380	238	408	453	122	22	6	873	124	2095	64	10152.0
hsa-miR-196a-5p	0	0	29	32	4966	274	43	1461	155	662	453	233	169	0	2	0	118	16	1488	41	10141.66
hsa-miR-186-5p	3	16	151	158	2913	945	151	911	308	524	307	833	762	15	14	4	109	125	1699	127	10075.0
hsa-miR-452-5p	15	16	23	23	4767	1507	3	315	17	201	135	1130	1070	122	4	0	241	23	196	2	9810.0
hsa-miR-28-3p	110	19	73	39	2863	1237	27	841	93	465	238	920	673	304	9	5	492	31	1242	35	9716.0
hsa-miR-99b-3p	587	8	10	17	5101	184	15	496	28	262	174	103	94	512	3	5	424	9	1639	6	9677.0
hsa-miR-146a-5p	2	9	282	215	185	3125	0	113	0	156	57	2596	2309	11	3	2	119	300	0	0	9482.0
hsa-miR-30b-5p	0	0	76	67	3937	986	127	748	257	410	221	693	837	0	0	0	36	79	795	125	9392.02
hsa-miR-28-5p	13	17	47	26	4455	679	16	665	67	367	186	518	454	24	11	5	235	23	1189	15	9012.0
hsa-miR-374b-5p	4	2	70	82	3356	966	85	478	181	191	163	802	818	0	0	3	65	61	411	75	7812.5
hsa-miR-9-5p	4	0	2	6	5130	35	12	417	23	231	117	41	33	22	0	0	299	3	1162	5	7542.030000000001
hsa-miR-197-3p	58	14	39	63	3384	226	24	276	75	208	100	132	119	45	4	5	425	36	2123	16	7372.0
hsa-miR-3168	39	1470	345	431	491	57	175	30	109	159	203	197	215	71	1304	682	50	538	209	284	7059.0
hsa-miR-629-5p	182	18	15	21	1693	231	44	302	62	211	135	127	163	185	10	10	257	10	2952	32	6660.0
hsa-miR-424-3p	399	421	12	6	3407	162	4	348	9	175	97	124	93	18	263	282	152	3	674	6	6655.0
hsa-miR-584-5p	172	16	27	35	3794	181	9	676	4	375	200	131	138	83	19	9	389	18	363	2	6641.0
hsa-miR-30a-3p	58	0	89	156	1474	870	3	473	26	289	143	617	588	346	0	0	890	77	143	6	6246.5
hsa-miR-330-3p	33	29	39	36	3747	224	4	537	22	425	200	163	140	11	2	16	217	21	270	6	6142.0
hsa-miR-335-3p	0	0	44	54	943	640	36	119	93	58	33	499	439	105	0	0	561	19	2452	25	6120.0
hsa-miR-141-3p	0	3	16	6	3632	244	12	201	40	177	59	173	200	15	0	0	64	12	911	20	5782.0
hsa-miR-340-5p	25	6	22	28	3087	105	5	131	10	62	50	83	91	9	6	9	226	9	1362	6	5332.0
hsa-miR-503-5p	453	94	0	11	2773	311	0	405	7	203	133	277	254	44	55	34	66	7	200	4	5331.0
hsa-miR-10b-5p	0	0	164	308	304	812	78	625	317	347	161	376	485	111	0	0	392	134	566	101	5281.0
hsa-miR-625-3p	60	8	24	15	2321	373	0	266	4	125	39	280	240	140	0	2	570	13	766	0	5246.0
hsa-miR-18a-5p	0	7	44	28	2559	338	20	220	49	112	68	382	351	6	0	0	101	23	740	13	5059.0
hsa-miR-22-5p	16	0	9	32	1843	766	3	246	23	142	73	496	491	13	5	0	99	18	397	5	4677.0
hsa-miR-127-3p	1493	49	186	316	0	550	89	430	225	269	123	250	337	0	26	41	0	145	0	89	4618.0
hsa-miR-345-5p	13	0	21	47	2699	182	4	241	21	177	136	182	115	10	2	0	179	8	448	8	4493.0
hsa-miR-361-5p	5	5	59	25	2183	251	10	559	49	334	194	272	209	0	5	0	20	14	156	14	4364.0
hsa-miR-769-5p	119	5	23	37	2141	253	6	276	36	176	93	157	139	60	0	2	247	11	539	7	4327.0
hsa-let-7c-5p	129	133	63	130	911	297	25	493	104	280	143	206	159	60	97	76	193	41	755	26	4321.55
hsa-miR-339-3p	25	2	55	49	2262	157	15	226	37	129	128	154	106	4	0	0	156	37	713	9	4264.0
hsa-miR-223-3p	0	0	280	273	9	1008	169	209	518	150	71	570	609	0	0	0	0	200	0	144	4210.0
hsa-miR-574-3p	15	9	61	105	2568	167	7	342	41	289	121	88	54	0	6	0	157	53	97	14	4194.0
hsa-miR-150-5p	0	0	303	393	3	611	133	515	526	303	153	337	430	0	0	0	0	211	0	178	4096.0
hsa-miR-652-3p	2	2	67	68	1394	585	38	415	94	214	109	415	395	2	2	0	30	44	171	32	4079.0
hsa-miR-671-5p	13	18	27	16	1979	119	28	166	51	113	92	123	105	6	30	9	121	21	856	10	3903.0
hsa-miR-450a-5p	4	0	4	9	2954	79	8	242	7	157	93	84	95	0	2	0	24	2	127	2	3893.0
hsa-miR-7974	359	0	0	0	348	0	0	0	0	0	0	0	0	58	0	0	2104	3	999	0	3871.0
hsa-miR-361-3p	123	6	26	48	1745	161	25	215	35	174	71	135	117	55	9	7	179	24	619	19	3793.0
hsa-miR-19a-3p	0	2	16	28	1992	136	7	170	15	120	50	162	125	0	3	4	62	15	731	15	3653.0
hsa-miR-107	4	8	13	24	2492	113	12	244	24	132	88	91	117	1	2	0	22	5	227	16	3635.66
hsa-let-7b-3p	50	21	11	11	283	126	16	23	55	26	15	69	61	50	32	17	391	3	2304	17	3581.0
hsa-miR-365a-3p	1	3	22	13	2337	152	10	320	13	182	93	122	120	0	1	0	23	13	132	8	3561.0
hsa-miR-365b-3p	1	3	22	13	2337	152	10	320	13	182	93	122	120	0	1	0	23	13	132	8	3561.0
hsa-miR-3615	334	10	12	20	1184	109	2	41	6	73	28	34	18	511	6	4	399	9	733	7	3540.0
hsa-miR-141-5p	0	0	10	9	1170	78	13	43	26	22	14	73	69	61	0	0	282	11	1570	10	3461.0
hsa-miR-675-5p	2	0	0	0	2633	28	0	117	11	116	46	19	8	0	0	0	2	0	266	5	3253.0
hsa-miR-29b-3p	59	5	8	10	1959	250	6	102	16	37	10	69	62	30	1	5	144	0	455	4	3233.7000000000003
hsa-miR-221-5p	196	27	25	26	1589	65	0	156	11	79	48	68	71	59	15	6	461	26	267	2	3197.0
hsa-miR-548k	0	0	0	2	214	58	22	7	69	13	5	21	35	0	0	0	12	0	2702	25	3184.5
hsa-miR-1307-5p	19	0	29	28	1478	107	11	143	15	59	66	103	96	60	0	0	162	13	734	7	3130.0
hsa-miR-874-3p	0	0	7	8	2235	42	13	142	24	91	89	45	49	3	0	0	2	2	211	15	2978.0
hsa-miR-95-3p	0	0	0	0	716	279	17	180	28	99	54	235	209	61	0	0	7	0	1071	12	2968.0
hsa-miR-15b-5p	0	0	18	2	1910	54	0	232	16	84	69	67	46	0	6	0	32	4	416	2	2958.0
hsa-miR-320b	22	37	41	40	331	558	16	316	44	252	167	433	345	33	29	24	30	35	168	20	2940.9999999999995
hsa-miR-7977	0	2	0	13	1900	53	0	17	25	12	19	43	32	0	5	0	61	8	708	10	2908.0
hsa-miR-181d-5p	0	0	11	4	1564	129	4	418	17	148	116	81	87	11	0	0	36	5	155	7	2793.0
hsa-miR-342-3p	0	4	37	42	789	512	24	353	96	158	87	276	269	0	0	0	6	46	68	20	2787.0
hsa-miR-941	23	9	28	34	807	461	2	199	24	125	53	324	296	64	0	4	77	18	198	3	2749.2400000000007
hsa-miR-25-5p	17	0	17	28	821	137	10	47	37	32	32	90	96	12	2	5	206	12	1058	4	2663.0
hsa-miR-424-5p	33	26	2	8	2093	57	0	78	5	45	40	76	40	0	18	9	14	0	97	0	2641.0
hsa-miR-139-5p	5	8	77	117	912	237	36	370	116	179	104	100	125	0	3	0	10	57	82	26	2564.0
hsa-miR-877-5p	7	5	4	10	1115	262	4	296	6	170	75	202	194	17	0	5	37	4	126	2	2541.0
hsa-miR-4443	44	0	0	10	584	16	3	23	22	15	9	10	16	44	0	0	126	3	1600	4	2529.0
hsa-miR-30e-3p	50	0	14	8	932	185	11	178	34	89	60	140	156	90	6	0	95	7	442	11	2506.5
hsa-miR-365a-5p	179	2	0	16	1199	47	6	69	0	70	34	21	33	207	10	7	249	7	346	0	2502.0
hsa-miR-15b-3p	0	0	27	15	863	229	4	168	31	94	54	164	183	0	0	0	86	13	440	10	2381.0
hsa-miR-411-5p	12	11	178	138	36	349	56	413	253	147	64	230	310	0	9	2	2	74	19	43	2346.0
hsa-miR-660-5p	8	2	16	14	1292	78	10	249	31	109	68	76	85	0	0	0	13	10	251	10	2322.0
hsa-miR-130a-3p	8	6	7	4	1254	126	4	137	17	92	44	138	134	5	0	0	38	2	296	8	2320.0
hsa-miR-381-3p	948	25	62	90	20	216	54	192	72	101	35	120	158	0	12	24	2	70	75	44	2320.0
hsa-miR-130b-5p	60	2	9	12	1121	20	4	41	7	32	13	22	17	111	9	7	283	6	515	2	2293.0
hsa-miR-421	2	0	10	12	1145	56	0	268	16	192	110	131	102	0	0	0	21	6	105	7	2183.0
hsa-miR-140-5p	2	2	34	13	1205	92	12	136	26	95	40	84	95	0	2	0	25	17	280	10	2170.0
hsa-miR-144-3p	0	0	168	211	3	351	86	281	156	192	52	219	290	0	0	0	0	83	0	68	2160.0
hsa-miR-671-3p	289	4	2	5	872	3	0	37	5	38	11	5	5	41	0	0	321	3	511	0	2152.0
hsa-let-7f-1-3p	18	4	16	21	953	71	4	67	6	37	11	56	61	12	2	0	233	7	535	3	2117.0
hsa-miR-1293	799	34	15	28	98	55	0	26	0	20	4	25	19	79	25	32	568	21	245	0	2093.0
hsa-miR-589-5p	31	0	14	9	509	379	2	120	22	67	36	271	215	141	0	5	101	11	134	5	2072.0
hsa-miR-425-3p	0	2	15	18	1100	150	6	172	21	77	47	120	110	5	0	0	32	13	152	6	2046.0
hsa-miR-200b-5p	0	0	5	14	777	74	3	162	6	126	48	42	24	23	2	2	367	8	352	0	2035.0
hsa-miR-148a-5p	94	3	3	8	826	29	3	54	6	34	8	31	27	63	0	3	465	6	368	0	2031.0
hsa-miR-378c	35	4	34	38	271	338	11	69	18	36	23	299	274	54	3	1	185	28	260	6	1984.55
hsa-miR-454-3p	0	0	7	6	1148	122	9	109	17	46	23	147	99	0	0	0	17	2	145	4	1901.0
hsa-miR-147b-3p	0	0	7	3	811	249	0	99	0	59	30	233	210	85	0	0	39	2	13	0	1840.0
hsa-miR-132-3p	8	0	7	8	1073	51	7	210	10	117	68	39	30	0	0	0	40	5	150	0	1823.0
hsa-miR-542-3p	30	0	0	0	1487	7	3	75	5	33	15	16	22	15	0	0	21	0	43	0	1772.0
hsa-miR-4664-3p	145	0	0	0	563	32	0	44	0	23	9	20	15	536	0	0	113	2	194	2	1698.0
hsa-miR-126-5p	0	2	56	68	500	182	44	150	86	88	55	77	150	0	0	0	13	32	70	42	1615.0
hsa-miR-328-3p	9	4	3	7	1239	24	7	76	4	72	36	12	11	5	0	0	10	0	69	4	1592.0
hsa-miR-455-3p	3	9	23	20	495	146	15	90	47	51	32	98	109	0	0	0	39	18	376	12	1583.0
hsa-miR-199a-3p	0	0	88	88	56	306	63	195	169	71	37	154	222	0	0	0	0	50	2	58	1559.6800000000003
hsa-miR-4326	20	0	0	0	886	0	3	84	10	101	30	0	2	0	0	0	0	0	412	0	1548.0
hsa-miR-378d	47	5	19	27	196	237	7	37	13	24	17	168	167	47	1	3	216	22	290	4	1543.1000000000004
hsa-miR-576-5p	0	0	2	5	396	22	6	36	10	19	5	23	15	0	0	0	57	0	935	9	1540.0
hsa-miR-370-3p	1272	17	8	19	0	41	6	23	19	23	10	6	23	0	22	21	0	16	0	4	1530.0
hsa-miR-92b-5p	117	29	2	4	418	35	3	18	7	9	9	15	17	161	20	15	239	0	376	2	1496.0
hsa-miR-4521	14	0	0	0	381	14	0	0	0	0	0	10	6	3	0	0	96	2	964	0	1490.0
hsa-miR-3613-5p	0	0	5	5	564	105	4	29	2	14	10	86	72	0	0	0	36	0	546	5	1483.0
hsa-miR-320c	5	18	22	26	143	310	8	167	20	103	74	247	231	4	12	6	16	21	40	11	1482.6899999999998
hsa-miR-7704	22	64	36	71	111	39	92	150	167	127	120	38	33	7	41	75	21	80	60	111	1465.0
hsa-miR-196b-5p	0	0	3	2	357	254	14	99	35	46	24	169	173	7	0	0	10	4	245	9	1451.33
hsa-miR-181a-3p	23	4	2	4	689	207	0	40	2	23	21	121	153	38	4	0	97	4	2	0	1434.0
hsa-miR-1296-5p	2	0	9	26	659	107	9	95	15	79	38	114	84	0	0	0	16	8	135	5	1401.0
hsa-miR-379-5p	278	9	45	63	33	194	29	179	103	101	42	100	123	0	4	4	0	41	7	25	1380.0
hsa-miR-142-5p	0	0	70	50	0	269	41	200	137	96	52	189	191	0	0	0	0	39	0	42	1376.0
hsa-miR-4791	53	3	5	3	314	5	7	6	4	4	5	7	2	38	0	0	274	0	641	4	1375.0
hsa-miR-362-5p	3	8	6	0	720	61	0	124	19	46	44	36	43	0	2	3	13	2	224	11	1365.0
hsa-miR-340-3p	5	7	12	12	770	24	2	54	6	54	23	27	23	2	2	0	44	0	272	0	1339.0
hsa-miR-93-3p	0	0	4	2	684	130	0	116	10	110	71	61	79	0	0	0	2	5	45	4	1323.0
hsa-miR-30c-2-3p	20	0	6	20	366	32	0	16	0	8	6	17	13	147	0	0	551	4	110	2	1318.0
hsa-miR-582-3p	255	7	0	2	209	78	0	15	5	0	2	41	34	228	0	0	221	0	217	0	1314.0
hsa-miR-331-3p	0	0	8	2	772	34	10	105	25	36	22	30	17	0	0	0	34	4	203	9	1311.0
hsa-miR-942-5p	3	5	2	9	279	33	10	34	37	29	18	15	15	0	2	0	43	4	760	11	1309.0
hsa-miR-193b-5p	29	11	6	13	702	27	0	97	2	81	31	18	5	7	14	19	67	12	162	2	1305.0
hsa-miR-151b	1	2	2	0	464	341	0	261	6	42	13	53	30	4	0	0	5	1	67	0	1289.0
hsa-miR-324-5p	2	0	2	3	694	141	2	80	4	33	24	114	91	0	0	0	10	2	81	0	1283.0
hsa-miR-194-5p	0	5	25	13	651	64	4	164	24	96	65	64	56	0	2	0	3	10	23	9	1278.0
hsa-miR-31-3p	21	2	9	5	474	133	3	25	5	12	2	119	102	8	0	0	114	7	204	2	1247.0
hsa-miR-92a-1-5p	18	5	15	27	172	30	4	17	8	12	2	19	21	16	9	0	253	9	600	0	1237.0
hsa-miR-935	0	0	0	0	1053	2	0	99	0	41	23	0	0	0	0	0	0	0	6	0	1224.0
hsa-miR-1910-5p	9	4	3	2	829	19	0	23	0	54	26	6	13	14	9	0	28	0	161	0	1200.0
hsa-miR-324-3p	5	0	5	4	646	97	0	79	19	45	34	63	65	5	0	0	9	2	109	0	1187.0
hsa-miR-450b-5p	30	0	0	3	881	38	0	57	3	38	7	16	31	14	0	2	13	0	29	0	1162.0
hsa-miR-375-3p	0	0	0	6	575	34	2	100	9	86	33	21	23	10	0	0	35	2	199	0	1135.0
hsa-miR-1275	5	5	17	30	353	23	4	40	11	59	30	8	12	7	0	0	103	23	354	11	1095.0
hsa-miR-548o-3p	35	0	5	6	282	29	5	30	11	12	17	29	16	13	0	0	88	2	493	4	1077.0
hsa-miR-378a-5p	0	5	18	20	316	138	2	38	5	29	20	102	79	0	6	4	70	7	194	0	1053.0
hsa-miR-132-5p	6	0	3	2	688	8	0	60	0	70	30	4	2	0	0	3	30	3	134	0	1043.0
hsa-miR-142-3p	0	0	58	62	6	168	26	117	84	88	40	157	154	0	0	0	0	44	0	21	1025.0
hsa-miR-363-3p	0	0	15	8	371	163	9	48	6	45	19	166	105	7	0	0	3	3	53	3	1024.0
hsa-miR-320d	4	7	15	15	90	192	3	122	19	71	62	176	166	3	5	3	6	11	28	6	1004.4100000000001
hsa-miR-330-5p	5	0	5	8	647	53	2	83	5	54	13	33	48	2	3	0	16	4	19	0	1000.0
hsa-miR-2110	0	3	11	10	490	53	3	127	0	87	49	28	28	7	2	8	22	3	68	0	999.0
hsa-miR-125b-1-3p	136	30	2	0	334	69	0	44	0	38	19	52	59	53	24	9	42	3	84	0	998.0
hsa-miR-12136	0	0	8	9	232	48	81	71	128	56	73	44	35	0	0	0	14	0	83	113	995.0
hsa-miR-500a-3p	16	0	4	3	542	27	4	67	11	24	19	39	21	2	2	0	17	7	190	2	994.0
hsa-miR-651-5p	0	0	0	0	772	12	0	73	0	38	9	9	4	4	2	0	13	0	43	0	979.0
hsa-miR-5100	34	5	0	6	472	15	0	0	4	8	5	8	12	0	21	0	81	3	301	0	975.0
hsa-miR-193a-5p	102	82	8	7	395	3	0	74	0	64	32	4	2	0	69	46	34	5	12	3	942.0
hsa-miR-3934-5p	0	0	3	3	399	14	0	123	3	64	35	14	23	12	0	0	87	4	157	0	941.0
hsa-miR-6510-3p	4	4	10	3	554	6	0	16	0	5	12	0	0	5	0	0	88	5	223	0	935.0
hsa-miR-17-3p	0	0	3	2	595	23	0	31	0	13	18	27	25	14	0	0	42	2	136	0	931.0
hsa-miR-409-3p	126	11	33	78	13	136	17	126	89	72	15	52	74	0	7	11	0	23	19	17	919.0
hsa-miR-3182	17	8	12	5	310	39	8	39	4	39	22	39	41	13	0	6	77	4	220	10	913.0
hsa-miR-1304-3p	32	0	4	8	90	121	12	31	15	17	5	79	118	76	0	0	36	0	260	8	912.0
hsa-miR-15a-5p	0	0	3	0	419	80	8	42	19	15	5	55	47	0	0	0	14	0	192	0	899.0
hsa-miR-374a-5p	0	0	6	2	541	48	0	92	11	40	10	54	39	0	0	0	6	0	36	0	885.0
hsa-miR-1301-3p	2	0	0	0	419	88	2	58	17	67	34	53	34	0	3	0	4	2	63	8	854.0
hsa-miR-148b-5p	2	0	3	3	504	57	3	39	7	29	18	43	35	0	0	0	14	6	81	0	844.0
hsa-miR-10a-3p	0	0	2	4	571	9	3	89	3	55	24	4	12	0	0	0	11	0	50	0	837.0
hsa-miR-1246	5	37	19	29	0	192	42	18	74	21	8	144	130	0	35	14	7	14	5	38	832.0
hsa-miR-502-3p	4	4	0	2	419	51	2	56	4	42	11	44	32	0	2	0	7	2	120	0	799.0
hsa-miR-27b-5p	4	0	7	6	327	58	0	25	4	24	8	41	42	9	0	2	160	3	73	0	793.0
hsa-miR-494-3p	4	0	53	61	4	167	31	94	70	70	22	85	88	0	0	0	0	21	0	22	792.0
hsa-miR-675-3p	0	0	0	0	579	14	0	56	5	17	16	4	5	0	0	0	0	0	81	2	779.0
hsa-miR-199b-3p	0	0	44	43	28	150	32	98	85	36	18	77	111	0	0	0	0	25	1	29	776.3400000000001
hsa-miR-1292-5p	16	0	5	13	202	39	2	37	2	31	12	37	24	7	2	0	100	3	239	4	775.0
hsa-miR-33a-5p	0	0	0	3	488	8	3	21	4	28	7	10	13	4	0	0	20	0	162	0	771.0
hsa-miR-23a-5p	7	10	12	2	478	34	0	30	4	26	7	24	7	0	2	5	46	10	60	0	764.0
hsa-miR-184	0	0	0	2	470	5	0	102	3	84	26	9	0	33	2	0	2	0	11	0	749.0
hsa-miR-219a-1-3p	19	0	0	4	293	9	0	4	2	11	2	8	0	5	6	3	60	0	300	0	726.0
hsa-miR-1249-3p	0	0	8	5	443	27	4	10	12	11	7	16	29	0	2	0	5	6	103	0	688.0
hsa-miR-944	5	0	5	3	150	47	5	17	8	20	4	62	41	0	3	6	63	0	243	3	685.0
hsa-miR-181c-3p	0	0	0	0	456	15	0	40	0	41	22	13	7	0	0	0	10	2	73	2	681.0
hsa-miR-10401-3p	9	3	3	2	308	7	0	7	12	7	6	14	11	0	4	0	123	4	159	0	679.2800000000001
hsa-miR-493-3p	145	10	37	60	0	94	11	92	32	38	10	41	48	0	6	9	0	24	0	21	678.0
hsa-miR-3158-3p	6	0	0	0	191	0	3	7	7	0	6	10	0	10	0	0	31	0	405	0	676.0
hsa-miR-34b-3p	0	2	0	5	514	2	0	73	0	53	17	0	0	0	0	0	2	0	0	0	668.0
hsa-miR-4488	0	50	0	8	14	31	0	114	11	112	116	24	26	5	88	50	9	5	3	2	668.0
hsa-miR-34c-3p	0	0	0	2	557	2	0	41	0	35	16	0	3	0	0	0	0	0	0	0	656.0
hsa-miR-130b-3p	0	0	0	0	235	88	2	32	9	31	6	96	85	13	0	0	6	5	46	0	654.0
hsa-miR-937-3p	34	4	0	0	242	7	0	14	0	9	10	5	6	253	0	0	38	3	25	0	650.0
hsa-miR-760	5	0	6	13	206	40	2	57	5	47	28	26	35	47	0	0	33	2	92	0	644.0
hsa-miR-18a-3p	0	2	6	3	169	108	0	46	0	34	14	77	85	0	0	0	15	0	81	4	644.0
hsa-miR-34a-5p	0	4	2	0	499	25	2	32	0	4	5	15	15	0	4	0	4	0	24	0	635.0
hsa-miR-24-1-5p	0	0	2	2	469	41	0	38	0	26	8	11	18	0	0	1	7	0	10	0	632.0
hsa-miR-7706	26	0	2	0	236	23	0	6	0	13	11	5	9	26	2	0	87	0	183	0	629.0
hsa-miR-505-3p	0	0	6	17	188	72	0	62	20	40	27	56	55	0	0	0	10	7	56	5	621.0
hsa-miR-144-5p	0	0	39	40	0	93	29	76	57	28	13	101	84	0	0	0	0	20	0	22	602.0
hsa-miR-4746-5p	20	0	2	5	174	4	0	8	0	5	0	4	2	80	0	0	74	3	212	0	593.0
hsa-miR-6842-3p	5	0	0	2	321	7	0	13	0	5	8	8	6	134	0	0	33	0	44	0	586.0
hsa-miR-4497	0	62	22	45	5	17	3	48	12	51	35	21	13	0	97	93	9	17	27	8	585.0
hsa-miR-326	0	0	4	3	405	27	3	39	12	13	16	27	17	0	0	0	2	7	0	0	575.0
hsa-miR-342-5p	16	11	2	0	245	38	0	82	0	56	10	31	20	10	7	0	14	0	33	0	575.0
hsa-miR-483-5p	0	0	0	0	242	0	0	147	0	128	57	0	0	0	0	0	0	0	0	0	574.0
hsa-miR-598-3p	0	0	0	2	482	0	0	27	0	28	13	0	0	0	0	0	14	6	0	0	572.0
hsa-miR-129-5p	0	3	0	0	330	3	0	61	0	72	30	0	2	0	0	0	12	0	57	2	572.0
hsa-miR-125a-3p	4	0	4	5	211	50	0	95	5	43	34	24	26	0	0	0	12	0	56	0	569.0
hsa-miR-501-3p	29	0	0	7	231	37	0	39	0	18	18	30	29	3	0	0	23	0	102	3	569.0
hsa-miR-1304-5p	6	0	0	2	82	59	3	25	11	13	5	53	50	6	2	0	27	4	218	2	568.0
hsa-miR-664a-3p	0	0	0	2	263	28	4	49	7	7	17	33	25	0	0	6	6	0	114	0	561.0
hsa-miR-3178	0	13	4	0	11	25	5	160	11	160	77	10	9	0	10	20	4	2	8	5	534.0
hsa-miR-590-3p	0	0	0	2	358	17	3	23	0	11	4	9	16	0	0	0	0	0	91	0	534.0
hsa-miR-495-3p	6	3	26	39	30	69	11	67	32	67	31	36	39	0	11	5	2	29	11	13	527.0
hsa-miR-181c-5p	0	0	0	2	344	16	2	55	0	15	16	11	15	0	0	0	0	0	34	0	510.0
hsa-miR-200c-5p	0	0	3	0	203	6	0	4	5	5	4	6	6	0	0	0	19	0	233	3	497.0
hsa-miR-32-3p	0	0	3	4	313	12	0	18	0	3	3	8	4	0	0	0	38	0	75	2	483.0
hsa-miR-138-5p	37	14	0	0	223	28	0	21	2	18	10	41	40	3	4	7	2	0	19	0	469.0
hsa-miR-9903	0	0	0	2	207	0	2	2	0	10	2	0	0	0	0	0	2	0	241	0	468.0
hsa-miR-1468-5p	2	0	36	40	6	41	11	107	33	68	18	21	47	0	0	2	0	18	2	11	463.0
hsa-miR-493-5p	81	10	17	41	0	42	11	90	22	46	17	7	18	0	4	9	0	22	0	24	461.0
hsa-miR-543	123	49	15	29	19	13	5	34	14	37	15	6	14	0	23	21	4	13	18	6	458.0
hsa-miR-196a-3p	0	0	0	0	372	5	0	18	0	10	9	0	0	0	0	0	20	0	23	0	457.0
hsa-miR-33b-3p	0	0	0	4	204	6	0	0	4	2	0	0	8	11	0	0	23	0	191	4	457.0
hsa-miR-744-3p	0	0	2	2	209	52	2	20	0	20	10	18	42	3	0	0	18	0	57	0	455.0
hsa-let-7i-3p	0	0	0	0	234	12	5	7	7	7	0	9	13	0	0	0	21	0	137	2	454.0
hsa-miR-199a-5p	0	0	26	25	20	77	11	62	38	18	14	53	74	0	0	0	0	14	2	20	454.0
hsa-miR-499a-5p	0	0	8	3	293	19	3	28	8	20	8	24	11	0	0	0	6	3	13	4	451.0
hsa-let-7f-2-3p	0	0	0	0	275	6	0	17	0	21	15	12	0	0	0	0	26	0	74	2	447.67
hsa-miR-501-5p	2	0	2	2	228	33	0	35	3	31	9	16	27	0	0	0	2	0	56	0	446.0
hsa-miR-432-5p	12	4	18	33	0	59	13	95	23	54	22	27	55	0	2	2	0	14	0	12	445.0
hsa-miR-199b-5p	0	0	26	44	23	64	12	46	33	28	17	48	68	0	0	0	3	18	0	14	444.0
hsa-miR-532-3p	0	0	0	0	336	2	0	19	2	9	2	11	13	0	0	0	0	0	36	0	430.0
hsa-miR-3929	2	4	0	2	278	24	0	48	0	22	18	11	6	0	0	0	2	0	2	0	419.0
hsa-miR-1343-3p	0	0	5	7	88	69	0	5	3	9	2	39	42	90	0	0	33	7	13	0	412.0
hsa-miR-1287-5p	0	0	0	2	226	25	0	34	2	39	15	17	30	3	0	0	9	0	9	0	411.0
hsa-miR-9-3p	0	0	0	0	231	0	4	60	9	22	12	11	2	0	0	0	5	3	49	0	407.99
hsa-miR-335-5p	0	0	5	2	57	88	2	35	9	14	0	80	58	0	0	0	7	2	40	2	401.0
hsa-miR-98-3p	0	0	4	3	134	38	0	62	3	44	18	49	25	0	0	0	0	0	17	2	399.0
hsa-miR-1278	7	0	2	0	124	3	0	4	0	3	0	5	3	5	0	0	54	0	178	0	388.0
hsa-miR-23b-5p	4	3	0	0	255	12	0	12	2	19	6	10	3	8	0	0	37	0	11	0	382.0
hsa-let-7e-3p	8	5	2	2	238	18	0	13	2	17	8	15	7	0	0	2	4	0	38	0	379.0
hsa-miR-301a-5p	0	0	0	0	213	27	0	15	0	10	0	13	11	2	0	0	17	0	58	0	366.0
Hsa-Mir-6529_5p	0	0	19	42	0	56	8	61	29	57	16	31	25	0	0	0	0	15	0	9	364.0
hsa-miR-6529-5p	0	0	19	42	0	56	8	61	29	57	16	31	25	0	0	0	0	15	0	9	364.0
hsa-miR-1843	12	0	0	0	127	43	0	39	0	15	6	31	8	50	0	4	12	0	12	0	359.0
hsa-miR-1306-3p	16	0	0	8	85	43	0	2	4	13	4	29	30	69	0	0	17	4	34	0	358.0
hsa-miR-500a-5p	0	0	0	0	174	12	2	18	3	5	2	10	20	0	3	0	4	0	106	0	358.0
hsa-miR-708-5p	10	19	0	0	189	6	0	58	0	15	14	2	2	0	12	12	0	0	2	0	341.0
hsa-miR-3177-3p	3	0	0	0	182	15	0	8	2	5	6	16	16	3	0	0	9	0	74	0	339.0
hsa-miR-185-3p	5	0	4	4	113	37	2	9	0	14	2	29	16	40	0	0	37	0	26	0	338.0
hsa-miR-205-3p	0	0	0	2	176	16	3	9	4	4	5	24	10	4	0	0	22	0	52	0	331.0
hsa-miR-302b-3p	0	0	0	0	272	0	0	37	0	18	3	0	0	0	0	0	0	0	0	0	330.0
hsa-miR-2355-3p	2	0	0	2	195	16	0	9	2	8	0	9	14	0	0	0	12	2	59	0	330.0
hsa-miR-940	0	0	2	6	176	29	0	18	2	12	20	4	7	0	0	0	14	2	35	0	327.0
hsa-miR-454-5p	0	0	0	6	130	23	0	26	0	4	10	25	21	2	0	0	18	3	58	0	326.0
hsa-miR-9985	0	16	4	3	101	40	1	20	5	20	9	27	36	0	9	6	3	10	11	3	322.83
hsa-miR-301a-3p	2	0	0	0	213	16	0	11	0	9	8	14	15	0	0	0	2	2	26	0	318.0
hsa-miR-6720-3p	0	0	0	0	188	21	0	9	0	7	9	21	21	5	0	0	8	0	21	3	313.0
hsa-miR-487b-3p	0	2	18	20	0	56	18	25	31	24	14	26	48	0	2	0	0	18	0	11	313.0
hsa-miR-486-3p	0	0	0	0	254	4	0	8	0	11	5	0	0	0	0	0	0	0	29	0	311.0
hsa-miR-152-5p	3	0	0	0	236	5	0	0	0	4	0	5	2	7	0	0	6	0	33	0	301.0
hsa-miR-4745-5p	10	2	2	6	14	19	0	4	0	0	4	10	19	180	0	0	21	0	9	0	300.0
hsa-miR-188-5p	0	0	0	0	215	8	0	10	0	15	0	2	4	9	0	0	2	0	34	0	299.0
hsa-miR-1269a	0	0	0	0	28	23	2	9	13	0	4	14	12	14	0	0	0	0	175	0	294.0
hsa-miR-30d-3p	0	0	0	0	143	11	4	5	0	3	6	11	2	0	0	0	7	0	101	0	293.0
hsa-miR-550a-5p	3	3	0	0	93	10	0	9	2	0	2	15	13	6	4	0	39	0	93	0	291.94
hsa-miR-4485-3p	2	6	0	0	64	11	4	80	23	41	35	10	0	2	2	0	0	2	7	2	291.0
hsa-miR-106a-5p	0	0	4	1	106	34	0	15	9	20	7	39	33	0	0	0	0	3	14	4	287.01
hsa-miR-181b-2-3p	0	0	0	0	231	15	0	3	0	5	0	7	9	0	0	0	2	0	15	0	287.0
hsa-miR-548u	3	0	0	0	125	18	0	3	0	3	5	2	4	2	0	0	3	0	114	0	282.0
hsa-miR-4661-5p	21	0	0	0	9	0	0	2	2	0	0	6	0	5	0	0	0	0	230	0	275.0
hsa-miR-548e-3p	2	0	0	0	112	2	0	2	4	0	4	4	0	0	0	3	17	0	124	0	274.0
hsa-miR-374a-3p	0	0	0	2	183	5	0	4	0	0	4	3	4	0	0	0	13	0	55	0	273.0
hsa-miR-708-3p	189	11	0	0	57	0	0	3	0	6	2	2	0	0	0	0	0	0	2	0	272.0
hsa-miR-3187-3p	0	0	0	3	147	16	0	9	6	9	8	0	7	2	0	0	10	0	53	2	272.0
hsa-miR-136-5p	2	0	18	23	0	27	6	41	17	25	11	25	45	0	3	0	0	15	0	7	265.0
hsa-miR-3200-3p	0	0	0	0	176	17	0	7	0	13	4	6	17	0	0	0	4	0	16	0	260.0
hsa-miR-10395-3p	50	0	0	0	104	2	0	5	0	0	3	0	2	16	0	0	38	0	40	0	260.0
hsa-miR-625-5p	0	0	0	0	101	46	0	15	0	11	4	19	35	4	0	2	5	2	13	0	257.0
hsa-miR-382-5p	18	0	6	16	0	33	17	34	34	11	6	22	38	0	2	0	0	9	0	10	256.0
hsa-miR-12135	0	0	0	0	169	0	0	0	0	0	0	0	0	0	0	0	20	0	66	0	255.0
hsa-miR-133a-3p	0	0	14	5	7	37	8	44	32	22	6	31	35	0	0	0	0	6	0	6	253.34
hsa-miR-369-5p	3	10	8	15	5	37	9	59	26	14	4	19	23	0	4	0	0	7	0	4	247.0
hsa-miR-433-3p	0	5	12	40	0	38	12	47	15	24	7	5	19	0	0	0	0	10	0	12	246.0
hsa-miR-579-5p	0	0	0	3	62	3	0	7	2	0	0	0	3	0	0	0	10	0	151	0	241.0
hsa-miR-20b-5p	0	0	1	0	81	57	0	10	1	9	0	35	34	0	0	0	0	1	13	0	240.51
hsa-miR-378b	9	0	3	4	57	36	0	12	0	2	2	12	10	9	0	2	27	2	49	0	236.0
hsa-miR-485-5p	156	7	2	6	2	5	0	10	2	10	2	0	4	0	11	3	0	4	3	2	229.0
hsa-miR-483-3p	0	2	4	3	179	0	0	9	0	18	8	2	2	0	0	0	0	2	0	0	229.0
hsa-miR-1-3p	0	9	0	12	91	18	2	19	6	7	2	15	33	0	0	0	0	2	0	4	220.0
hsa-miR-1270	3	0	0	0	117	0	0	75	0	21	4	0	0	0	0	0	0	0	0	0	220.0
hsa-miR-135b-3p	6	0	0	0	134	14	0	12	0	8	4	7	4	0	0	0	20	0	10	0	219.0
hsa-miR-1226-5p	7	0	0	0	13	83	0	2	2	2	0	50	33	6	0	0	0	0	21	0	219.0
hsa-miR-191-3p	0	2	0	0	103	7	0	9	0	12	0	17	5	0	0	0	3	2	58	0	218.0
hsa-miR-7-1-3p	0	0	0	3	123	12	0	17	0	4	2	13	11	0	0	0	8	0	24	0	217.0
hsa-miR-522-3p	0	0	0	0	144	0	2	11	2	18	12	0	0	0	0	0	0	0	24	0	213.0
hsa-miR-628-3p	0	0	0	0	63	39	0	27	0	17	5	22	39	0	0	0	0	0	0	0	212.0
hsa-miR-301b-3p	0	0	0	0	132	12	0	17	0	12	3	12	20	3	0	0	0	0	0	0	211.0
hsa-miR-331-5p	0	0	2	2	70	28	0	21	4	9	2	23	19	0	0	0	0	4	26	0	210.0
hsa-miR-4508	2	21	0	0	8	2	0	30	12	32	27	0	2	0	24	37	7	2	3	0	208.5
hsa-miR-1271-5p	0	0	5	5	126	17	0	18	0	7	7	7	3	0	0	0	2	0	10	0	207.0
hsa-miR-222-5p	5	0	6	12	69	19	0	9	4	2	11	24	16	6	0	0	0	7	12	2	204.0
hsa-miR-3065-5p	0	0	2	2	100	3	0	21	5	17	4	8	10	0	0	0	2	0	27	0	201.0
hsa-miR-130a-5p	0	0	0	2	71	26	0	0	0	0	0	9	8	0	0	0	14	3	67	0	200.0
hsa-miR-10399-3p	4	0	0	2	7	9	2	0	6	3	0	0	0	16	0	0	24	3	106	2	184.0
hsa-miR-1268b	0	0	0	0	35	0	4	0	0	0	0	2	0	0	0	0	17	0	125	0	183.0
hsa-miR-411-3p	2	2	24	8	0	42	8	22	9	18	8	9	12	0	0	0	0	8	2	6	180.0
hsa-miR-505-5p	0	0	4	0	45	18	0	29	3	20	7	30	15	5	0	0	0	0	3	0	179.0
hsa-miR-4677-3p	11	0	2	0	21	8	0	0	0	2	0	3	14	29	0	0	18	0	70	0	178.0
hsa-miR-509-3-5p	2	0	0	0	152	0	0	15	0	6	2	0	0	0	0	0	0	0	0	0	177.0
hsa-miR-369-3p	0	0	13	9	0	30	9	22	14	8	5	22	27	0	0	0	0	5	2	5	171.0
hsa-miR-5010-3p	0	0	0	0	84	8	0	10	0	3	0	0	2	0	0	0	16	0	46	2	171.0
hsa-miR-1908-5p	0	0	2	0	109	0	0	2	0	7	4	2	3	11	0	0	10	0	21	0	171.0
hsa-miR-3909	0	0	0	0	111	0	0	16	0	7	0	0	0	0	0	0	18	0	16	0	168.0
hsa-miR-3176	0	0	0	2	74	3	0	3	2	3	0	6	11	2	0	0	10	0	51	0	167.0
hsa-miR-210-5p	0	0	0	0	116	0	0	4	0	0	0	2	0	2	0	0	24	0	16	0	164.0
hsa-miR-34b-5p	0	0	0	0	146	0	0	7	0	10	0	0	0	0	0	0	0	0	0	0	163.0
hsa-miR-3150a-5p	15	0	0	2	26	7	0	0	2	4	0	0	5	14	0	0	2	0	85	0	162.0
hsa-miR-149-3p	3	0	0	5	22	0	0	0	0	0	0	0	6	7	0	0	14	0	104	0	161.0
hsa-miR-766-3p	0	0	0	0	39	49	0	8	4	6	0	11	15	0	0	0	0	0	29	0	161.0
hsa-miR-26a-2-3p	0	0	0	0	112	7	0	0	0	0	0	4	0	0	0	0	2	0	33	0	158.0
hsa-miR-628-5p	0	0	0	0	66	31	0	12	0	8	2	18	16	0	0	0	4	0	0	0	157.0
hsa-miR-641	0	0	0	0	63	8	0	0	0	8	0	7	5	0	0	0	0	0	58	0	149.0
hsa-miR-29c-3p	0	0	4	2	46	12	0	9	1	1	3	7	9	0	1	0	10	0	42	1	146.35000000000002
hsa-miR-1306-5p	0	0	0	0	74	11	0	19	2	5	0	0	3	4	0	0	0	0	24	0	142.0
hsa-miR-195-3p	2	0	0	0	13	6	0	3	2	2	0	2	2	6	0	0	22	0	82	0	142.0
hsa-miR-1247-5p	0	0	0	0	112	5	0	13	0	10	0	0	0	0	0	0	0	0	0	0	140.0
hsa-miR-204-5p	0	0	4	9	43	12	5	26	11	5	2	8	5	0	0	0	0	4	2	4	140.0
hsa-miR-224-3p	2	0	0	0	77	19	0	13	0	0	0	9	17	0	0	0	0	0	2	0	139.0
hsa-miR-145-5p	0	0	2	6	0	34	3	25	14	5	7	20	20	0	0	0	0	0	0	3	139.0
hsa-let-7a-2-3p	4	0	0	0	67	11	0	0	0	2	0	3	6	0	0	0	19	0	25	0	137.0
hsa-miR-134-5p	38	11	6	5	3	13	0	11	4	12	4	5	4	0	9	10	0	2	0	0	137.0
hsa-miR-1910-3p	0	0	0	0	44	4	0	33	0	29	8	0	3	0	0	0	3	0	8	0	132.0
hsa-miR-582-5p	0	0	0	0	43	19	0	0	3	3	0	24	21	0	0	0	3	0	16	0	132.0
hsa-miR-615-5p	0	0	0	0	84	3	0	8	2	0	9	2	2	0	0	0	0	0	21	0	131.0
hsa-miR-9901	12	0	0	0	36	0	0	0	0	0	2	0	0	0	0	3	29	0	49	0	131.0
hsa-miR-6720-5p	0	0	0	0	68	24	0	8	0	2	0	7	4	0	0	0	0	0	14	2	129.0
hsa-miR-296-3p	45	0	2	5	10	0	0	0	0	0	0	0	0	0	3	0	54	2	8	0	129.0
hsa-miR-551a	0	0	0	0	38	21	0	5	0	0	2	34	19	0	0	0	4	0	4	0	127.0
hsv2-miR-H10	0	12	0	0	3	3	0	4	0	7	6	2	0	3	23	59	2	3	0	0	127.0
hsa-miR-891a-5p	0	0	0	0	31	0	0	49	0	29	17	0	0	0	0	0	0	0	0	0	126.0
hsa-miR-512-3p	0	0	0	0	91	0	0	20	0	11	2	0	0	0	0	0	0	0	0	0	124.0
hsa-miR-767-5p	0	0	4	7	32	3	0	4	0	8	0	0	0	0	0	0	61	4	0	0	123.0
hsa-miR-29c-5p	0	0	0	0	18	2	0	3	0	2	0	13	3	0	0	0	25	2	51	0	119.0
hsa-miR-4466	0	0	2	3	44	5	0	4	0	8	5	2	3	17	3	9	14	0	0	0	119.0
hsa-miR-3912-3p	0	0	0	0	59	11	0	2	0	5	2	6	15	0	0	0	0	0	17	0	117.0
hsa-miR-125b-2-3p	45	0	2	0	29	14	0	5	2	0	0	5	4	4	3	0	0	0	3	0	116.0
hsa-miR-30b-3p	0	0	0	0	65	2	0	0	2	3	2	0	0	0	0	0	0	0	40	0	114.0
hsa-miR-6724-5p	5	0	0	0	36	2	2	0	2	0	0	0	5	0	0	0	2	0	58	2	113.96
hsa-miR-187-3p	0	0	0	4	53	23	0	7	0	5	3	5	13	0	0	0	0	0	0	0	113.0
hsa-miR-2277-5p	0	0	0	0	64	5	0	4	0	0	2	2	7	0	0	0	0	0	27	0	111.0
hsa-miR-7976	0	0	0	0	56	4	0	11	0	0	0	4	3	0	0	0	8	0	25	0	111.0
hsa-miR-3940-3p	4	0	0	2	24	4	2	2	0	2	0	7	7	0	3	0	0	5	49	0	111.0
hsa-miR-6716-3p	5	0	0	0	46	6	0	3	0	0	0	2	4	40	0	0	2	0	2	0	110.0
hsa-miR-410-3p	0	0	7	5	0	22	0	15	7	6	0	22	22	0	0	0	0	2	0	2	110.0
hsa-miR-3935	0	0	0	0	49	18	0	8	0	0	3	6	8	0	0	0	0	3	14	0	109.0
hsa-miR-1283	0	0	0	0	90	0	0	6	0	3	4	0	0	0	0	0	0	0	5	0	108.0
hsa-miR-4446-3p	0	0	0	0	18	27	0	0	0	2	0	26	25	9	0	0	0	0	0	0	107.0
hsa-miR-450a-2-3p	0	0	0	0	79	2	0	13	0	7	3	0	2	0	0	0	0	0	0	0	106.0
hsa-miR-219a-5p	0	0	0	0	83	0	0	3	0	5	0	0	3	0	0	0	0	0	12	0	106.0
hsa-miR-203b-3p	0	0	0	0	54	17	2	3	0	6	2	10	0	0	0	0	0	0	12	0	106.0
hsa-miR-212-5p	7	4	0	0	63	0	0	12	0	7	3	0	0	0	0	0	2	0	7	0	105.0
hsa-miR-16-1-3p	0	0	0	0	30	0	0	2	0	0	0	0	0	0	0	0	16	0	57	0	105.0
hsa-miR-3173-5p	0	0	0	0	21	0	0	3	5	0	2	0	0	0	2	0	0	0	69	2	104.0
hsa-miR-3911	0	0	0	0	53	12	0	10	0	5	3	4	4	10	0	0	2	0	0	0	103.0
hsa-miR-136-3p	6	0	3	10	0	22	2	10	11	6	0	12	9	0	4	0	0	5	0	3	103.0
hsa-miR-378g	0	0	2	0	29	20	0	2	2	2	4	7	10	4	0	0	7	0	14	0	103.0
hsa-miR-664a-5p	4	0	0	0	39	2	0	22	0	8	2	10	2	0	0	0	6	0	6	0	101.0
hsa-miR-3180-3p	3	0	0	0	56	0	0	3	0	4	4	0	0	0	9	4	5	0	9	0	98.12
hsa-miR-1255a	3	0	3	0	52	0	0	8	0	4	2	0	0	0	0	0	21	0	5	0	98.0
hsa-miR-195-5p	0	0	0	0	39	18	0	6	0	0	0	9	5	0	0	0	0	0	19	2	98.0
hsa-miR-4286	0	0	2	0	74	4	0	5	0	2	3	2	3	0	0	0	0	0	2	0	97.0
hsa-miR-412-5p	0	0	8	13	0	15	6	11	6	4	2	10	7	0	0	0	0	8	0	6	96.0
hsa-miR-653-5p	0	0	0	0	55	9	0	14	0	6	3	3	2	0	0	0	2	0	0	0	94.0
hsa-miR-654-3p	20	8	2	2	14	9	0	7	0	14	2	0	2	0	4	3	0	0	7	0	94.0
hsa-miR-105-5p	0	0	9	5	24	4	0	8	0	14	0	2	0	0	0	0	25	0	0	0	91.0
hsa-miR-589-3p	0	0	0	0	11	28	0	3	0	7	2	22	17	0	0	0	0	0	0	0	90.0
hsa-miR-30c-1-3p	0	0	0	0	43	3	2	12	0	0	0	2	5	0	0	0	2	0	21	0	90.0
hsa-miR-514a-3p	0	0	0	0	78	0	0	7	0	3	0	0	0	0	0	0	0	0	0	0	88.0
hsa-miR-4516	0	0	2	0	4	10	0	32	0	9	17	4	5	3	0	2	0	0	0	0	88.0
hsa-miR-769-3p	0	0	0	0	60	4	0	4	0	5	2	2	0	0	0	0	4	0	6	0	87.0
hsa-miR-4473	0	0	0	0	53	3	0	3	2	3	2	0	0	4	0	0	4	0	13	0	87.0
hsa-miR-877-3p	0	0	0	0	64	4	0	3	0	0	0	0	0	9	0	0	3	0	3	0	86.0
hsa-miR-3944-3p	0	0	0	0	12	2	0	3	5	3	0	0	0	0	0	0	4	0	56	0	85.0
hsa-miR-4458	21	0	0	0	27	0	0	0	0	0	0	0	0	3	0	0	20	0	13	0	84.0
hsa-miR-214-3p	0	0	3	7	0	14	0	24	4	10	4	4	10	0	0	0	0	0	0	4	84.0
hsa-miR-550a-3p	0	0	0	0	38	2	0	0	3	4	2	6	4	0	0	0	0	0	23	0	82.02
hsa-miR-2682-5p	7	0	0	0	67	0	0	3	0	5	0	0	0	0	0	0	0	0	0	0	82.0
hsa-miR-4435	0	0	0	0	41	3	0	0	2	6	2	2	0	0	0	0	5	2	19	0	82.0
hsa-miR-183-3p	0	0	0	0	50	3	0	7	0	0	5	9	2	0	0	0	0	0	6	0	82.0
hsa-miR-320e	0	1	0	0	17	14	0	9	1	7	3	12	9	0	0	0	0	0	7	0	80.13999999999999
hsa-miR-629-3p	0	0	0	2	34	0	0	5	0	3	0	4	0	0	0	0	0	0	32	0	80.0
hsa-miR-181b-3p	2	0	0	0	57	0	0	0	0	2	0	2	4	0	0	0	13	0	0	0	80.0
hsa-miR-190b-5p	0	0	0	0	20	15	4	7	0	9	2	8	8	0	0	0	0	0	6	0	79.0
hsa-miR-6850-5p	0	0	2	0	3	20	2	14	0	0	5	19	4	7	0	0	0	0	3	0	79.0
hsa-miR-1262	0	0	0	0	11	6	0	8	2	0	0	0	6	4	0	0	4	0	35	2	78.0
hsa-miR-182-3p	0	0	0	0	52	3	0	9	0	0	0	2	0	0	0	0	2	0	10	0	78.0
hsa-miR-26b-3p	0	0	0	0	53	0	0	0	0	0	0	2	3	0	0	0	0	0	19	0	77.0
hsa-miR-147b-5p	0	0	0	0	58	7	0	6	0	0	3	3	0	0	0	0	0	0	0	0	77.0
hsa-miR-3690	0	0	0	0	41	0	0	2	0	5	2	0	0	0	0	0	0	0	22	2	74.0
hsa-miR-302a-5p	0	0	0	0	54	0	0	10	0	9	0	0	0	0	0	0	0	0	0	0	73.0
hsa-miR-1185-1-3p	2	0	5	0	5	3	3	14	3	5	0	11	13	0	0	0	0	7	0	2	73.0
hsa-miR-6821-5p	0	0	0	0	3	20	2	2	8	0	0	17	10	0	0	0	0	0	6	5	73.0
hsa-miR-212-3p	0	0	0	0	48	6	0	6	0	5	3	0	2	0	0	0	0	0	2	0	72.0
hsa-miR-139-3p	3	4	2	0	20	3	0	19	0	2	3	0	3	0	0	0	0	2	8	3	72.0
hsa-miR-4492	2	4	0	0	4	2	0	20	2	17	11	0	0	0	6	2	0	0	0	0	69.5
hsa-miR-193a-3p	2	2	0	6	45	3	0	3	0	0	0	2	6	0	0	0	0	0	0	0	69.0
hsa-miR-939-5p	0	0	0	0	34	5	0	2	0	3	2	0	0	2	0	3	2	0	14	0	67.0
hsa-miR-1291	0	0	0	0	20	0	2	11	0	2	2	2	2	6	2	0	0	0	18	0	67.0
hsa-miR-10392-5p	3	0	0	0	28	0	0	0	0	0	0	0	0	16	0	0	18	0	2	0	67.0
hsa-miR-636	0	0	2	0	28	3	0	0	2	0	0	5	0	0	0	0	3	2	21	0	66.0
hsa-miR-3662	16	0	0	0	12	0	0	0	0	0	0	0	0	0	0	0	23	0	15	0	66.0
hsa-miR-223-5p	0	0	0	4	0	15	0	18	2	20	0	6	0	0	0	0	0	0	0	0	65.0
hsa-miR-653-3p	0	0	0	0	48	0	0	5	0	6	2	0	2	0	0	0	0	0	0	0	63.0
hsa-miR-128-1-5p	0	0	0	0	15	4	0	0	0	0	0	0	2	0	2	0	4	0	36	0	63.0
hsa-miR-345-3p	0	0	2	8	0	14	0	6	12	2	3	5	11	0	0	0	0	0	0	0	63.0
hsa-miR-4652-5p	0	0	0	0	25	3	0	3	0	2	0	2	2	0	0	0	0	0	24	2	63.0
hsa-miR-365b-5p	26	2	0	0	18	0	0	5	0	0	0	3	2	0	2	2	3	0	0	0	63.0
hsa-miR-4483	0	0	0	0	13	0	0	0	0	0	0	0	0	0	0	0	4	0	46	0	63.0
hsa-miR-6511a-3p	0	0	0	0	39	0	0	2	0	6	0	3	2	0	0	0	0	0	10	0	61.92
hsa-miR-3179	0	0	0	0	13	2	2	3	0	0	0	0	0	0	0	0	0	0	42	0	61.760000000000005
hsa-miR-3613-3p	0	0	0	0	0	12	2	3	2	0	2	20	13	0	0	0	0	0	4	3	61.0
hsa-miR-4662a-5p	0	0	0	0	53	0	0	0	0	3	0	0	0	0	0	0	0	0	5	0	61.0
hsa-miR-1323	0	0	0	0	37	0	0	11	0	8	4	0	0	0	0	0	0	0	0	0	60.0
hsa-miR-3065-3p	0	0	0	0	27	0	0	14	0	0	2	2	2	0	0	0	0	0	12	0	59.0
hsa-miR-219b-5p	0	0	0	0	32	3	0	5	0	4	2	4	2	0	0	0	0	0	7	0	59.0
hsa-miR-10527-5p	0	0	0	0	13	6	0	6	0	3	2	10	16	0	0	0	0	0	2	0	58.0
hsa-miR-137-3p	0	0	0	0	38	0	0	4	0	10	3	0	0	0	0	3	0	0	0	0	58.0
hsa-miR-6129	0	0	0	0	26	4	0	5	0	0	0	0	2	3	0	0	4	0	13	0	57.0
hsa-miR-4713-5p	0	0	0	0	22	14	0	0	3	0	0	10	0	0	0	0	0	0	8	0	57.0
hsa-miR-299-3p	0	0	0	5	0	7	3	11	3	6	0	3	14	0	0	0	0	3	0	2	57.0
hsa-miR-6501-5p	0	0	0	0	32	5	0	2	2	0	0	4	0	0	0	0	0	0	12	0	57.0
hsa-miR-6753-3p	0	0	0	0	4	0	0	0	0	0	0	0	0	29	0	0	13	0	11	0	57.0
hsa-miR-642a-5p	0	0	0	0	41	0	0	8	0	7	0	0	0	0	0	0	0	0	0	0	56.0
hsa-miR-3664-3p	0	0	0	0	0	0	0	0	6	0	0	0	0	0	0	0	0	0	50	0	56.0
hsa-miR-6866-5p	2	0	0	0	18	2	0	0	0	3	0	9	0	10	0	0	7	0	5	0	56.0
hsa-miR-654-5p	35	0	0	0	3	11	0	0	0	0	2	0	0	0	0	4	0	0	0	0	55.0
hsa-miR-215-5p	0	0	0	0	15	10	4	8	0	4	2	0	3	0	0	0	0	0	9	0	54.5
hsa-miR-3127-3p	0	0	0	0	26	0	0	7	0	2	3	0	0	0	0	0	4	0	12	0	54.0
hsa-miR-5582-3p	0	0	0	2	17	6	0	0	0	0	0	0	4	0	0	0	0	0	25	0	54.0
hsa-miR-374b-3p	0	0	0	0	34	6	0	2	0	0	0	0	0	0	0	0	2	0	9	0	53.0
hsa-miR-4707-3p	0	0	2	0	29	7	0	8	0	0	0	2	2	3	0	0	0	0	0	0	53.0
hsa-miR-4467	0	0	0	0	3	0	0	0	0	0	0	0	0	0	0	0	3	0	47	0	53.0
hsa-miR-190a-5p	0	0	0	0	22	8	0	0	2	0	0	6	5	0	0	0	0	0	10	0	53.0
hsa-miR-29b-1-5p	0	0	0	0	16	8	0	2	0	0	0	3	11	0	0	0	0	0	12	0	52.0
hsa-miR-3940-5p	2	0	0	0	2	2	0	0	0	0	0	0	3	2	4	0	3	0	34	0	52.0
hsa-miR-4787-3p	0	0	0	0	39	3	0	2	0	8	0	0	0	0	0	0	0	0	0	0	52.0
hsa-miR-942-3p	0	0	0	0	4	0	0	0	0	3	0	0	3	0	0	0	0	0	41	0	51.0
hsa-miR-145-3p	0	0	3	0	0	15	0	8	4	7	3	0	8	0	0	0	0	3	0	0	51.0
hsa-miR-6511b-3p	0	0	0	0	34	0	0	3	0	0	2	4	2	2	0	0	0	0	4	0	51.0
hsa-miR-655-3p	0	0	6	4	0	9	2	9	7	2	2	3	4	0	0	0	0	0	0	3	51.0
hsa-miR-3651	6	5	2	0	18	0	2	4	0	3	0	2	0	0	0	0	6	0	3	0	51.0
hsa-miR-1266-5p	0	0	0	0	19	4	0	9	0	3	0	2	2	3	0	0	4	0	4	0	50.0
hsa-miR-3661	0	0	0	0	20	2	0	0	0	2	0	6	9	11	0	0	0	0	0	0	50.0
hsa-miR-497-5p	0	0	0	0	16	7	0	9	0	0	0	2	7	0	0	0	0	2	6	0	49.0
hsa-miR-504-5p	0	0	0	0	15	10	5	0	0	0	0	2	5	5	0	0	5	0	2	0	49.0
hsa-miR-323a-3p	18	6	0	0	4	4	0	2	3	5	0	0	2	0	2	3	0	0	0	0	49.0
hsa-miR-146b-3p	0	0	0	0	37	0	0	3	0	2	0	0	2	0	0	0	2	0	3	0	49.0
hsa-miR-519a-3p	0	0	0	0	47	0	0	0	2	0	0	0	0	0	0	0	0	0	0	0	49.0
hsa-miR-3074-5p	0	0	0	0	15	8	0	4	0	0	0	0	2	0	0	0	2	2	15	0	48.0
hsa-miR-1273c	0	0	0	0	16	7	0	5	0	5	0	0	3	0	0	0	0	2	10	0	48.0
hsa-miR-548ar-3p	0	0	0	0	19	0	0	2	0	0	0	2	0	0	0	0	0	0	25	0	48.0
hsa-miR-6827-5p	0	0	0	0	33	3	0	0	0	0	2	0	2	0	0	0	3	0	5	0	48.0
hsa-miR-376c-3p	0	0	0	4	0	13	1	3	2	2	3	6	12	0	0	0	0	2	0	0	47.67
hsa-miR-542-5p	0	0	0	0	23	7	0	8	0	5	0	4	0	0	0	0	0	0	0	0	47.0
hsa-miR-548j-5p	2	0	0	0	23	8	0	0	0	3	0	0	3	0	0	0	0	0	7	0	46.0
hsa-miR-6516-5p	0	0	0	0	22	0	0	4	0	4	4	8	4	0	0	0	0	0	0	0	46.0
hsa-miR-409-5p	0	0	5	2	0	12	2	7	5	0	0	2	5	0	0	0	0	2	0	3	45.0
hsa-miR-573	0	0	0	0	5	0	0	0	0	0	0	0	0	0	0	0	24	0	16	0	45.0
hsa-miR-382-3p	3	0	4	7	0	4	0	6	0	12	4	0	3	0	0	0	0	2	0	0	45.0
hsa-miR-485-3p	3	5	2	0	3	7	0	2	0	4	0	3	2	0	9	2	0	0	2	0	44.0
hsa-miR-5001-3p	0	0	0	0	23	12	0	3	0	2	0	0	2	0	0	0	0	0	2	0	44.0
hsa-miR-6130	1	0	0	0	17	3	0	0	0	1	2	0	1	1	0	0	11	0	7	0	43.67
hsa-miR-3064-5p	0	0	0	0	19	6	0	0	0	3	0	2	3	0	0	0	4	0	6	0	43.0
hsa-miR-3605-3p	5	3	0	0	20	3	0	8	0	0	2	0	0	0	0	0	0	0	2	0	43.0
hsa-miR-450a-1-3p	0	0	0	0	36	0	0	0	0	3	0	3	0	0	0	0	0	0	0	0	42.0
hsa-miR-449c-5p	0	0	2	0	16	7	0	5	0	0	0	2	0	0	0	0	4	0	6	0	42.0
hsa-miR-129-2-3p	0	0	0	0	38	0	0	1	0	0	0	0	0	0	0	0	0	0	2	0	41.0
hsa-miR-6747-3p	8	0	0	2	14	0	0	3	0	0	0	2	0	7	0	0	5	0	0	0	41.0
hsa-miR-561-5p	0	0	0	2	4	8	0	0	0	0	0	0	2	3	0	0	5	0	16	0	40.0
hsa-miR-518b	0	0	0	0	31	0	0	0	0	6	0	0	0	0	0	0	0	0	2	0	39.0
hsa-miR-4758-5p	0	0	0	0	2	16	0	0	0	0	2	6	7	2	0	0	0	0	4	0	39.0
hsa-miR-301b-5p	0	0	0	0	24	2	0	0	0	0	0	5	0	0	0	0	0	0	8	0	39.0
hsa-miR-556-5p	0	0	0	0	19	3	0	4	0	0	0	4	4	0	0	0	0	0	5	0	39.0
hsa-miR-4504	0	0	0	0	11	0	0	0	0	0	0	0	0	6	0	0	2	0	20	0	39.0
hsa-miR-29a-5p	0	0	0	0	14	6	0	2	0	0	0	5	2	0	0	2	0	0	8	0	39.0
hsa-miR-299-5p	0	0	2	0	0	12	0	13	4	0	0	3	5	0	0	0	0	0	0	0	39.0
hsa-miR-5001-5p	0	3	0	0	9	4	0	2	0	0	0	4	0	0	0	5	5	0	6	0	38.0
hsa-miR-509-3p	0	0	0	0	9	0	0	15	0	11	3	0	0	0	0	0	0	0	0	0	38.0
hsa-miR-9898	0	0	0	0	21	0	0	4	0	6	0	0	0	3	0	0	0	0	3	0	37.0
hsa-miR-548l	0	0	0	0	9	5	0	5	2	3	0	6	2	0	0	0	0	0	5	0	37.0
hsa-miR-1248	3	0	0	0	9	13	0	5	0	0	2	2	0	0	0	0	0	0	3	0	37.0
hsa-miR-4485-5p	0	0	0	0	2	0	4	0	13	0	6	0	6	0	0	0	0	0	3	2	36.0
hsa-miR-4707-5p	0	0	0	0	21	0	0	0	0	6	0	0	4	0	0	0	5	0	0	0	36.0
hsa-miR-516b-5p	0	0	0	0	27	0	0	5	0	4	0	0	0	0	0	0	0	0	0	0	36.0
hsa-miR-204-3p	0	0	3	0	2	4	0	6	0	9	2	2	4	0	0	0	0	2	0	2	36.0
hsa-miR-580-3p	0	0	0	0	17	0	0	0	0	0	0	5	0	0	0	0	0	0	13	0	35.0
hsa-miR-3196	0	0	0	0	7	0	0	3	0	7	8	5	0	0	0	5	0	0	0	0	35.0
hsa-miR-3677-3p	0	0	0	0	28	0	0	0	0	0	0	0	0	0	0	0	3	0	4	0	35.0
hsa-miR-489-3p	0	0	0	0	19	0	0	13	0	3	0	0	0	0	0	0	0	0	0	0	35.0
hsa-miR-5701	0	0	0	0	15	2	0	0	0	0	0	0	0	4	0	0	2	0	11	0	34.08
hsa-miR-1234-3p	0	0	0	0	32	0	0	0	0	0	0	0	0	0	0	0	0	0	2	0	34.0
hsa-miR-6877-5p	0	0	0	0	20	0	0	2	0	0	0	0	2	0	0	0	0	0	10	0	34.0
hsa-miR-500b-5p	0	0	0	0	22	3	0	0	0	0	0	2	1	0	0	0	0	0	7	0	34.0
hsa-miR-26a-1-3p	0	0	0	0	26	0	0	0	0	0	0	0	0	0	0	0	0	0	8	0	34.0
hsa-miR-3138	0	2	0	0	7	9	0	0	0	2	0	2	2	0	0	0	0	0	10	0	34.0
hsa-miR-2355-5p	0	0	0	0	19	2	0	0	0	3	0	0	2	0	0	0	0	0	8	0	34.0
hsa-miR-3679-5p	0	0	0	0	8	6	0	8	0	2	4	5	0	0	0	0	0	0	0	0	33.0
hsa-miR-3130-5p	0	0	0	2	9	0	2	0	0	3	0	2	0	0	0	0	0	0	15	0	33.0
hsa-miR-487a-3p	0	0	3	4	3	6	0	0	0	7	3	7	0	0	0	0	0	0	0	0	33.0
hsa-miR-138-1-3p	6	6	0	0	7	2	0	0	0	2	0	0	0	4	0	2	0	0	4	0	33.0
hsa-let-7g-3p	0	0	0	0	17	0	0	0	0	0	0	5	2	0	0	0	0	0	9	0	33.0
hsa-miR-508-3p	0	0	0	0	31	0	0	2	0	0	0	0	0	0	0	0	0	0	0	0	33.0
hsa-miR-4726-5p	0	0	0	0	11	9	0	0	0	0	0	4	2	0	0	0	0	0	7	0	33.0
hsa-miR-33b-5p	0	0	0	0	16	0	0	4	0	3	0	2	0	0	0	0	0	0	8	0	33.0
hsa-miR-4510	0	2	0	0	12	1	0	0	0	2	0	2	0	0	0	0	3	0	10	0	32.4
hsa-miR-3691-5p	0	0	0	2	0	2	0	0	0	0	0	0	2	8	0	0	5	0	13	0	32.0
hsa-miR-1226-3p	0	0	0	0	12	6	0	0	0	0	0	7	5	0	0	0	0	0	2	0	32.0
hsa-miR-514a-5p	0	0	0	0	25	0	0	4	0	3	0	0	0	0	0	0	0	0	0	0	32.0
hsa-miR-2116-3p	0	0	0	0	20	0	0	3	0	3	2	0	0	0	0	0	0	0	4	0	32.0
hsa-miR-616-5p	0	0	0	2	11	0	0	2	0	0	2	4	7	0	0	0	0	0	4	0	32.0
hsa-miR-11401	6	0	0	0	11	0	0	2	0	2	0	0	0	0	0	0	0	0	11	0	32.0
hsa-miR-4647	8	3	0	0	8	0	0	5	0	0	3	2	0	2	0	0	0	0	0	0	31.0
hsa-miR-517a-3p	0	0	0	0	22	0	0	6	0	3	0	0	0	0	0	0	0	0	1	0	31.0
hsa-miR-1276	0	0	0	0	14	2	0	0	0	0	0	0	0	0	0	0	2	0	13	0	31.0
hsa-miR-517b-3p	0	0	0	0	22	0	0	6	0	3	0	0	0	0	0	0	0	0	1	0	31.0
hsa-miR-2276-3p	0	0	0	0	5	2	0	0	0	0	2	11	9	0	0	0	2	0	0	0	31.0
hsa-miR-6772-3p	7	0	0	0	10	0	0	0	0	0	0	0	0	11	0	0	0	0	2	0	30.0
hsa-miR-544b	0	0	0	0	0	0	0	0	0	0	0	0	0	0	0	0	0	0	30	0	30.0
hsa-miR-577	0	0	0	2	0	12	0	0	0	0	0	8	5	0	0	0	0	0	3	0	30.0
hsa-miR-3614-5p	8	0	0	0	14	2	0	0	0	2	0	0	0	2	0	0	0	0	2	0	30.0
hsa-miR-520a-3p	0	0	0	0	25	0	0	2	0	2	0	0	0	0	0	0	0	0	0	0	29.0
hsa-miR-758-3p	0	5	3	2	3	3	0	2	3	0	0	6	2	0	0	0	0	0	0	0	29.0
hsa-miR-6529-3p	0	0	0	0	0	3	0	3	0	10	2	6	5	0	0	0	0	0	0	0	29.0
hsa-miR-663b	0	0	0	0	13	0	0	2	0	0	0	0	0	0	0	0	14	0	0	0	29.0
hsa-miR-10523-5p	0	0	0	0	8	0	0	0	0	0	0	0	0	0	0	0	20	0	0	0	28.0
hsa-miR-4484	0	0	0	0	11	0	0	0	0	4	2	2	0	0	0	0	2	0	7	0	28.0
hsa-miR-143-5p	0	0	2	2	0	5	0	3	6	2	0	8	0	0	0	0	0	0	0	0	28.0
hsa-miR-6499-5p	0	0	0	0	11	3	0	0	0	0	3	0	0	3	0	0	5	0	3	0	28.0
hsa-miR-18b-5p	0	0	0	0	13	0	0	2	0	1	0	0	6	4	0	0	0	0	3	0	27.0
hsa-miR-4758-3p	0	0	0	0	10	6	0	0	0	0	0	0	9	0	0	0	2	0	0	0	27.0
hsa-miR-20a-3p	0	0	0	0	9	6	0	0	0	5	0	0	5	0	0	0	0	0	2	0	27.0
hsa-miR-329-3p	0	4	0	0	0	0	0	8	4	0	4	2	3	0	0	0	0	2	0	0	27.0
hsa-miR-3164	0	0	0	0	2	0	0	0	0	0	0	2	3	0	0	0	3	0	17	0	27.0
hsa-miR-1294	2	0	0	0	7	0	0	0	0	4	0	6	0	0	0	0	0	0	8	0	27.0
hsa-miR-1908-3p	0	0	0	0	6	0	0	0	0	0	0	5	8	0	0	0	0	0	8	0	27.0
hsa-miR-7854-3p	0	0	0	0	11	4	0	4	0	5	3	0	0	0	0	0	0	0	0	0	27.0
hsa-miR-2278	0	0	0	0	19	0	0	4	0	0	0	0	0	0	0	0	2	0	2	0	27.0
hsa-miR-4999-5p	0	0	0	0	18	0	0	0	0	0	2	0	3	0	0	0	0	0	3	0	26.0
hsa-miR-4683	0	0	0	0	13	0	0	0	0	0	0	0	0	0	0	0	0	0	12	0	25.0
hsa-miR-3129-3p	0	0	0	0	18	2	0	0	0	0	0	5	0	0	0	0	0	0	0	0	25.0
hsa-miR-7851-3p	0	0	0	0	10	0	0	6	0	0	0	3	0	0	0	0	6	0	0	0	25.0
hsa-miR-4479	0	0	0	3	13	0	0	2	0	0	2	0	3	0	0	0	0	2	0	0	25.0
hsa-miR-659-5p	0	0	0	2	4	0	0	0	0	0	0	2	0	0	0	0	0	0	17	0	25.0
hsa-miR-519d-3p	0	0	0	0	14	0	0	3	0	4	0	4	0	0	0	0	0	0	0	0	25.0
hsa-miR-3611	0	0	0	0	13	2	0	0	0	0	0	0	0	0	0	0	0	0	10	0	25.0
hsa-miR-1228-5p	3	0	0	0	10	0	0	0	0	0	0	3	0	0	0	3	0	0	5	0	24.0
hsa-miR-4690-3p	0	0	0	0	10	2	0	0	0	0	0	2	0	0	0	0	2	0	8	0	24.0
hsa-miR-127-5p	6	4	0	0	0	2	0	0	4	3	0	2	3	0	0	0	0	0	0	0	24.0
hsa-miR-6777-5p	0	0	0	0	7	2	0	2	0	2	3	4	0	0	0	0	0	0	4	0	24.0
hsa-miR-1288-3p	0	0	0	0	14	0	0	0	0	3	0	0	0	0	0	0	5	0	2	0	24.0
hsa-miR-509-5p	0	0	0	0	18	0	0	3	0	0	0	0	0	0	0	0	0	0	2	0	23.01
hsa-miR-10399-5p	0	0	0	0	8	2	0	0	0	0	0	0	2	0	0	0	0	0	11	0	23.0
hsa-miR-2277-3p	0	0	0	2	14	2	0	0	0	0	0	0	0	0	0	0	0	0	5	0	23.0
hsa-miR-556-3p	0	0	0	0	18	3	0	0	0	2	0	0	0	0	0	0	0	0	0	0	23.0
hsa-miR-203a-5p	0	0	0	0	15	0	0	0	0	0	0	3	0	0	0	0	0	0	5	0	23.0
hsa-miR-539-3p	0	0	0	2	3	3	0	2	0	5	0	3	3	0	0	0	0	2	0	0	23.0
hsa-miR-449a	0	0	0	0	14	4	0	0	0	0	0	0	0	0	0	0	0	0	5	0	23.0
hsa-miR-3609	0	0	0	0	8	2	0	0	0	3	2	0	0	0	0	0	0	2	6	0	23.0
hsa-miR-135a-5p	0	0	0	2	9	0	0	0	0	0	0	2	3	0	0	0	6	0	0	0	22.34
hsa-miR-10526-3p	0	0	0	0	3	11	0	0	0	0	0	4	2	2	0	0	0	0	0	0	22.0
hsa-miR-194-3p	0	0	0	2	13	0	0	2	0	0	0	0	0	0	0	0	0	0	5	0	22.0
hsa-miR-217-5p	0	0	0	0	0	5	0	0	0	0	0	7	4	0	0	0	4	0	2	0	22.0
hsa-miR-579-3p	0	0	0	0	7	6	0	2	0	0	2	0	0	0	0	0	0	0	5	0	22.0
hsa-miR-500b-3p	0	0	0	0	2	0	0	0	0	0	0	0	0	0	0	0	0	0	19	0	21.0
hsa-miR-4689	0	3	0	0	3	5	0	4	0	0	0	2	0	0	0	0	2	0	2	0	21.0
hsa-miR-1229-3p	0	0	0	0	15	0	0	2	0	0	0	4	0	0	0	0	0	0	0	0	21.0
hsa-miR-4802-3p	0	0	0	0	12	6	0	0	0	0	0	3	0	0	0	0	0	0	0	0	21.0
hsa-miR-892a	0	0	0	0	11	0	0	6	0	4	0	0	0	0	0	0	0	0	0	0	21.0
hsa-miR-624-5p	0	0	0	0	7	3	0	0	0	0	0	2	0	0	0	0	0	0	9	0	21.0
hsa-miR-4640-3p	0	0	0	0	16	0	0	0	0	0	0	0	5	0	0	0	0	0	0	0	21.0
hsa-miR-1249-5p	0	0	0	0	11	0	0	0	0	0	0	0	0	0	0	0	2	0	8	0	21.0
hsa-miR-3916	0	0	0	0	7	3	0	0	0	0	0	2	0	0	0	0	2	0	6	0	20.0
hsa-miR-664b-3p	0	0	0	0	13	0	0	0	0	0	0	2	0	0	0	0	0	0	5	0	20.0
Hsa-Mir-1913_5p	0	0	0	0	7	0	0	2	0	9	0	0	2	0	0	0	0	0	0	0	20.0
hsa-miR-503-3p	3	0	0	0	12	3	0	0	0	0	0	0	0	0	0	0	0	2	0	0	20.0
hsa-miR-208b-3p	0	0	0	5	0	4	0	6	0	0	2	0	3	0	0	0	0	0	0	0	20.0
hsa-miR-3127-5p	0	0	0	0	9	2	0	0	0	0	2	0	2	5	0	0	0	0	0	0	20.0
hsa-miR-4654	0	0	0	0	7	9	0	0	0	2	0	0	0	2	0	0	0	0	0	0	20.0
hsa-miR-3913-5p	0	0	0	0	16	0	0	0	0	0	0	0	2	0	0	0	0	0	2	0	20.0
hsa-miR-3148	0	0	0	0	12	0	0	0	0	0	4	0	0	0	0	0	0	0	4	0	20.0
hsa-miR-4517	0	0	0	0	16	0	0	0	0	0	0	0	0	0	0	0	0	0	4	0	20.0
hsa-miR-1914-5p	0	0	0	0	18	0	0	0	0	0	0	0	0	0	0	0	0	0	2	0	20.0
hsa-miR-656-3p	0	0	3	0	0	3	0	0	0	3	5	0	3	0	0	0	0	0	0	3	20.0
hsa-miR-642a-3p	0	0	0	0	10	0	0	7	0	0	0	0	0	0	0	0	2	0	0	0	19.0
hsa-miR-874-5p	0	0	0	0	16	0	0	0	0	0	0	0	0	0	0	0	0	0	0	3	19.0
hsa-miR-129-1-3p	0	0	0	0	14	0	0	5	0	0	0	0	0	0	0	0	0	0	0	0	19.0
hsa-miR-1247-3p	0	0	0	0	13	0	0	0	0	4	0	0	0	0	0	0	0	0	2	0	19.0
hsa-miR-643	0	0	0	0	11	0	0	0	2	0	0	2	0	0	0	0	0	0	4	0	19.0
hsa-miR-888-5p	0	0	0	0	9	0	0	5	0	5	0	0	0	0	0	0	0	0	0	0	19.0
hsa-miR-379-3p	0	0	6	3	0	3	0	2	0	0	0	3	2	0	0	0	0	0	0	0	19.0
hsa-miR-766-5p	0	0	0	0	0	2	0	2	0	0	0	5	0	0	5	0	0	0	5	0	19.0
hsa-miR-196b-3p	0	0	0	0	9	4	0	0	0	0	0	0	2	0	0	0	0	0	4	0	19.0
hsa-miR-6514-5p	0	0	0	0	12	0	0	2	0	3	0	2	0	0	0	0	0	0	0	0	19.0
hsa-miR-4775	0	0	0	0	10	0	0	0	0	4	0	2	0	0	0	0	0	0	3	0	19.0
hsa-miR-4741	5	0	0	0	0	6	0	0	2	0	0	0	0	0	0	0	2	0	4	0	19.0
hsa-miR-3190-3p	0	0	0	0	9	5	0	0	0	0	0	0	2	0	0	0	0	0	2	0	18.0
hsa-miR-7113-5p	0	0	0	0	3	0	0	0	0	2	2	0	0	0	0	0	4	0	7	0	18.0
hsa-miR-4636	0	0	0	0	12	0	0	4	0	0	2	0	0	0	0	0	0	0	0	0	18.0
hsa-miR-362-3p	0	0	0	0	13	0	0	5	0	0	0	0	0	0	0	0	0	0	0	0	18.0
hsa-miR-10394-3p	7	0	0	0	2	0	0	0	0	4	2	3	0	0	0	0	0	0	0	0	18.0
hsa-miR-597-3p	0	0	0	0	11	0	0	0	0	0	0	2	3	0	0	0	0	0	2	0	18.0
hsa-miR-3180	0	0	0	0	10	0	0	1	0	1	1	0	0	0	2	1	1	0	2	0	17.84
hsa-miR-376a-3p	0	0	0	0	3	3	1	3	0	3	0	0	2	0	0	0	0	0	2	0	17.34
hsa-miR-506-3p	0	0	0	0	15	0	0	2	0	0	0	0	0	0	0	0	0	0	0	0	17.0
hsa-miR-122-3p	0	0	0	0	0	2	0	4	5	0	0	6	0	0	0	0	0	0	0	0	17.0
hsa-miR-516a-5p	0	0	0	0	10	0	0	5	0	2	0	0	0	0	0	0	0	0	0	0	17.0
hsa-miR-3928-3p	0	0	0	0	0	0	0	0	0	0	4	0	9	0	0	0	2	0	2	0	17.0
hsa-miR-4658	0	0	0	0	2	4	0	2	0	0	0	3	0	6	0	0	0	0	0	0	17.0
hsa-miR-6847-5p	0	0	0	0	3	2	0	4	0	3	0	2	0	3	0	0	0	0	0	0	17.0
hsa-miR-627-3p	0	0	0	0	2	6	0	3	0	0	0	2	0	4	0	0	0	0	0	0	17.0
hsa-miR-618	0	0	0	0	0	5	0	0	0	0	2	4	3	0	0	0	0	0	3	0	17.0
hsa-miR-197-5p	2	0	0	0	6	0	0	0	0	2	0	0	0	0	0	0	0	0	7	0	17.0
hsa-miR-4762-3p	0	0	0	0	4	0	0	0	0	0	0	0	0	0	0	0	0	0	13	0	17.0
hsa-miR-541-5p	0	0	0	0	0	2	0	2	7	0	0	2	2	0	0	0	0	2	0	0	17.0
hsa-miR-6857-3p	0	0	0	0	7	0	0	0	0	0	2	0	0	3	0	0	3	0	2	0	17.0
hsa-miR-590-5p	0	0	0	0	8	0	0	2	0	0	0	2	0	0	0	0	0	0	5	0	17.0
hsa-miR-6765-5p	0	0	0	0	2	2	0	0	0	0	0	7	0	0	0	0	3	0	3	0	17.0
hsa-miR-597-5p	0	0	0	0	13	2	0	0	0	0	0	0	0	0	0	0	0	0	2	0	17.0
hsa-miR-502-5p	0	0	0	0	10	0	0	0	0	0	2	2	0	0	0	0	0	0	3	0	17.0
hsa-miR-4797-5p	0	0	0	0	8	3	0	0	0	0	0	0	0	0	0	0	0	0	6	0	17.0
hsa-miR-4721	0	0	0	0	0	11	0	0	0	0	0	0	2	2	0	0	0	0	2	0	17.0
hsa-miR-3180-5p	2	0	0	0	14	0	0	0	0	0	0	0	0	0	0	0	0	0	0	0	16.020000000000003
hsa-miR-6763-5p	0	0	0	0	2	0	0	0	0	0	0	0	2	0	4	0	4	0	4	0	16.0
hsa-miR-216b-5p	0	0	0	0	0	0	0	2	2	0	0	4	3	3	0	0	0	0	2	0	16.0
hsa-miR-302a-3p	0	0	0	0	16	0	0	0	0	0	0	0	0	0	0	0	0	0	0	0	16.0
hsa-miR-4669	0	0	0	0	0	0	0	0	0	0	0	0	0	0	0	0	0	0	16	0	16.0
hsa-miR-3664-5p	0	0	0	0	0	0	0	0	0	0	0	0	0	0	0	0	0	0	16	0	16.0
hsa-miR-5091	7	0	0	0	5	0	0	0	0	0	0	0	0	0	0	0	0	0	4	0	16.0
hsa-miR-103a-2-5p	0	0	0	0	10	4	0	0	0	0	0	2	0	0	0	0	0	0	0	0	16.0
hsa-miR-29b-2-5p	0	0	0	0	4	2	0	0	0	0	2	0	2	0	0	0	0	0	6	0	16.0
hsa-miR-154-3p	0	2	0	0	0	5	0	4	0	0	0	2	0	0	0	0	0	3	0	0	16.0
hsa-miR-3161	0	0	0	0	6	0	0	8	0	0	0	0	2	0	0	0	0	0	0	0	16.0
hsa-miR-372-3p	0	0	0	0	7	0	0	2	0	0	2	0	0	0	0	0	0	0	5	0	16.0
hsa-miR-5008-3p	0	0	0	0	6	0	0	0	0	0	0	2	0	0	0	0	2	0	6	0	16.0
hsa-miR-99a-3p	0	0	0	0	3	3	0	0	0	0	3	2	5	0	0	0	0	0	0	0	16.0
hsa-miR-135a-3p	0	0	0	0	0	0	0	0	0	0	0	0	0	0	0	0	16	0	0	0	16.0
hsa-miR-513c-5p	0	0	0	0	10	0	0	6	0	0	0	0	0	0	0	0	0	0	0	0	16.0
hsa-miR-376c-5p	0	0	2	0	0	9	0	0	0	3	2	0	0	0	0	0	0	0	0	0	16.0
hsa-miR-6741-3p	0	0	0	0	11	0	0	0	0	0	0	0	0	0	0	0	0	0	5	0	16.0
hsa-miR-3939	0	0	0	0	13	0	0	0	0	0	0	0	3	0	0	0	0	0	0	0	16.0
hsa-miR-550a-3-5p	0	0	2	0	6	0	0	0	0	0	0	1	3	0	0	0	1	0	2	0	15.47
hsa-miR-6511a-5p	0	0	0	0	2	2	0	0	0	0	0	2	0	0	0	0	4	0	5	0	15.199999999999998
hsa-miR-6855-5p	0	0	0	0	9	0	0	2	0	2	0	0	0	0	0	0	0	0	2	0	15.0
hsa-miR-4684-3p	0	0	0	0	0	0	0	2	0	0	0	0	0	0	0	0	4	0	9	0	15.0
hsa-miR-1277-3p	0	0	0	0	15	0	0	0	0	0	0	0	0	0	0	0	0	0	0	0	15.0
hsa-miR-338-5p	0	0	0	0	5	0	3	4	3	0	0	0	0	0	0	0	0	0	0	0	15.0
hsa-miR-3188	0	0	0	0	8	0	0	3	0	2	2	0	0	0	0	0	0	0	0	0	15.0
hsa-miR-33a-3p	0	0	2	0	9	0	0	0	0	0	0	0	0	0	0	0	0	0	4	0	15.0
hsa-miR-6743-3p	0	0	0	0	5	0	0	0	0	0	0	4	4	0	0	0	0	0	2	0	15.0
hsa-miR-4665-5p	0	0	0	0	6	0	0	5	0	0	0	0	0	0	0	0	0	0	4	0	15.0
hsa-miR-214-5p	0	0	0	2	0	2	2	0	0	0	0	0	6	0	0	0	0	0	0	3	15.0
hsa-miR-378e	0	0	0	0	1	1	0	0	0	0	1	4	1	4	0	0	1	0	2	0	14.8
hsa-miR-124-3p	0	0	0	0	2	3	0	2	0	3	0	0	4	0	0	0	0	0	0	0	14.01
hsa-miR-1252-5p	0	0	0	0	6	2	0	0	0	0	0	0	0	0	0	0	3	0	3	0	14.0
hsa-miR-6797-3p	0	0	0	0	7	0	0	2	0	0	0	0	0	0	0	0	0	0	5	0	14.0
hsa-miR-6834-5p	0	0	0	0	2	5	0	2	0	0	0	5	0	0	0	0	0	0	0	0	14.0
hsa-miR-6807-5p	0	0	0	0	4	0	0	0	0	0	2	4	4	0	0	0	0	0	0	0	14.0
hsa-miR-3173-3p	0	0	0	0	2	0	0	0	0	0	0	0	0	0	0	0	0	0	12	0	14.0
hsa-miR-627-5p	0	0	0	0	8	3	0	0	0	0	0	0	0	0	0	0	0	0	3	0	14.0
hsa-miR-3195	0	3	0	0	0	0	0	0	0	0	0	0	4	0	2	2	0	0	3	0	14.0
hsa-miR-1284	0	0	0	0	8	3	0	0	0	0	0	3	0	0	0	0	0	0	0	0	14.0
hsa-miR-6513-3p	0	0	0	0	8	0	0	0	0	0	0	0	0	0	0	0	0	0	4	2	14.0
hsa-miR-146a-3p	0	0	0	0	2	2	0	0	0	0	0	6	2	0	0	0	2	0	0	0	14.0
hsa-miR-6854-5p	0	0	0	0	6	4	0	2	0	0	0	0	0	0	0	0	0	0	2	0	14.0
hsa-miR-431-5p	0	0	0	0	0	2	2	5	2	0	0	0	3	0	0	0	0	0	0	0	14.0
hsa-miR-3617-5p	0	0	0	0	14	0	0	0	0	0	0	0	0	0	0	0	0	0	0	0	14.0
hsa-miR-520g-3p	0	0	0	0	10	0	0	4	0	0	0	0	0	0	0	0	0	0	0	0	14.0
hsa-miR-10396b-5p	0	0	0	0	5	0	0	1	0	0	0	2	0	0	0	0	1	0	3	0	13.280000000000001
hsa-miR-6855-3p	0	0	0	0	13	0	0	0	0	0	0	0	0	0	0	0	0	0	0	0	13.0
hsa-miR-6837-3p	2	0	0	0	5	0	0	0	0	0	0	2	0	0	0	0	2	0	2	0	13.0
hsa-miR-6515-5p	0	0	0	0	6	5	0	2	0	0	0	0	0	0	0	0	0	0	0	0	13.0
hsa-miR-4688	0	0	0	0	4	4	0	2	0	0	0	0	0	0	0	0	0	0	3	0	13.0
hsa-miR-5090	0	0	0	0	6	3	0	0	0	4	0	0	0	0	0	0	0	0	0	0	13.0
hsa-miR-4685-3p	0	0	0	0	9	0	0	0	0	0	0	0	2	0	0	0	2	0	0	0	13.0
hsa-miR-3115	0	0	0	0	7	0	0	2	0	4	0	0	0	0	0	0	0	0	0	0	13.0
hsa-miR-6786-3p	0	0	0	0	7	0	0	0	0	0	0	0	0	0	0	0	0	0	6	0	13.0
hsa-miR-1914-3p	0	0	0	0	4	0	0	4	2	3	0	0	0	0	0	0	0	0	0	0	13.0
hsa-miR-652-5p	0	0	0	0	9	0	0	2	0	0	0	0	2	0	0	0	0	0	0	0	13.0
hsa-miR-5699-5p	0	0	0	0	10	3	0	0	0	0	0	0	0	0	0	0	0	0	0	0	13.0
hsa-miR-3648	0	0	0	0	3	7	0	0	0	0	0	0	0	0	3	0	0	0	0	0	13.0
hsa-miR-6741-5p	2	0	0	0	2	0	0	2	0	0	2	0	0	0	0	0	0	0	5	0	13.0
hsa-miR-4804-5p	0	0	0	0	0	4	0	0	0	0	2	0	2	0	0	0	0	0	4	0	12.0
hsa-miR-1228-3p	0	0	0	0	5	2	0	0	0	0	0	0	2	0	0	0	0	0	3	0	12.0
hsa-miR-548j-3p	0	0	0	0	8	0	0	0	0	0	0	0	0	0	0	0	0	0	4	0	12.0
hsa-miR-6829-5p	0	0	0	0	6	0	0	0	0	4	2	0	0	0	0	0	0	0	0	0	12.0
hsa-miR-3619-5p	0	0	0	0	2	2	0	0	2	0	0	0	0	0	0	0	0	0	6	0	12.0
hsa-miR-491-5p	0	0	0	0	2	6	0	0	0	0	0	0	2	0	0	0	0	2	0	0	12.0
hsa-miR-3128	3	0	0	0	6	0	0	0	0	0	0	0	0	0	0	0	0	0	3	0	12.0
hsa-miR-378f	0	0	0	0	2	4	0	0	0	0	0	2	4	0	0	0	0	0	0	0	12.0
hsa-miR-4523	0	0	0	0	3	5	0	0	0	0	0	0	2	0	0	0	0	0	2	0	12.0
hsa-miR-5581-3p	0	0	0	0	5	0	0	2	0	0	0	0	0	0	0	0	0	0	5	0	12.0
hsa-miR-6881-3p	0	0	0	0	6	2	0	2	0	0	0	0	0	2	0	0	0	0	0	0	12.0
hsa-miR-296-5p	0	0	6	2	0	0	0	0	0	0	0	0	0	0	0	0	4	0	0	0	12.0
hsa-miR-1180-5p	0	0	0	0	3	0	0	0	0	0	0	0	0	0	0	0	0	0	9	0	12.0
hsa-miR-3144-3p	0	0	0	0	6	0	0	0	0	0	0	0	0	0	0	0	6	0	0	0	12.0
hsa-miR-6842-5p	0	0	0	0	2	6	0	4	0	0	0	0	0	0	0	0	0	0	0	0	12.0
hsa-miR-4449	0	0	0	0	2	0	0	3	0	0	0	2	2	0	3	0	0	0	0	0	12.0
hsa-miR-4797-3p	0	0	2	0	0	0	0	0	0	0	0	0	0	4	0	0	0	0	6	0	12.0
hsa-miR-767-3p	0	0	0	2	5	0	0	0	0	0	0	0	0	0	0	0	4	0	0	0	11.0
hsa-miR-548d-3p	0	0	0	0	2	2	0	0	0	0	0	0	0	0	0	0	0	0	7	0	11.0
hsa-miR-1287-3p	0	0	0	0	11	0	0	0	0	0	0	0	0	0	0	0	0	0	0	0	11.0
hsa-miR-6789-5p	0	0	0	0	0	3	0	0	0	0	3	3	0	0	0	0	2	0	0	0	11.0
hsa-miR-3165	0	0	0	0	5	0	0	0	0	0	0	0	0	0	0	0	0	0	6	0	11.0
hsa-miR-6734-5p	0	0	0	0	9	0	0	0	0	2	0	0	0	0	0	0	0	0	0	0	11.0
hsa-miR-4661-3p	0	0	0	0	0	0	0	0	0	0	0	0	0	0	0	0	0	0	11	0	11.0
hsa-miR-592	0	0	0	0	9	0	0	2	0	0	0	0	0	0	0	0	0	0	0	0	11.0
hsa-miR-3129-5p	0	0	0	0	4	2	0	0	0	0	0	2	3	0	0	0	0	0	0	0	11.0
hsa-miR-302c-3p	0	0	0	0	11	0	0	0	0	0	0	0	0	0	0	0	0	0	0	0	11.0
hsa-miR-6735-5p	0	0	0	0	2	0	0	7	0	2	0	0	0	0	0	0	0	0	0	0	11.0
hsa-miR-3605-5p	0	0	0	0	2	0	0	4	0	0	0	0	3	0	0	0	0	0	0	2	11.0
hsa-miR-6891-5p	0	0	0	0	4	5	0	0	0	0	0	0	2	0	0	0	0	0	0	0	11.0
hsa-miR-3157-5p	0	0	0	0	6	3	0	0	0	0	0	0	0	0	0	0	0	0	2	0	11.0
hsa-miR-3622a-5p	0	0	0	0	11	0	0	0	0	0	0	0	0	0	0	0	0	0	0	0	11.0
hsa-miR-6859-5p	0	0	0	0	2	0	0	0	0	0	0	3	0	0	0	0	2	0	4	0	10.880000000000003
hsa-miR-4306	0	0	0	0	0	4	0	0	0	0	3	4	0	0	0	0	0	0	0	0	10.5
hsa-miR-3157-3p	0	0	0	0	2	0	0	0	0	0	0	0	0	0	0	0	0	0	8	0	10.0
hsa-miR-3917	0	0	0	0	4	0	0	0	0	0	0	0	0	0	0	0	6	0	0	0	10.0
hsa-miR-9899	0	0	0	0	0	5	0	0	0	2	0	3	0	0	0	0	0	0	0	0	10.0
hsa-miR-4728-5p	0	0	0	0	6	0	0	0	0	4	0	0	0	0	0	0	0	0	0	0	10.0
hsa-miR-5094	0	0	0	0	0	4	0	0	0	0	0	0	0	0	0	0	0	0	6	0	10.0
hsa-miR-7108-5p	0	0	0	0	3	2	0	0	0	0	0	0	2	0	0	0	0	0	3	0	10.0
hsa-miR-3175	0	0	0	0	2	0	0	0	0	0	0	4	2	0	0	0	0	0	2	0	10.0
hsa-miR-548av-3p	0	0	0	0	1	0	0	0	0	0	0	0	0	0	0	0	0	0	9	0	10.0
hsa-miR-936	0	0	0	0	5	3	0	0	0	2	0	0	0	0	0	0	0	0	0	0	10.0
hsa-miR-584-3p	0	0	0	0	2	6	0	2	0	0	0	0	0	0	0	0	0	0	0	0	10.0
hsa-miR-206	0	0	0	2	0	3	0	2	0	3	0	0	0	0	0	0	0	0	0	0	10.0
hsa-miR-431-3p	2	2	0	0	0	4	0	0	0	0	0	2	0	0	0	0	0	0	0	0	10.0
hsa-miR-6818-3p	0	0	0	0	10	0	0	0	0	0	0	0	0	0	0	0	0	0	0	0	10.0
hsa-miR-4470	0	0	0	0	2	2	0	4	0	2	0	0	0	0	0	0	0	0	0	0	10.0
hsa-miR-10b-3p	0	0	0	0	0	4	0	0	0	0	3	0	0	0	0	0	0	0	3	0	10.0
hsa-miR-15a-3p	0	0	0	0	2	0	0	0	0	0	2	0	0	0	0	0	0	0	6	0	10.0
hsa-miR-6806-3p	0	0	0	0	5	0	0	0	0	0	0	0	0	2	0	0	0	0	3	0	10.0
hsa-miR-6770-3p	0	0	0	0	7	0	0	0	0	2	0	0	0	0	0	0	0	0	0	0	9.000000000000002
hsa-miR-3074-3p	0	0	0	0	4	0	0	0	0	0	0	0	0	0	0	0	0	0	5	0	9.0
hsa-miR-548n	0	0	0	0	4	0	0	1	0	0	0	0	0	0	0	0	0	0	4	0	9.0
hsa-miR-4755-5p	0	0	0	0	3	0	0	0	0	0	0	0	0	0	0	0	0	0	6	0	9.0
hsa-miR-6860	0	0	0	0	0	0	0	2	0	0	0	0	2	3	0	0	0	0	2	0	9.0
hsa-miR-552-3p	0	0	0	0	2	0	0	0	3	0	0	0	0	0	0	0	0	0	4	0	9.0
hsa-miR-1303	0	0	0	0	0	2	0	0	0	0	0	7	0	0	0	0	0	0	0	0	9.0
hsa-miR-6773-5p	0	0	0	0	4	0	0	5	0	0	0	0	0	0	0	0	0	0	0	0	9.0
hsa-miR-3199	0	0	0	0	7	0	0	0	0	0	0	0	0	0	0	0	0	0	2	0	9.0
hsa-miR-3944-5p	0	0	0	0	2	3	0	0	0	4	0	0	0	0	0	0	0	0	0	0	9.0
hsa-miR-6789-3p	0	0	0	0	5	2	0	0	0	0	0	2	0	0	0	0	0	0	0	0	9.0
hsa-miR-508-5p	0	0	0	0	9	0	0	0	0	0	0	0	0	0	0	0	0	0	0	0	9.0
hsa-miR-6805-5p	0	0	0	0	0	4	0	0	0	0	0	0	0	3	0	0	0	0	2	0	9.0
hsa-miR-6848-5p	0	0	0	0	4	2	0	0	0	0	0	0	0	0	0	0	0	0	3	0	9.0
hsa-miR-4677-5p	0	0	0	0	2	2	0	0	0	0	0	0	0	0	0	0	0	0	5	0	9.0
hsa-miR-873-5p	0	0	0	0	0	0	0	0	0	0	0	0	2	4	0	0	0	0	3	0	9.0
hsa-miR-6851-5p	0	0	0	0	0	5	0	0	0	0	0	0	4	0	0	0	0	0	0	0	9.0
hsa-miR-4785	0	0	3	0	6	0	0	0	0	0	0	0	0	0	0	0	0	0	0	0	9.0
hsa-miR-4767	0	0	0	0	6	0	0	0	0	0	0	0	0	0	0	0	0	0	3	0	9.0
hsa-miR-1298-5p	0	0	0	0	9	0	0	0	0	0	0	0	0	0	0	0	0	0	0	0	9.0
hsa-miR-3918	0	0	0	0	3	0	0	0	0	3	0	0	0	0	0	0	0	0	2	0	8.0
hsa-miR-4687-3p	0	0	0	0	8	0	0	0	0	0	0	0	0	0	0	0	0	0	0	0	8.0
hsa-miR-3910	0	0	0	0	8	0	0	0	0	0	0	0	0	0	0	0	0	0	0	0	8.0
hsa-miR-664b-5p	0	0	0	0	2	0	0	0	0	0	0	0	0	0	0	3	0	0	3	0	8.0
hsa-miR-6803-3p	0	0	0	0	5	0	0	0	0	0	0	0	0	0	0	0	0	0	3	0	8.0
hsa-miR-302d-3p	0	0	0	0	8	0	0	0	0	0	0	0	0	0	0	0	0	0	0	0	8.0
hsa-miR-6861-5p	0	0	0	0	6	2	0	0	0	0	0	0	0	0	0	0	0	0	0	0	8.0
hsa-miR-4660	0	0	0	0	0	0	0	0	0	0	0	0	3	0	0	0	0	0	5	0	8.0
hsa-miR-6840-5p	0	0	0	0	4	0	0	2	0	0	0	2	0	0	0	0	0	0	0	0	8.0
hsa-miR-887-3p	0	0	0	0	4	0	0	0	0	4	0	0	0	0	0	0	0	0	0	0	8.0
hsa-let-7c-3p	5	0	0	0	3	0	0	0	0	0	0	0	0	0	0	0	0	0	0	0	8.0
hsa-miR-10397-3p	3	0	0	0	3	0	0	0	0	2	0	0	0	0	0	0	0	0	0	0	8.0
hsa-miR-5696	0	0	0	0	3	0	0	3	0	0	0	0	0	0	0	0	0	0	2	0	8.0
hsa-miR-6516-3p	0	0	0	0	2	0	0	0	0	4	0	0	0	0	0	0	2	0	0	0	8.0
hsa-miR-6869-5p	0	0	3	0	3	0	0	0	0	0	0	0	0	0	0	0	0	0	2	0	8.0
hsa-miR-943	0	0	0	0	3	0	0	2	0	0	0	3	0	0	0	0	0	0	0	0	8.0
hsa-miR-6786-5p	0	0	0	0	3	0	0	0	0	0	0	5	0	0	0	0	0	0	0	0	8.0
hsa-miR-6783-3p	0	0	0	0	3	0	0	2	0	0	0	3	0	0	0	0	0	0	0	0	8.0
hsa-miR-6894-5p	0	3	0	0	3	0	0	2	0	0	0	0	0	0	0	0	0	0	0	0	8.0
hsa-miR-1197	0	0	0	0	0	0	0	2	0	0	0	2	4	0	0	0	0	0	0	0	8.0
hsa-miR-7705	0	0	0	0	4	0	0	0	0	2	0	0	0	0	0	0	0	0	2	0	8.0
hsa-miR-3675-3p	0	0	0	0	0	0	0	0	0	0	0	0	0	0	0	0	8	0	0	0	8.0
hsa-miR-6505-5p	0	0	0	0	3	0	0	0	0	0	0	0	5	0	0	0	0	0	0	0	8.0
hsa-miR-5009-5p	0	0	0	0	0	0	0	0	0	0	0	4	0	0	0	0	0	0	4	0	8.0
hsa-miR-4680-5p	0	0	0	0	8	0	0	0	0	0	0	0	0	0	0	0	0	0	0	0	8.0
hsa-miR-548f-3p	0	0	0	0	0	0	0	0	0	0	0	0	0	0	0	0	0	0	8	0	8.0
hsa-miR-10401-5p	2	0	0	0	0	0	0	0	0	0	0	0	0	0	0	2	0	0	3	0	7.039999999999999
hsa-miR-1827	0	0	0	0	5	1	0	0	0	0	0	0	0	0	0	0	1	0	1	0	7.01
hsa-miR-5006-3p	0	0	0	0	5	0	0	0	0	0	0	0	0	0	0	0	2	0	0	0	7.0
hsa-miR-4724-5p	0	0	0	0	4	0	0	0	0	0	3	0	0	0	0	0	0	0	0	0	7.0
hsa-miR-3200-5p	0	0	0	0	4	0	0	0	0	3	0	0	0	0	0	0	0	0	0	0	7.0
hsa-miR-3145-5p	0	0	0	0	5	0	0	0	0	0	0	0	0	0	0	0	0	0	2	0	7.0
hsa-miR-548ab	0	0	0	0	4	0	0	1	0	0	0	0	0	0	0	0	0	0	2	0	7.0
hsa-miR-6800-5p	0	0	0	0	2	0	0	0	0	0	0	0	2	3	0	0	0	0	0	0	7.0
hsa-miR-6886-5p	0	0	0	0	0	3	0	0	0	0	0	0	0	0	0	0	0	0	4	0	7.0
hsa-miR-6767-5p	0	0	0	0	3	0	0	0	0	0	0	0	0	0	0	0	0	0	4	0	7.0
hsa-miR-548ay-3p	0	0	0	0	0	0	0	0	0	0	0	2	0	0	0	0	0	0	5	0	7.0
hsa-miR-548ao-3p	3	0	0	0	0	0	0	4	0	0	0	0	0	0	0	0	0	0	0	0	7.0
hsa-miR-1296-3p	0	0	0	0	0	0	0	2	0	0	0	0	2	0	0	0	0	0	3	0	7.0
hsa-miR-6755-5p	0	0	0	0	0	7	0	0	0	0	0	0	0	0	0	0	0	0	0	0	7.0
hsa-miR-4676-3p	0	0	0	0	5	0	0	0	0	0	0	0	0	0	0	0	0	0	2	0	7.0
hsa-miR-6798-3p	0	0	0	0	5	0	0	2	0	0	0	0	0	0	0	0	0	0	0	0	7.0
hsa-miR-6746-3p	0	0	0	0	5	0	0	0	0	0	0	0	0	0	0	0	0	0	2	0	7.0
hsa-miR-3166	0	0	0	0	5	0	0	0	0	0	0	0	0	0	0	0	0	0	2	0	7.0
hsa-miR-3163	0	0	0	2	0	0	0	3	0	0	0	0	0	0	0	0	0	0	2	0	7.0
hsa-miR-4511	0	0	0	0	2	0	0	2	0	0	0	0	0	0	0	0	0	0	3	0	7.0
hsa-miR-4502	0	0	0	0	0	0	0	0	0	0	0	0	0	0	0	0	0	0	7	0	7.0
hsa-miR-6890-5p	0	0	0	0	2	0	0	0	0	0	0	5	0	0	0	0	0	0	0	0	7.0
hsa-miR-1538	0	0	0	0	3	0	0	0	0	0	0	2	0	0	0	0	0	0	2	0	7.0
hsa-miR-4708-3p	0	0	0	0	4	0	0	0	0	3	0	0	0	0	0	0	0	0	0	0	7.0
hsa-miR-572	0	0	0	0	2	0	0	3	0	0	0	0	0	0	0	0	2	0	0	0	7.0
hsa-miR-6765-3p	0	0	0	0	0	0	0	0	0	0	0	5	2	0	0	0	0	0	0	0	7.0
hsa-miR-1236-5p	0	0	0	0	0	3	0	2	0	0	2	0	0	0	0	0	0	0	0	0	7.0
hsa-miR-7109-3p	0	0	0	0	2	0	0	0	0	0	0	3	0	0	0	0	0	0	2	0	7.0
hsa-miR-4498	0	0	0	0	0	0	0	0	0	0	0	0	0	0	0	0	0	0	7	0	7.0
hsa-miR-4489	0	0	0	0	0	0	0	0	0	0	0	0	2	2	0	0	0	0	3	0	7.0
hsa-miR-1909-5p	0	0	0	0	0	0	0	0	0	0	0	2	0	0	0	3	0	0	2	0	7.0
hsa-miR-4638-5p	0	0	0	0	2	0	0	0	0	0	0	0	0	5	0	0	0	0	0	0	7.0
hsa-miR-585-3p	0	5	0	0	0	2	0	0	0	0	0	0	0	0	0	0	0	0	0	0	7.0
hsa-miR-4727-3p	3	0	0	0	0	0	0	2	0	0	0	2	0	0	0	0	0	0	0	0	7.0
Hsa-Mir-5687_5p	2	0	0	0	2	0	0	0	0	0	0	0	0	0	0	0	3	0	0	0	7.0
hsa-miR-6770-5p	0	0	0	0	4	3	0	0	0	0	0	0	0	0	0	0	0	0	0	0	6.93
hsa-miR-1244	2	0	0	0	0	2	0	0	0	0	0	3	0	0	0	0	0	0	0	0	6.880000000000001
hsa-miR-10396a-5p	0	0	0	0	3	0	0	1	0	0	0	1	0	0	0	0	1	0	2	0	6.640000000000001
hsa-miR-23c	0	0	0	0	7	0	0	0	0	0	0	0	0	0	0	0	0	0	0	0	6.5
hsa-miR-19a-5p	0	0	0	0	0	2	0	2	0	0	0	0	0	0	0	0	0	0	2	0	6.0
hsa-miR-11399	0	0	0	0	6	0	0	0	0	0	0	0	0	0	0	0	0	0	0	0	6.0
hsa-miR-5187-5p	0	0	0	0	0	6	0	0	0	0	0	0	0	0	0	0	0	0	0	0	6.0
hsa-miR-6868-3p	0	0	0	0	0	0	0	0	0	0	0	0	0	4	0	0	0	0	2	0	6.0
hsa-miR-1322	0	0	0	0	6	0	0	0	0	0	0	0	0	0	0	0	0	0	0	0	6.0
hsa-miR-6804-5p	0	0	0	0	2	0	0	2	0	2	0	0	0	0	0	0	0	0	0	0	6.0
hsa-miR-6862-5p	0	0	0	0	0	2	0	0	0	0	0	2	0	0	0	0	2	0	0	0	6.0
hsa-miR-95-5p	0	0	0	0	4	0	0	0	0	0	0	0	2	0	0	0	0	0	0	0	6.0
hsa-miR-491-3p	0	0	0	0	2	2	0	0	0	0	0	2	0	0	0	0	0	0	0	0	6.0
hsa-miR-548a-3p	0	0	0	0	0	0	0	0	0	0	0	0	0	0	0	0	0	0	6	0	6.0
hsa-miR-4284	0	0	0	0	4	0	0	0	0	0	0	2	0	0	0	0	0	0	0	0	6.0
hsa-miR-4802-5p	0	0	0	0	2	0	0	2	0	2	0	0	0	0	0	0	0	0	0	0	6.0
hsa-miR-487a-5p	0	0	0	2	0	0	0	0	0	0	4	0	0	0	0	0	0	0	0	0	6.0
hsa-miR-3174	0	0	0	0	2	0	0	0	0	0	0	0	0	0	0	0	2	0	2	0	6.0
hsa-miR-5010-5p	0	0	0	0	4	2	0	0	0	0	0	0	0	0	0	0	0	0	0	0	6.0
hsa-miR-1295a	0	0	0	0	0	0	0	0	0	0	0	0	0	0	0	0	0	0	6	0	6.0
hsa-miR-1286	0	0	0	0	4	0	0	0	0	0	0	2	0	0	0	0	0	0	0	0	6.0
hsa-miR-6875-3p	0	0	0	0	0	0	0	3	0	0	0	3	0	0	0	0	0	0	0	0	6.0
hsa-miR-5008-5p	0	0	0	0	3	3	0	0	0	0	0	0	0	0	0	0	0	0	0	0	6.0
hsa-miR-122b-5p	0	0	0	0	0	0	0	2	2	2	0	0	0	0	0	0	0	0	0	0	6.0
hsa-miR-122b-3p	0	0	0	0	0	0	0	0	2	0	2	0	0	0	0	2	0	0	0	0	6.0
hsa-miR-7845-5p	0	0	0	0	0	0	0	0	0	0	0	0	0	0	0	0	2	0	4	0	6.0
hsa-miR-545-3p	0	0	0	0	6	0	0	0	0	0	0	0	0	0	0	0	0	0	0	0	6.0
hsa-miR-3187-5p	0	0	0	0	4	0	0	0	0	0	0	0	0	0	0	0	0	0	2	0	6.0
hsa-miR-4455	0	0	0	0	0	0	0	0	0	0	0	0	0	0	0	0	0	0	6	0	6.0
hsa-miR-1224-5p	0	0	0	0	2	2	0	2	0	0	0	0	0	0	0	0	0	0	0	0	6.0
hsa-miR-518e-3p	0	0	0	0	6	0	0	0	0	0	0	0	0	0	0	0	0	0	0	0	6.0
hsa-miR-4422	0	0	0	0	4	0	0	2	0	0	0	0	0	0	0	0	0	0	0	0	6.0
hsa-miR-499b-3p	0	0	0	0	4	0	0	0	0	0	0	0	0	0	0	0	0	0	2	0	6.0
hsa-miR-6793-5p	0	0	0	0	2	0	0	0	0	0	0	2	0	0	0	0	0	0	2	0	6.0
hsa-miR-3150b-3p	0	0	0	0	4	0	0	0	0	2	0	0	0	0	0	0	0	0	0	0	6.0
hsa-miR-3620-3p	0	0	0	0	4	0	0	0	0	0	0	2	0	0	0	0	0	0	0	0	6.0
hsa-miR-526b-5p	0	0	0	0	2	0	0	0	0	4	0	0	0	0	0	0	0	0	0	0	6.0
hsa-miR-4709-3p	0	0	0	0	6	0	0	0	0	0	0	0	0	0	0	0	0	0	0	0	6.0
hsa-miR-2467-5p	0	0	0	0	2	0	0	0	0	0	0	0	3	0	0	0	0	0	0	0	5.0
hsa-miR-6812-3p	0	0	0	0	2	0	0	0	0	0	0	0	0	0	0	0	0	0	3	0	5.0
hsa-miR-18b-3p	0	0	0	1	2	2	0	0	0	0	0	0	0	0	0	0	0	0	0	0	5.0
hsa-miR-570-3p	0	0	0	0	2	0	0	0	0	0	0	0	0	0	0	0	0	0	3	0	5.0
hsa-miR-6800-3p	0	0	0	0	0	0	0	0	0	0	2	0	3	0	0	0	0	0	0	0	5.0
hsa-miR-7975	0	2	0	0	0	0	0	0	0	0	0	3	0	0	0	0	0	0	0	0	5.0
hsa-miR-561-3p	0	0	0	0	0	5	0	0	0	0	0	0	0	0	0	0	0	0	0	0	5.0
hsa-miR-4659a-3p	0	0	0	0	0	0	0	0	0	0	0	0	0	0	0	0	0	0	5	0	5.0
hsa-miR-4686	0	0	0	0	5	0	0	0	0	0	0	0	0	0	0	0	0	0	0	0	5.0
hsa-miR-4674	0	0	0	0	5	0	0	0	0	0	0	0	0	0	0	0	0	0	0	0	5.0
hsa-miR-3691-3p	0	3	0	0	0	0	0	0	0	0	2	0	0	0	0	0	0	0	0	0	5.0
hsa-miR-4697-3p	0	0	0	0	5	0	0	0	0	0	0	0	0	0	0	0	0	0	0	0	5.0
hsa-miR-4725-3p	0	0	0	0	5	0	0	0	0	0	0	0	0	0	0	0	0	0	0	0	5.0
hsa-miR-551b-3p	0	0	0	0	2	0	0	0	0	0	0	0	3	0	0	0	0	0	0	0	5.0
hsa-miR-6887-5p	0	0	0	0	2	0	0	0	0	0	0	0	0	0	0	0	0	3	0	0	5.0
hsa-miR-4259	0	0	0	0	0	0	0	0	0	0	0	0	0	0	0	5	0	0	0	0	5.0
hsa-miR-5698	0	0	0	0	2	0	0	3	0	0	0	0	0	0	0	0	0	0	0	0	5.0
hsa-miR-5684	0	0	0	0	3	0	0	0	0	0	0	2	0	0	0	0	0	0	0	0	5.0
hsa-miR-3139	0	0	0	0	3	0	0	0	0	0	0	0	0	0	0	0	0	0	2	0	5.0
hsa-miR-676-3p	0	0	0	0	5	0	0	0	0	0	0	0	0	0	0	0	0	0	0	0	5.0
hsa-miR-6850-3p	0	0	0	0	0	5	0	0	0	0	0	0	0	0	0	0	0	0	0	0	5.0
hsa-miR-6808-3p	0	0	0	0	3	2	0	0	0	0	0	0	0	0	0	0	0	0	0	0	5.0
hsa-miR-4664-5p	0	0	0	0	0	0	0	2	0	0	0	3	0	0	0	0	0	0	0	0	5.0
hsa-miR-6875-5p	0	0	0	0	3	0	0	0	0	2	0	0	0	0	0	0	0	0	0	0	5.0
hsa-miR-2116-5p	0	0	0	0	3	0	0	0	0	0	2	0	0	0	0	0	0	0	0	0	5.0
hsa-miR-3140-3p	0	0	0	0	0	0	0	0	0	0	0	0	0	0	0	0	0	0	5	0	5.0
hsa-miR-7111-3p	0	0	0	0	3	0	0	0	0	0	0	0	0	0	0	0	0	0	2	0	5.0
hsa-miR-6780b-5p	0	0	0	0	3	0	0	0	0	0	2	0	0	0	0	0	0	0	0	0	5.0
hsa-miR-4520-3p	0	0	0	0	2	0	0	0	0	3	0	0	0	0	0	0	0	0	0	0	5.0
hsa-miR-539-5p	0	0	0	0	0	0	0	5	0	0	0	0	0	0	0	0	0	0	0	0	5.0
hsa-miR-4723-5p	0	0	0	0	0	3	0	0	0	0	0	0	0	0	0	0	0	0	2	0	5.0
hsa-miR-6854-3p	0	0	0	0	5	0	0	0	0	0	0	0	0	0	0	0	0	0	0	0	5.0
hsa-miR-6802-3p	0	0	0	0	5	0	0	0	0	0	0	0	0	0	0	0	0	0	0	0	5.0
hsa-miR-873-3p	0	0	0	0	0	0	0	0	0	0	0	5	0	0	0	0	0	0	0	0	5.0
hsa-miR-545-5p	0	0	0	0	5	0	0	0	0	0	0	0	0	0	0	0	0	0	0	0	5.0
hsa-miR-1909-3p	0	0	0	0	0	3	0	0	0	0	0	0	0	0	0	0	0	0	2	0	5.0
hsa-miR-3614-3p	0	0	0	0	5	0	0	0	0	0	0	0	0	0	0	0	0	0	0	0	5.0
hsa-miR-4671-5p	2	0	0	0	0	0	0	0	0	0	0	0	0	0	0	0	3	0	0	0	5.0
hsa-miR-6732-3p	0	0	0	0	5	0	0	0	0	0	0	0	0	0	0	0	0	0	0	0	5.0
hsa-miR-548av-5p	0	0	0	0	0	0	0	0	0	0	0	0	0	0	0	0	0	0	4	1	4.5
hsa-miR-6766-5p	0	0	0	0	4	0	0	0	0	0	0	0	0	0	0	0	0	0	0	0	4.0
hsa-miR-3622a-3p	0	0	0	0	2	0	0	0	0	2	0	0	0	0	0	0	0	0	0	0	4.0
hsa-miR-6889-5p	0	0	0	0	0	0	0	2	0	0	0	0	0	0	0	0	0	0	2	0	4.0
hsa-miR-3688-3p	0	0	0	0	0	0	0	0	0	0	0	4	0	0	0	0	0	0	0	0	4.0
hsa-miR-1237-3p	0	0	0	0	2	0	0	0	0	0	0	0	0	0	0	0	2	0	0	0	4.0
hsa-miR-6870-5p	0	0	0	0	0	4	0	0	0	0	0	0	0	0	0	0	0	0	0	0	4.0
hsa-miR-6748-3p	0	0	0	0	4	0	0	0	0	0	0	0	0	0	0	0	0	0	0	0	4.0
hsa-miR-548t-5p	0	0	0	0	0	2	0	0	0	0	0	0	0	0	0	0	0	0	2	0	4.0
hsa-miR-548al	0	0	0	0	0	4	0	0	0	0	0	0	0	0	0	0	0	0	0	0	4.0
hsa-miR-3145-3p	0	0	0	0	0	0	0	0	0	0	0	0	0	0	0	0	0	0	4	0	4.0
hsa-miR-544a	0	0	0	4	0	0	0	0	0	0	0	0	0	0	0	0	0	0	0	0	4.0
hsa-miR-6834-3p	0	0	0	0	2	2	0	0	0	0	0	0	0	0	0	0	0	0	0	0	4.0
hsa-miR-6825-5p	0	0	0	2	2	0	0	0	0	0	0	0	0	0	0	0	0	0	0	0	4.0
hsa-miR-5000-5p	0	0	0	0	0	0	0	0	0	0	0	0	0	0	0	0	0	0	4	0	4.0
hsa-miR-4436b-3p	0	0	0	0	0	0	0	0	0	0	0	0	0	4	0	0	0	0	0	0	4.0
hsa-miR-887-5p	0	2	0	0	0	0	2	0	0	0	0	0	0	0	0	0	0	0	0	0	4.0
hsa-miR-4728-3p	0	0	0	0	4	0	0	0	0	0	0	0	0	0	0	0	0	0	0	0	4.0
hsa-miR-3682-3p	0	0	0	0	0	2	0	0	0	0	0	0	0	0	0	0	2	0	0	0	4.0
hsa-miR-6831-5p	0	0	0	0	0	0	0	2	0	0	0	0	2	0	0	0	0	0	0	0	4.0
hsa-miR-513a-5p	0	0	0	0	2	0	0	0	0	0	2	0	0	0	0	0	0	0	0	0	4.0
hsa-miR-4697-5p	0	0	0	0	4	0	0	0	0	0	0	0	0	0	0	0	0	0	0	0	4.0
hsa-miR-6813-5p	0	0	0	0	4	0	0	0	0	0	0	0	0	0	0	0	0	0	0	0	4.0
hsa-miR-3913-3p	0	0	0	0	4	0	0	0	0	0	0	0	0	0	0	0	0	0	0	0	4.0
hsa-miR-4482-3p	0	0	0	0	0	0	0	0	0	0	0	0	0	0	0	0	4	0	0	0	4.0
hsa-miR-6780a-5p	0	0	0	0	4	0	0	0	0	0	0	0	0	0	0	0	0	0	0	0	4.0
hsa-miR-6730-5p	0	0	0	0	4	0	0	0	0	0	0	0	0	0	0	0	0	0	0	0	4.0
hsa-miR-3121-3p	0	0	0	0	0	0	0	2	0	0	0	0	0	0	0	0	0	0	2	0	4.0
hsa-miR-3619-3p	0	0	0	0	0	2	0	0	0	2	0	0	0	0	0	0	0	0	0	0	4.0
hsa-miR-6764-3p	0	0	0	0	0	0	0	0	0	2	0	0	2	0	0	0	0	0	0	0	4.0
hsa-miR-10400-5p	0	0	0	0	0	0	0	2	0	0	2	0	0	0	0	0	0	0	0	0	4.0
hsa-miR-937-5p	0	0	0	0	2	0	0	2	0	0	0	0	0	0	0	0	0	0	0	0	4.0
hsa-miR-4280	0	0	0	0	0	0	0	0	0	0	0	2	2	0	0	0	0	0	0	0	4.0
hsa-miR-3198	0	0	0	0	4	0	0	0	0	0	0	0	0	0	0	0	0	0	0	0	4.0
hsa-miR-6801-3p	0	0	0	0	2	0	0	0	0	2	0	0	0	0	0	0	0	0	0	0	4.0
hsa-miR-660-3p	0	0	0	0	2	0	0	0	0	0	0	0	0	0	0	0	0	0	2	0	4.0
hsa-miR-610	0	0	0	0	4	0	0	0	0	0	0	0	0	0	0	0	0	0	0	0	4.0
hsa-miR-3181	0	0	0	0	4	0	0	0	0	0	0	0	0	0	0	0	0	0	0	0	4.0
hsa-miR-5690	0	0	0	0	0	0	0	0	0	0	0	0	0	0	0	0	0	0	4	0	4.0
hsa-miR-6737-3p	0	0	0	0	4	0	0	0	0	0	0	0	0	0	0	0	0	0	0	0	4.0
hsa-miR-498-5p	0	0	0	0	4	0	0	0	0	0	0	0	0	0	0	0	0	0	0	0	4.0
hsa-miR-3146	0	0	0	0	0	0	0	0	0	0	0	0	0	0	0	0	0	0	4	0	4.0
hsa-miR-412-3p	0	0	0	2	0	0	0	0	0	0	0	0	2	0	0	0	0	0	0	0	4.0
hsa-miR-3133	0	0	0	0	4	0	0	0	0	0	0	0	0	0	0	0	0	0	0	0	4.0
hsa-miR-3132	0	0	0	0	2	0	0	0	0	0	0	0	0	0	0	0	2	0	0	0	4.0
hsa-miR-6745	0	0	0	0	0	0	0	4	0	0	0	0	0	0	0	0	0	0	0	0	4.0
hsa-miR-6832-5p	0	0	0	0	0	0	0	0	0	2	0	0	2	0	0	0	0	0	0	0	4.0
hsa-miR-1256	0	0	0	0	2	2	0	0	0	0	0	0	0	0	0	0	0	0	0	0	4.0
hsa-miR-4787-5p	0	2	0	0	0	0	0	0	0	0	0	0	0	0	0	2	0	0	0	0	4.0
hsa-miR-6768-5p	0	0	0	0	0	0	0	2	0	0	0	0	0	0	0	0	0	0	2	0	4.0
hsa-miR-7111-5p	0	0	0	0	2	0	0	0	0	0	0	0	2	0	0	0	0	0	0	0	4.0
hsa-miR-6839-5p	0	0	0	0	2	0	0	0	0	0	0	0	0	0	0	0	0	0	2	0	4.0
hsa-miR-6740-5p	0	0	0	0	2	2	0	0	0	0	0	0	0	0	0	0	0	0	0	0	4.0
hsa-miR-4717-3p	2	0	0	0	0	0	0	0	0	0	0	0	0	0	0	0	0	0	2	0	4.0
hsa-miR-19b-1-5p	0	0	0	0	2	0	0	0	0	0	0	0	0	0	0	0	0	0	2	0	4.0
hsa-miR-4695-5p	0	0	0	0	0	0	0	0	0	0	0	0	0	4	0	0	0	0	0	0	4.0
hsa-miR-4652-3p	0	0	0	0	2	0	0	0	0	0	0	0	0	0	0	0	0	0	2	0	4.0
hsa-miR-6747-5p	0	0	0	0	0	0	0	0	0	0	0	2	0	2	0	0	0	0	0	0	4.0
hsa-miR-511-5p	0	0	0	0	2	0	0	2	0	0	0	0	0	0	0	0	0	0	0	0	4.0
hsa-miR-1227-3p	0	0	0	0	2	0	0	2	0	0	0	0	0	0	0	0	0	0	0	0	4.0
hsa-miR-4640-5p	0	0	0	0	2	0	0	0	0	0	2	0	0	0	0	0	0	0	0	0	4.0
hsa-miR-3927-3p	0	0	0	0	0	0	0	0	0	2	2	0	0	0	0	0	0	0	0	0	4.0
hsa-miR-9902	0	0	0	0	2	2	0	0	0	0	0	0	0	0	0	0	0	0	0	0	4.0
hsa-miR-4763-3p	0	0	0	0	0	0	0	0	0	0	0	0	0	2	0	0	0	0	2	0	4.0
hsa-miR-3942-5p	0	0	0	0	0	0	0	0	0	4	0	0	0	0	0	0	0	0	0	0	4.0
hsa-miR-889-3p	2	0	0	0	2	0	0	0	0	0	0	0	0	0	0	0	0	0	0	0	4.0
hsa-miR-4788	0	0	0	0	0	0	0	2	0	0	0	0	0	0	0	0	2	0	0	0	4.0
hsa-miR-100-3p	0	0	0	0	4	0	0	0	0	0	0	0	0	0	0	0	0	0	0	0	4.0
hsa-miR-499b-5p	0	0	0	0	4	0	0	0	0	0	0	0	0	0	0	0	0	0	0	0	4.0
hsa-miR-3684	0	0	0	0	2	2	0	0	0	0	0	0	0	0	0	0	0	0	0	0	4.0
hsa-miR-186-3p	0	0	0	0	0	0	0	0	2	0	0	0	0	0	0	0	0	0	2	0	4.0
hsa-miR-4745-3p	0	0	0	0	2	0	0	0	0	0	0	2	0	0	0	0	0	0	0	0	4.0
hsa-miR-323b-3p	2	0	0	0	0	0	0	0	0	0	0	0	0	0	2	0	0	0	0	0	4.0
hsa-miR-3654	0	0	0	0	0	2	0	0	0	0	0	0	0	0	0	0	2	0	0	0	4.0
hsa-miR-4638-3p	0	0	0	0	2	0	0	0	0	0	0	0	0	0	0	0	0	0	2	0	4.0
hsa-miR-1915-5p	0	0	0	0	0	4	0	0	0	0	0	0	0	0	0	0	0	0	0	0	4.0
hsa-miR-4710	0	0	0	0	2	0	0	0	0	0	0	0	0	0	0	0	0	0	2	0	4.0
hsa-miR-4706	0	0	0	0	0	0	0	2	0	0	0	0	0	0	0	0	0	0	2	0	4.0
hsa-miR-515-5p	0	0	0	0	2	0	0	2	0	0	0	0	0	0	0	0	0	0	0	0	4.0
hsa-miR-3610	0	0	0	0	4	0	0	0	0	0	0	0	0	0	0	0	0	0	0	0	4.0
hsa-miR-328-5p	0	0	0	0	0	0	0	0	0	0	0	0	0	4	0	0	0	0	0	0	4.0
hsa-miR-192-3p	0	0	0	0	2	0	0	0	0	0	0	0	0	0	0	0	0	0	2	0	4.0
hsa-miR-219b-3p	0	0	0	0	0	0	0	0	0	0	0	2	0	0	0	0	0	0	2	0	4.0
hsa-miR-4653-3p	0	0	0	0	0	4	0	0	0	0	0	0	0	0	0	0	0	0	0	0	4.0
hsa-miR-6511b-5p	0	0	0	0	1	0	0	0	0	0	0	1	0	0	0	0	1	0	1	0	3.8
hsa-miR-519a-5p	0	0	0	0	4	0	0	0	0	0	0	0	0	0	0	0	0	0	0	0	3.67
hsa-miR-550b-2-5p	0	0	0	0	0	0	0	0	0	0	0	0	0	0	0	0	0	0	4	0	3.6
hsa-miR-374c-5p	0	0	0	0	0	1	0	0	0	0	0	0	2	0	0	0	0	1	0	0	3.5
hsa-miR-4687-5p	0	0	0	0	0	0	0	3	0	0	0	0	0	0	0	0	0	0	0	0	3.0
hsa-miR-6715b-3p	0	0	0	0	0	0	0	0	0	0	0	0	0	0	0	0	0	0	3	0	3.0
hsa-miR-6790-5p	0	0	0	0	0	0	0	0	0	0	0	0	3	0	0	0	0	0	0	0	3.0
hsa-miR-598-5p	0	0	0	0	3	0	0	0	0	0	0	0	0	0	0	0	0	0	0	0	3.0
hsa-miR-548q	0	0	0	0	0	0	0	0	0	0	0	3	0	0	0	0	0	0	0	0	3.0
hsa-miR-6852-5p	0	0	0	0	3	0	0	0	0	0	0	0	0	0	0	0	0	0	0	0	3.0
hsa-miR-6852-3p	0	0	0	0	0	0	0	3	0	0	0	0	0	0	0	0	0	0	0	0	3.0
hsa-miR-4798-5p	0	0	0	0	3	0	0	0	0	0	0	0	0	0	0	0	0	0	0	0	3.0
hsa-miR-4755-3p	0	0	0	0	0	3	0	0	0	0	0	0	0	0	0	0	0	0	0	0	3.0
hsa-miR-4639-5p	0	0	0	0	0	0	0	0	0	3	0	0	0	0	0	0	0	0	0	0	3.0
hsa-miR-6816-3p	0	0	0	0	0	3	0	0	0	0	0	0	0	0	0	0	0	0	0	0	3.0
hsa-miR-2113	0	0	0	0	0	0	0	0	0	0	0	0	0	0	0	0	0	0	3	0	3.0
hsa-miR-6822-5p	0	0	0	0	3	0	0	0	0	0	0	0	0	0	0	0	0	0	0	0	3.0
hsa-miR-3191-5p	3	0	0	0	0	0	0	0	0	0	0	0	0	0	0	0	0	0	0	0	3.0
hsa-miR-6758-5p	0	0	0	0	3	0	0	0	0	0	0	0	0	0	0	0	0	0	0	0	3.0
hsa-miR-7110-3p	0	0	0	0	0	3	0	0	0	0	0	0	0	0	0	0	0	0	0	0	3.0
hsa-miR-6838-5p	0	0	0	0	3	0	0	0	0	0	0	0	0	0	0	0	0	0	0	0	3.0
hsa-miR-6749-3p	0	0	0	0	0	0	0	0	0	0	0	3	0	0	0	0	0	0	0	0	3.0
hsa-miR-105-3p	0	0	0	0	0	0	0	0	0	0	0	0	0	0	0	0	3	0	0	0	3.0
hsa-miR-504-3p	0	0	0	0	0	0	0	0	0	0	0	3	0	0	0	0	0	0	0	0	3.0
hsa-miR-7844-5p	0	0	0	0	0	0	0	0	0	0	0	0	0	3	0	0	0	0	0	0	3.0
hsa-miR-1913	0	0	0	0	3	0	0	0	0	0	0	0	0	0	0	0	0	0	0	0	3.0
hsa-miR-20b-3p	0	0	0	0	0	0	0	0	0	0	0	0	0	0	0	0	0	0	3	0	3.0
hsa-miR-632	0	0	0	0	0	0	0	0	0	0	0	0	0	0	0	0	3	0	0	0	3.0
hsa-miR-101-2-5p	0	0	0	0	0	3	0	0	0	0	0	0	0	0	0	0	0	0	0	0	3.0
hsa-miR-3171	0	0	0	0	0	0	0	0	0	0	0	0	0	0	0	0	0	0	3	0	3.0
hsa-miR-4747-5p	0	0	0	0	0	0	0	0	0	3	0	0	0	0	0	0	0	0	0	0	3.0
hsa-miR-6826-5p	0	0	0	0	0	0	0	0	0	0	0	3	0	0	0	0	0	0	0	0	3.0
hsa-miR-892b	0	0	0	0	3	0	0	0	0	0	0	0	0	0	0	0	0	0	0	0	3.0
hsa-miR-6728-5p	0	0	0	0	0	0	0	0	0	0	0	0	0	3	0	0	0	0	0	0	3.0
hsa-miR-188-3p	0	0	0	0	3	0	0	0	0	0	0	0	0	0	0	0	0	0	0	0	3.0
hsa-miR-4691-3p	0	0	0	0	0	3	0	0	0	0	0	0	0	0	0	0	0	0	0	0	3.0
hsa-miR-7114-5p	0	0	0	0	3	0	0	0	0	0	0	0	0	0	0	0	0	0	0	0	3.0
hsa-miR-4525	0	0	0	0	0	0	0	0	0	0	0	0	0	0	0	0	0	0	3	0	3.0
hsa-miR-1257	0	0	0	0	0	0	0	0	0	0	0	0	0	0	0	0	0	0	3	0	3.0
hsa-miR-3140-5p	0	0	0	0	3	0	0	0	0	0	0	0	0	0	0	0	0	0	0	0	3.0
hsa-miR-376b-3p	0	0	0	0	0	3	0	0	0	0	0	0	0	0	0	0	0	0	0	0	3.0
hsa-miR-6792-5p	0	0	0	0	0	0	0	0	0	0	0	0	0	0	0	0	0	0	3	0	3.0
hsa-miR-6820-5p	0	0	0	0	3	0	0	0	0	0	0	0	0	0	0	0	0	0	0	0	3.0
hsa-miR-876-3p	0	0	0	0	0	0	0	3	0	0	0	0	0	0	0	0	0	0	0	0	3.0
hsa-miR-581	0	0	0	0	0	0	0	0	0	0	0	0	0	0	0	0	0	0	3	0	3.0
hsa-miR-203b-5p	0	0	0	0	3	0	0	0	0	0	0	0	0	0	0	0	0	0	0	0	3.0
hsa-miR-4668-5p	0	0	0	0	3	0	0	0	0	0	0	0	0	0	0	0	0	0	0	0	3.0
hsa-miR-1911-5p	0	0	0	0	0	3	0	0	0	0	0	0	0	0	0	0	0	0	0	0	3.0
hsa-miR-1236-3p	0	0	0	0	3	0	0	0	0	0	0	0	0	0	0	0	0	0	0	0	3.0
hsa-miR-6836-3p	0	0	0	0	3	0	0	0	0	0	0	0	0	0	0	0	0	0	0	0	3.0
hsa-miR-6894-3p	0	0	0	0	3	0	0	0	0	0	0	0	0	0	0	0	0	0	0	0	3.0
hsa-miR-4451	0	0	0	0	0	0	0	0	0	0	0	0	0	0	0	0	3	0	0	0	3.0
hsa-miR-7703	0	0	0	0	0	0	0	0	0	0	0	0	0	0	0	0	0	0	3	0	3.0
hsa-miR-4440	0	0	3	0	0	0	0	0	0	0	0	0	0	0	0	0	0	0	0	0	3.0
hsa-miR-6885-3p	0	0	0	0	0	0	0	0	0	0	0	0	0	0	0	0	0	0	3	0	3.0
hsa-miR-4437	0	0	0	0	0	0	0	0	0	0	0	3	0	0	0	0	0	0	0	0	3.0
hsa-miR-3942-3p	0	0	0	0	3	0	0	0	0	0	0	0	0	0	0	0	0	0	0	0	3.0
hsa-miR-6824-5p	0	0	0	0	0	0	0	0	0	0	0	0	0	0	0	0	0	0	3	0	3.0
hsa-miR-6876-3p	0	0	0	0	0	0	0	0	0	3	0	0	0	0	0	0	0	0	0	0	3.0
hsa-miR-6735-3p	0	0	0	0	0	3	0	0	0	0	0	0	0	0	0	0	0	0	0	0	3.0
hsa-miR-3660	0	0	0	0	0	0	0	0	0	0	0	0	0	0	0	0	0	0	3	0	3.0
hsa-miR-3184-5p	0	0	0	0	0	0	0	0	0	0	0	0	0	0	0	0	0	0	3	0	3.0
hsa-miR-6793-3p	0	0	0	0	3	0	0	0	0	0	0	0	0	0	0	0	0	0	0	0	3.0
hsa-miR-4742-5p	0	0	0	0	0	3	0	0	0	0	0	0	0	0	0	0	0	0	0	0	3.0
hsa-miR-6775-5p	0	0	0	0	0	0	0	0	0	0	0	0	0	3	0	0	0	0	0	0	3.0
hsa-miR-4742-3p	0	0	0	0	3	0	0	0	0	0	0	0	0	0	0	0	0	0	0	0	3.0
hsa-miR-4429	0	0	0	0	0	0	0	0	0	0	0	0	2	0	0	0	0	0	0	0	2.25
hsa-miR-6766-3p	0	0	0	0	0	0	0	0	0	2	0	0	0	0	0	0	0	0	0	0	2.0
hsa-miR-7846-3p	0	0	0	0	2	0	0	0	0	0	0	0	0	0	0	0	0	0	0	0	2.0
hsa-miR-5194	0	0	0	0	0	0	0	0	0	0	0	2	0	0	0	0	0	0	0	0	2.0
hsa-miR-3155a	0	0	0	0	0	0	0	0	0	0	0	0	0	0	0	0	0	0	2	0	2.0
hsa-miR-6748-5p	0	0	0	0	0	0	0	2	0	0	0	0	0	0	0	0	0	0	0	0	2.0
hsa-miR-512-5p	0	0	0	0	0	0	0	0	0	0	0	2	0	0	0	0	0	0	0	0	2.0
hsa-miR-6828-5p	0	0	0	0	0	2	0	0	0	0	0	0	0	0	0	0	0	0	0	0	2.0
hsa-miR-12133	0	0	0	0	2	0	0	0	0	0	0	0	0	0	0	0	0	0	0	0	2.0
hsa-miR-377-3p	0	0	0	0	0	2	0	0	0	0	0	0	0	0	0	0	0	0	0	0	2.0
hsa-miR-3120-3p	0	0	0	0	0	0	0	2	0	0	0	0	0	0	0	0	0	0	0	0	2.0
hsa-miR-10525-3p	0	0	0	0	0	0	0	0	0	0	0	0	0	0	0	0	2	0	0	0	2.0
hsa-miR-12121	0	0	0	0	0	0	0	0	0	0	0	0	0	0	0	0	2	0	0	0	2.0
hsa-miR-5196-3p	0	0	0	0	2	0	0	0	0	0	0	0	0	0	0	0	0	0	0	0	2.0
hsa-miR-9851-3p	0	0	0	0	0	0	0	1	0	0	0	1	0	0	0	0	0	0	0	0	2.0
hsa-miR-548p	0	0	0	0	2	0	0	0	0	0	0	0	0	0	0	0	0	0	0	0	2.0
hsa-miR-450b-3p	0	0	0	0	2	0	0	0	0	0	0	0	0	0	0	0	0	0	0	0	2.0
hsa-miR-12114	0	0	0	0	0	0	0	2	0	0	0	0	0	0	0	0	0	0	0	0	2.0
hsa-miR-6509-3p	0	0	0	0	2	0	0	0	0	0	0	0	0	0	0	0	0	0	0	0	2.0
hsa-miR-4684-5p	0	0	0	0	2	0	0	0	0	0	0	0	0	0	0	0	0	0	0	0	2.0
hsa-miR-1252-3p	0	0	0	0	0	0	0	2	0	0	0	0	0	0	0	0	0	0	0	0	2.0
hsa-miR-3136-5p	0	0	0	0	0	0	0	0	0	0	0	2	0	0	0	0	0	0	0	0	2.0
hsa-miR-103a-1-5p	0	0	0	0	0	2	0	0	0	0	0	0	0	0	0	0	0	0	0	0	2.0
hsa-miR-4659a-5p	0	0	0	0	0	2	0	0	0	0	0	0	0	0	0	0	0	0	0	0	2.0
hsa-miR-101-5p	0	0	0	0	0	0	0	0	0	0	0	0	0	0	0	0	0	0	0	2	2.0
hsa-miR-153-3p	0	0	0	0	2	0	0	0	0	0	0	0	0	0	0	0	0	0	0	0	2.0
hsa-miR-6779-5p	0	0	0	2	0	0	0	0	0	0	0	0	0	0	0	0	0	0	0	0	2.0
hsa-miR-6506-5p	0	0	0	0	0	0	2	0	0	0	0	0	0	0	0	0	0	0	0	0	2.0
hsa-miR-4690-5p	0	0	0	0	0	0	0	0	0	0	0	0	0	0	0	0	2	0	0	0	2.0
hsa-miR-133a-5p	0	0	0	0	2	0	0	0	0	0	0	0	0	0	0	0	0	0	0	0	2.0
hsa-miR-4320	0	0	0	0	0	0	0	0	0	0	0	0	2	0	0	0	0	0	0	0	2.0
hsa-miR-6727-5p	2	0	0	0	0	0	0	0	0	0	0	0	0	0	0	0	0	0	0	0	2.0
hsa-miR-3194-5p	0	0	0	0	2	0	0	0	0	0	0	0	0	0	0	0	0	0	0	0	2.0
hsa-miR-4746-3p	0	0	0	2	0	0	0	0	0	0	0	0	0	0	0	0	0	0	0	0	2.0
hsa-miR-6844	0	0	0	0	2	0	0	0	0	0	0	0	0	0	0	0	0	0	0	0	2.0
hsa-miR-6727-3p	0	0	0	0	0	0	0	0	0	0	0	2	0	0	0	0	0	0	0	0	2.0
hsa-miR-6892-5p	0	0	0	0	0	0	0	0	0	0	0	0	2	0	0	0	0	0	0	0	2.0
hsa-miR-4656	0	0	0	0	0	0	0	2	0	0	0	0	0	0	0	0	0	0	0	0	2.0
hsa-miR-1292-3p	0	0	0	0	0	0	0	0	0	0	0	2	0	0	0	0	0	0	0	0	2.0
hsa-miR-3682-5p	0	0	0	0	2	0	0	0	0	0	0	0	0	0	0	0	0	0	0	0	2.0
hsa-miR-4648	0	0	0	0	0	0	0	2	0	0	0	0	0	0	0	0	0	0	0	0	2.0
hsa-miR-6751-5p	0	0	0	0	2	0	0	0	0	0	0	0	0	0	0	0	0	0	0	0	2.0
hsa-miR-4637	0	0	0	0	2	0	0	0	0	0	0	0	0	0	0	0	0	0	0	0	2.0
hsa-miR-380-5p	0	0	0	0	0	0	0	0	0	2	0	0	0	0	0	0	0	0	0	0	2.0
hsa-miR-519b-3p	0	0	0	0	2	0	0	0	0	0	0	0	0	0	0	0	0	0	0	0	2.0
hsa-miR-5703	0	0	0	0	0	0	0	0	0	0	0	2	0	0	0	0	0	0	0	0	2.0
hsa-miR-3124-5p	0	0	0	0	2	0	0	0	0	0	0	0	0	0	0	0	0	0	0	0	2.0
hsa-miR-6883-3p	0	0	0	0	0	0	0	0	0	0	0	2	0	0	0	0	0	0	0	0	2.0
hsa-miR-10393-3p	0	0	0	0	2	0	0	0	0	0	0	0	0	0	0	0	0	0	0	0	2.0
hsa-miR-605-5p	0	0	0	0	0	0	0	0	0	0	0	0	0	0	0	0	0	0	2	0	2.0
hsa-miR-8079	0	0	0	0	0	2	0	0	0	0	0	0	0	0	0	0	0	0	0	0	2.0
hsa-miR-4700-5p	0	0	0	0	0	0	0	0	0	2	0	0	0	0	0	0	0	0	0	0	2.0
hsa-miR-8072	0	0	0	0	0	0	0	0	0	0	0	0	0	0	0	0	0	0	2	0	2.0
hsa-miR-518c-3p	0	0	0	0	2	0	0	0	0	0	0	0	0	0	0	0	0	0	0	0	2.0
hsa-miR-3124-3p	0	0	0	0	0	0	0	0	0	0	0	0	0	0	0	0	2	0	0	0	2.0
hsa-miR-4786-5p	0	0	0	0	2	0	0	0	0	0	0	0	0	0	0	0	0	0	0	0	2.0
hsa-miR-605-3p	0	0	0	0	0	0	0	0	0	0	0	0	0	0	0	0	0	0	2	0	2.0
hsa-miR-4645-5p	0	0	0	0	2	0	0	0	0	0	0	0	0	0	0	0	0	0	0	0	2.0
hsa-miR-6776-3p	0	0	0	0	2	0	0	0	0	0	0	0	0	0	0	0	0	0	0	0	2.0
hsa-miR-6503-3p	0	0	0	0	2	0	0	0	0	0	0	0	0	0	0	0	0	0	0	0	2.0
hsa-miR-449c-3p	0	0	0	0	2	0	0	0	0	0	0	0	0	0	0	0	0	0	0	0	2.0
hsa-miR-3191-3p	0	0	0	0	0	0	0	0	0	0	0	0	0	0	0	0	0	0	2	0	2.0
hsa-miR-3922-3p	0	0	0	0	2	0	0	0	0	0	0	0	0	0	0	0	0	0	0	0	2.0
hsa-miR-642b-5p	0	0	0	0	2	0	0	0	0	0	0	0	0	0	0	0	0	0	0	0	2.0
hsa-miR-4725-5p	0	2	0	0	0	0	0	0	0	0	0	0	0	0	0	0	0	0	0	0	2.0
hsa-miR-6856-3p	0	0	0	0	2	0	0	0	0	0	0	0	0	0	0	0	0	0	0	0	2.0
hsa-miR-4768-5p	0	0	0	0	0	0	0	0	0	0	0	2	0	0	0	0	0	0	0	0	2.0
hsa-miR-551b-5p	0	0	0	0	0	2	0	0	0	0	0	0	0	0	0	0	0	0	0	0	2.0
hsa-miR-6758-3p	0	0	0	0	2	0	0	0	0	0	0	0	0	0	0	0	0	0	0	0	2.0
hsa-miR-6749-5p	0	0	0	0	2	0	0	0	0	0	0	0	0	0	0	0	0	0	0	0	2.0
hsa-miR-6847-3p	0	0	0	0	2	0	0	0	0	0	0	0	0	0	0	0	0	0	0	0	2.0
hsa-miR-6871-5p	0	0	0	0	2	0	0	0	0	0	0	0	0	0	0	0	0	0	0	0	2.0
hsa-miR-4716-3p	0	0	0	0	0	0	0	0	0	0	0	0	0	0	0	0	0	0	2	0	2.0
hsa-miR-6773-3p	0	0	0	0	2	0	0	0	0	0	0	0	0	0	0	0	0	0	0	0	2.0
hsa-miR-6810-5p	0	0	0	0	2	0	0	0	0	0	0	0	0	0	0	0	0	0	0	0	2.0
hsa-miR-6131	0	0	0	0	0	0	0	0	0	2	0	0	0	0	0	0	0	0	0	0	2.0
hsa-miR-4783-3p	0	0	0	0	0	0	0	0	0	0	0	0	0	0	0	0	0	0	2	0	2.0
hsa-miR-6500-3p	0	0	0	0	0	0	2	0	0	0	0	0	0	0	0	0	0	0	0	0	2.0
hsa-miR-5587-5p	0	0	0	0	0	0	0	2	0	0	0	0	0	0	0	0	0	0	0	0	2.0
hsa-miR-6125	0	0	0	0	2	0	0	0	0	0	0	0	0	0	0	0	0	0	0	0	2.0
hsa-miR-5004-3p	0	0	0	0	0	0	0	2	0	0	0	0	0	0	0	0	0	0	0	0	2.0
hsa-miR-4676-5p	0	0	0	0	0	0	0	0	0	0	0	0	0	0	0	0	0	0	2	0	2.0
hsa-miR-6798-5p	0	0	0	0	0	0	0	0	0	0	0	0	0	0	0	0	0	0	2	0	2.0
hsa-miR-3677-5p	0	0	0	0	0	0	0	0	0	0	0	0	0	0	0	0	0	0	2	0	2.0
hsa-miR-4667-5p	0	0	0	0	0	0	0	0	0	0	0	2	0	0	0	0	0	0	0	0	2.0
hsa-miR-6835-5p	0	0	0	0	0	0	0	0	0	0	2	0	0	0	0	0	0	0	0	0	2.0
hsa-miR-609	0	0	0	0	0	0	0	2	0	0	0	0	0	0	0	0	0	0	0	0	2.0
hsa-miR-607	0	0	0	0	0	0	0	0	0	0	0	2	0	0	0	0	0	0	0	0	2.0
hsa-miR-603	0	0	0	0	2	0	0	0	0	0	0	0	0	0	0	0	0	0	0	0	2.0
hsa-miR-4713-3p	0	0	0	0	2	0	0	0	0	0	0	0	0	0	0	0	0	0	0	0	2.0
hsa-miR-3167	0	0	0	0	0	0	0	2	0	0	0	0	0	0	0	0	0	0	0	0	2.0
hsa-miR-5695	0	0	0	0	2	0	0	0	0	0	0	0	0	0	0	0	0	0	0	0	2.0
hsa-miR-6507-5p	0	0	0	0	2	0	0	0	0	0	0	0	0	0	0	0	0	0	0	0	2.0
hsa-miR-3159	0	0	0	0	2	0	0	0	0	0	0	0	0	0	0	0	0	0	0	0	2.0
hsa-miR-5683	0	0	0	0	0	0	0	0	0	0	2	0	0	0	0	0	0	0	0	0	2.0
hsa-miR-933	0	0	0	0	0	0	0	0	0	2	0	0	0	0	0	0	0	0	0	0	2.0
ebv-miR-BART19-3p	0	0	0	0	2	0	0	0	0	0	0	0	0	0	0	0	0	0	0	0	2.0
hsa-miR-498-3p	0	0	0	0	0	0	0	0	0	0	0	2	0	0	0	0	0	0	0	0	2.0
hsa-miR-6893-5p	0	0	0	0	0	0	0	0	0	0	0	0	2	0	0	0	0	0	0	0	2.0
hsa-miR-6752-5p	0	0	0	2	0	0	0	0	0	0	0	0	0	0	0	0	0	0	0	0	2.0
hsa-miR-196a-1-3p	0	0	0	0	0	0	0	0	0	0	0	0	0	0	0	0	0	0	2	0	2.0
hsa-miR-4762-5p	0	0	0	0	0	0	0	0	0	0	0	0	2	0	0	0	0	0	0	0	2.0
hsa-miR-6795-5p	0	0	0	0	0	0	0	0	0	0	0	0	0	0	0	0	0	0	2	0	2.0
hsa-miR-1290	2	0	0	0	0	0	0	0	0	0	0	0	0	0	0	0	0	0	0	0	2.0
hsa-miR-6884-5p	0	0	0	0	0	0	0	0	0	0	0	0	0	0	0	0	0	0	2	0	2.0
hsa-miR-520f-3p	0	0	0	0	2	0	0	0	0	0	0	0	0	0	0	0	0	0	0	0	2.0
hsa-miR-7114-3p	0	0	0	0	0	2	0	0	0	0	0	0	0	0	0	0	0	0	0	0	2.0
hsa-miR-6743-5p	0	0	0	0	0	2	0	0	0	0	0	0	0	0	0	0	0	0	0	0	2.0
hsa-miR-378i	0	0	0	0	0	2	0	0	0	0	0	0	0	0	0	0	0	0	0	0	2.0
hsa-miR-4796-5p	0	0	0	0	0	0	0	0	0	0	0	0	0	0	0	0	2	0	0	0	2.0
hsa-miR-6513-5p	0	0	0	0	0	0	0	2	0	0	0	0	0	0	0	0	0	0	0	0	2.0
hsa-miR-548as-5p	0	0	0	0	0	0	0	2	0	0	0	0	0	0	0	0	0	0	0	0	2.0
hsa-miR-4477b	0	0	0	0	0	0	0	0	0	0	0	0	0	0	0	0	0	0	2	0	2.0
hsa-miR-4512	0	0	0	0	0	0	0	0	0	0	0	2	0	0	0	0	0	0	0	0	2.0
hsa-miR-6832-3p	0	0	0	0	0	0	0	0	0	2	0	0	0	0	0	0	0	0	0	0	2.0
hsa-miR-4506	0	0	0	0	0	0	0	0	0	0	0	2	0	0	0	0	0	0	0	0	2.0
hsa-miR-6814-3p	0	0	0	0	0	0	0	2	0	0	0	0	0	0	0	0	0	0	0	0	2.0
hsv1-miR-H2-5p	0	0	0	0	0	2	0	0	0	0	0	0	0	0	0	0	0	0	0	0	2.0
hsa-miR-4999-3p	0	0	0	0	2	0	0	0	0	0	0	0	0	0	0	0	0	0	0	0	2.0
hsa-miR-885-5p	0	0	0	0	0	0	2	0	0	0	0	0	0	0	0	0	0	0	0	0	2.0
hsa-miR-885-3p	0	0	0	0	0	0	0	2	0	0	0	0	0	0	0	0	0	0	0	0	2.0
hsa-miR-876-5p	0	0	0	0	2	0	0	0	0	0	0	0	0	0	0	0	0	0	0	0	2.0
hsa-miR-6510-5p	0	0	0	0	2	0	0	0	0	0	0	0	0	0	0	0	0	0	0	0	2.0
hsa-miR-4474-3p	0	0	0	0	0	0	0	0	0	0	0	2	0	0	0	0	0	0	0	0	2.0
hsa-miR-549a-3p	0	0	0	0	2	0	0	0	0	0	0	0	0	0	0	0	0	0	0	0	2.0
hsa-miR-1343-5p	0	0	0	0	0	2	0	0	0	0	0	0	0	0	0	0	0	0	0	0	2.0
hsa-miR-6769a-5p	0	0	0	0	2	0	0	0	0	0	0	0	0	0	0	0	0	0	0	0	2.0
hsa-miR-6501-3p	0	0	0	0	2	0	0	0	0	0	0	0	0	0	0	0	0	0	0	0	2.0
hsa-miR-96-3p	0	0	0	0	2	0	0	0	0	0	0	0	0	0	0	0	0	0	0	0	2.0
hsa-miR-6799-5p	2	0	0	0	0	0	0	0	0	0	0	0	0	0	0	0	0	0	0	0	2.0
hsa-miR-4723-3p	0	0	0	0	0	0	0	0	0	0	0	0	0	0	0	0	0	0	2	0	2.0
hsa-miR-4714-5p	0	0	0	0	2	0	0	0	0	0	0	0	0	0	0	0	0	0	0	0	2.0
hsa-miR-4536-3p	0	0	0	0	2	0	0	0	0	0	0	0	0	0	0	0	0	0	0	0	2.0
hsa-miR-6738-5p	0	0	0	0	0	0	0	0	0	0	0	2	0	0	0	0	0	0	0	0	2.0
hsa-miR-6738-3p	0	0	0	0	2	0	0	0	0	0	0	0	0	0	0	0	0	0	0	0	2.0
hsa-miR-6827-3p	0	0	0	0	0	0	0	0	0	2	0	0	0	0	0	0	0	0	0	0	2.0
Hsa-Mir-9851_3p	0	0	0	0	0	0	0	1	0	0	0	1	0	0	0	0	0	0	0	0	2.0
hsa-miR-3617-3p	0	0	0	0	2	0	0	0	0	0	0	0	0	0	0	0	0	0	0	0	2.0
hsa-miR-3064-3p	0	0	0	0	0	2	0	0	0	0	0	0	0	0	0	0	0	0	0	0	2.0
hsa-miR-6762-5p	0	0	0	0	0	0	0	0	0	0	0	0	0	0	0	0	0	0	2	0	2.0
hsa-miR-3144-5p	0	0	0	0	0	0	0	0	0	0	0	0	0	0	0	0	2	0	0	0	2.0
hsa-miR-10396b-3p	0	0	0	0	0	0	0	0	0	0	2	0	0	0	0	0	0	0	0	0	2.0
hsa-miR-892c-3p	0	0	0	0	2	0	0	0	0	0	0	0	0	0	0	0	0	0	0	0	2.0
hsa-miR-34a-3p	0	0	0	0	2	0	0	0	0	0	0	0	0	0	0	0	0	0	0	0	2.0
hsa-miR-663a	0	0	0	0	2	0	0	0	0	0	0	0	0	0	0	0	0	0	0	0	2.0
hsa-miR-5088-3p	0	0	0	0	2	0	0	0	0	0	0	0	0	0	0	0	0	0	0	0	2.0
hsa-miR-2276-5p	0	0	0	0	2	0	0	0	0	0	0	0	0	0	0	0	0	0	0	0	2.0
hsa-miR-4463	0	0	0	0	0	0	0	0	0	0	0	0	0	0	0	2	0	0	0	0	2.0
hsa-miR-4450	0	0	0	0	0	0	0	2	0	0	0	0	0	0	0	0	0	0	0	0	2.0
hsa-miR-4447	0	0	0	0	0	0	0	0	0	0	0	0	0	0	0	0	0	0	2	0	2.0
hsa-miR-6876-5p	0	0	0	0	0	0	0	0	0	0	0	0	2	0	0	0	0	0	0	0	2.0
hsa-miR-4794	0	0	0	0	0	0	0	0	0	0	0	0	0	0	0	0	0	0	2	0	2.0
hsa-miR-4431	0	0	0	0	0	0	0	0	0	2	0	0	0	0	0	0	0	0	0	0	2.0
hsa-miR-4430	0	0	0	0	0	0	0	0	0	0	0	0	0	0	0	0	0	0	2	0	2.0
hsa-miR-4428	0	0	0	0	2	0	0	0	0	0	0	0	0	0	0	0	0	0	0	0	2.0
hsa-miR-4426	0	0	0	0	0	0	0	0	0	0	0	0	0	0	0	0	2	0	0	0	2.0
hsa-miR-6833-3p	0	0	0	0	2	0	0	0	0	0	0	0	0	0	0	0	0	0	0	0	2.0
hsa-miR-4421	0	0	0	0	0	0	0	0	0	0	0	0	0	0	0	0	0	0	2	0	2.0
hsa-miR-6514-3p	0	0	0	0	2	0	0	0	0	0	0	0	0	0	0	0	0	0	0	0	2.0
hsa-miR-6867-5p	0	0	0	0	0	0	0	0	0	0	2	0	0	0	0	0	0	0	0	0	2.0
hsa-miR-5699-3p	0	0	0	0	0	0	0	0	0	0	0	0	0	0	0	0	0	0	0	2	2.0
hsa-miR-3685	0	0	0	0	0	0	0	0	0	0	0	2	0	0	0	0	0	0	0	0	2.0
hsa-miR-6505-3p	0	0	0	0	2	0	0	0	0	0	0	0	0	0	0	0	0	0	0	0	2.0
hsa-miR-6726-3p	0	0	0	0	2	0	0	0	0	0	0	0	0	0	0	0	0	0	0	0	2.0
hsa-miR-3659	0	0	0	0	2	0	0	0	0	0	0	0	0	0	0	0	0	0	0	0	2.0
hsa-miR-3655	0	0	0	0	0	0	0	0	0	0	0	0	0	0	2	0	0	0	0	0	2.0
hsa-miR-520d-5p	0	0	0	0	0	0	0	2	0	0	0	0	0	0	0	0	0	0	0	0	2.0
hsa-miR-6858-3p	0	0	0	0	2	0	0	0	0	0	0	0	0	0	0	0	0	0	0	0	2.0
hsa-miR-4680-3p	0	0	0	0	2	0	0	0	0	0	0	0	0	0	0	0	0	0	0	0	2.0
hsa-miR-7112-5p	0	0	0	0	2	0	0	0	0	0	0	0	0	0	0	0	0	0	0	0	2.0
hsa-miR-6891-3p	0	0	0	0	0	2	0	0	0	0	0	0	0	0	0	0	0	0	0	0	2.0
hsa-miR-6882-5p	0	0	0	0	0	0	0	0	0	2	0	0	0	0	0	0	0	0	0	0	2.0
hsa-miR-520d-3p	0	0	0	0	2	0	0	0	0	0	0	0	0	0	0	0	0	0	0	0	2.0
hsa-miR-4671-3p	0	0	0	0	2	0	0	0	0	0	0	0	0	0	0	0	0	0	0	0	2.0
hsa-miR-6873-5p	0	0	0	0	2	0	0	0	0	0	0	0	0	0	0	0	0	0	0	0	2.0
hsa-miR-1915-3p	0	0	0	0	0	0	0	0	0	0	0	0	0	0	0	0	0	0	0	2	2.0
hsa-miR-449b-5p	2	0	0	0	0	0	0	0	0	0	0	0	0	0	0	0	0	0	0	0	2.0
hsa-miR-2114-5p	0	0	0	0	2	0	0	0	0	0	0	0	0	0	0	0	0	0	0	0	2.0
hsa-miR-492	0	0	0	0	0	2	0	0	0	0	0	0	0	0	0	0	0	0	0	0	2.0
hsa-miR-106a-3p	0	0	0	0	0	0	0	0	0	0	0	0	2	0	0	0	0	0	0	0	2.0
hsa-miR-6821-3p	0	0	0	0	0	0	0	0	0	0	0	0	0	0	0	0	0	0	2	0	2.0
hsa-miR-517c-3p	0	0	0	0	2	0	0	0	0	0	0	0	0	0	0	0	0	0	0	0	2.0
hsa-miR-526a-5p	0	0	0	0	1	0	0	0	0	0	0	0	0	0	0	0	0	0	0	0	1.2
hsa-miR-211-5p	0	0	0	0	0	1	0	0	0	0	0	0	0	0	0	0	0	0	0	0	1.0
hsa-miR-10396a-3p	0	0	0	0	0	0	0	0	0	0	1	0	0	0	0	0	0	0	0	0	1.0
hsa-miR-519b-5p	0	0	0	0	1	0	0	0	0	0	0	0	0	0	0	0	0	0	0	0	0.67
hsa-miR-133b	0	0	0	0	0	0	0	0	0	0	0	0	1	0	0	0	0	0	0	0	0.67
hsa-miR-522-5p	0	0	0	0	1	0	0	0	0	0	0	0	0	0	0	0	0	0	0	0	0.67
hsa-miR-519c-5p	0	0	0	0	1	0	0	0	0	0	0	0	0	0	0	0	0	0	0	0	0.67
hsa-miR-523-5p	0	0	0	0	1	0	0	0	0	0	0	0	0	0	0	0	0	0	0	0	0.67
hsa-miR-518e-5p	0	0	0	0	1	0	0	0	0	0	0	0	0	0	0	0	0	0	0	0	0.67
hsa-miR-518f-5p	0	0	0	0	1	0	0	0	0	0	0	0	0	0	0	0	0	0	0	0	0.6
hsa-miR-518d-5p	0	0	0	0	1	0	0	0	0	0	0	0	0	0	0	0	0	0	0	0	0.6
hsa-miR-520c-5p	0	0	0	0	1	0	0	0	0	0	0	0	0	0	0	0	0	0	0	0	0.6
	sumhsa-miR-3936	0	0	0	0	2	0	0	0	2	0	0	0	0	0	0	0	2	0	2	0	8.0
