name	SRX1704767	SRX1704760	SRX1704761	SRX1704762	SRX1704763	SRX1704764	SRX1704765	SRX1704748	SRX1704749	SRX1704746	SRX1704747	SRX1704744	SRX1704745	SRX1704742	SRX1704743	SRX1704740	SRX1704741	SRX1704766	SRX1704775	SRX1704773	SRX1704772	SRX1704739	SRX1704774	SRX1704759	SRX1704758	SRX1704771	SRX1704770	SRX1704755	SRX1704754	SRX1704757	SRX1704756	SRX1704751	SRX1704750	SRX1704753	SRX1704752	SRX1704768	SRX1704769
hsa-miR-486-5p	664227.6422764228	418918.91891891893	588059.7014925373	491610.7382550335	451061.1992581908	445883.134130146	582799.3254637436	607427.0557029177	611888.1118881119	682389.9371069183	778409.0909090909	500000.0	612820.5128205129	689320.3883495146	609625.6684491979	723880.5970149254	941095.890410959	615384.6153846154	525387.8702397743	789610.3896103896	446866.485013624	788359.7883597882	931818.1818181819	762820.5128205128	581947.7434679335	438217.4206617151	374176.54808959155	942598.1873111782	920000.0	661971.8309859155	931216.9312169312	938053.0973451328	734265.7342657342	927801.7241379311	928955.8665231431	701492.5373134328	460243.21796071087	2.480060659497338E7
hsa-miR-92a-3p	7317.073170731707	33783.78378378379	22388.059701492537	20693.51230425056	84483.82443849166	141544.93138556884	31871.838111298483	100795.75596816976	111888.11188811189	66037.73584905661	79545.45454545454	104395.60439560439	102564.10256410256	38834.95145631068	77540.10695187165	82089.55223880596	12328.767123287671	6688.963210702341	42313.11706629055	96103.89610389611	13623.978201634878	52910.05291005291	34090.90909090909	25641.02564102564	49881.2351543943	10803.511141120865	15810.276679841896	33232.62839879154	65000.0	0.0	60846.560846560846	0.0	76923.07692307692	53879.31034482759	62970.93649085038	0.0	14031.80542563143	1832854.4495060008
hsa-miR-423-5p	13821.138211382115	27027.027027027027	2985.0746268656717	3914.988814317673	153719.3488563775	124280.65515714917	222259.69645868463	18567.639257294428	13986.013986013986	9433.962264150943	14204.545454545454	269230.76923076925	23076.923076923078	58252.42718446602	18716.57754010695	0.0	4109.589041095891	23411.371237458192	39492.242595204516	31168.83116883117	0.0	21164.021164021164	22727.272727272728	76923.07692307692	187648.45605700713	0.0	0.0	0.0	0.0	126760.56338028169	0.0	0.0	0.0	3771.551724137931	0.0	14925.373134328358	0.0	1525579.1362987896
hsa-miR-181a-5p	44715.44715447155	101351.35135135136	70149.25373134328	82774.04921700223	25757.26354832063	17374.944665781317	11298.48229342327	29177.718832891245	10489.510489510489	0.0	5681.818181818182	0.0	17948.71794871795	9708.73786407767	8021.390374331551	44776.119402985074	12328.767123287671	53511.70568561873	29619.181946403387	0.0	130790.19073569484	31746.031746031746	0.0	19230.76923076923	23752.969121140144	120864.28089128967	137022.3978919631	0.0	0.0	84507.04225352113	0.0	0.0	0.0	1077.5862068965516	1076.4262648008612	52238.80597014925	107577.17492984097	1284568.135053433
hsa-miR-127-3p	32520.325203252032	101351.35135135136	70149.25373134328	67114.09395973154	16072.532454152071	4316.069057104914	2529.510961214165	0.0	0.0	0.0	0.0	0.0	0.0	0.0	0.0	29850.746268656716	12328.767123287671	43478.260869565216	20451.339915373766	5194.805194805195	59945.50408719346	31746.031746031746	0.0	19230.76923076923	40380.047505938244	70898.04186360567	77733.860342556	0.0	15000.0	98591.54929577465	0.0	0.0	0.0	0.0	0.0	59701.49253731343	68288.11973807296	946872.4724370934
hsa-miR-26a-5p	6504.065040650406	27027.027027027027	23880.597014925374	20134.228187919463	8860.498660622296	8410.801239486498	4384.485666104553	50397.87798408488	45454.545454545456	40880.50314465409	22727.272727272728	32967.03296703297	43589.74358974359	33980.58252427185	53475.93582887701	0.0	5479.452054794521	10033.444816053512	6346.967559943582	0.0	16348.773841961854	10582.010582010582	0.0	12820.51282051282	21377.67220902613	26333.55840648211	27667.98418972332	0.0	0.0	0.0	0.0	0.0	48951.04895104895	0.0	0.0	29850.746268656716	29934.51824134705	668401.8869987793
hsa-miR-191-5p	16666.666666666668	20270.27027027027	16417.910447761195	5033.557046979866	4533.2783845044305	14054.891544931384	9612.141652613827	31830.238726790452	27972.027972027972	34591.194968553464	28409.090909090908	10989.010989010989	51282.05128205128	29126.21359223301	42780.74866310161	14925.373134328358	6849.315068493151	13377.926421404682	47249.64739069111	18181.818181818184	24523.16076294278	31746.031746031746	0.0	32051.28205128205	14251.781472684086	14854.82781904119	17127.799736495388	9063.444108761329	0.0	0.0	7936.507936507936	0.0	0.0	6465.517241379311	2691.0656620021527	37313.432835820895	13096.351730589335	655274.5764168611
hsa-miR-30a-5p	13821.138211382115	54054.05405405405	26865.671641791043	29642.058165548096	5357.51081805069	2766.710934041611	505.902192242833	13262.59946949602	10489.510489510489	25157.23270440252	17045.454545454544	10989.010989010989	20512.82051282051	43689.320388349515	21390.374331550804	37313.432835820895	0.0	13377.926421404682	14809.590973201693	0.0	49046.32152588556	10582.010582010582	0.0	0.0	4750.593824228029	24983.119513842	23715.415019762844	0.0	0.0	0.0	0.0	0.0	20979.020979020977	0.0	0.0	14925.373134328358	23386.342376052384	533418.5166332638
hsa-miR-10b-5p	43495.93495934959	40540.54054054054	0.0	1677.8523489932886	17927.055429631157	30101.81496237273	15345.699831365935	7957.559681697613	0.0	6289.30817610063	0.0	0.0	12820.51282051282	0.0	10695.187165775402	0.0	0.0	26755.852842809363	122002.82087447109	25974.025974025975	8174.386920980927	10582.010582010582	0.0	0.0	11876.484560570072	6076.975016880487	35573.122529644264	0.0	0.0	0.0	0.0	26548.672566371682	0.0	0.0	0.0	0.0	1870.9073900841906	462286.7251741883
hsa-miR-22-3p	9349.59349593496	27027.027027027027	17910.44776119403	13982.102908277404	54811.4568308263	43271.3590084108	40472.17537942664	5305.039787798409	0.0	6289.30817610063	0.0	10989.010989010989	7692.307692307692	0.0	0.0	14925.373134328358	0.0	6688.963210702341	15514.809590973202	7792.207792207792	35422.34332425069	0.0	0.0	0.0	21377.67220902613	18906.144496961515	21080.368906455864	0.0	0.0	0.0	0.0	0.0	13986.013986013986	0.0	0.0	0.0	19644.527595884003	412438.25330311875
hsa-miR-10a-5p	9756.09756097561	0.0	0.0	1118.5682326621923	6181.74325159695	8189.464364763169	2698.1450252951095	37135.278514588856	62937.06293706293	22012.578616352203	11363.636363636364	21978.021978021978	25641.02564102564	38834.95145631068	53475.93582887701	0.0	0.0	0.0	21156.558533145275	0.0	0.0	0.0	0.0	0.0	0.0	0.0	13175.230566534914	0.0	0.0	0.0	0.0	0.0	62937.06293706293	0.0	0.0	0.0	0.0	398591.36180791183
hsa-let-7f-5p	10975.609756097561	33783.78378378379	20895.5223880597	17897.091722595076	14011.951370286422	11509.517485613102	8937.60539629005	7957.559681697613	0.0	15723.270440251574	0.0	27472.527472527472	7692.307692307692	9708.73786407767	5347.593582887701	0.0	0.0	16722.408026755853	9167.842031029619	5194.805194805195	19073.56948228883	0.0	0.0	0.0	4750.593824228029	23632.680621201893	22397.891963109352	0.0	0.0	0.0	0.0	17699.11504424779	0.0	0.0	0.0	14925.373134328358	18709.073900841908	344186.43185931223
hsa-miR-182-5p	9349.59349593496	13513.513513513513	23880.597014925374	20693.51230425056	3090.871625798475	1660.0265604249666	843.1703204047217	0.0	0.0	0.0	0.0	0.0	0.0	0.0	0.0	0.0	0.0	26755.852842809363	7757.404795486601	0.0	35422.34332425069	0.0	0.0	0.0	0.0	43214.04456448346	27667.98418972332	0.0	0.0	0.0	0.0	0.0	0.0	0.0	0.0	14925.373134328358	32740.879326473336	261515.16701280768
hsa-miR-143-3p	8943.08943089431	13513.513513513513	10447.76119402985	11744.96644295302	4739.336492890996	1217.352810978309	337.2681281618887	21220.159151193635	20979.020979020977	6289.30817610063	14204.545454545454	0.0	0.0	0.0	5347.593582887701	0.0	2739.7260273972606	20066.889632107024	5641.748942172073	0.0	24523.16076294278	0.0	0.0	19230.76923076923	0.0	18906.144496961515	15810.276679841896	0.0	0.0	0.0	0.0	0.0	0.0	0.0	0.0	0.0	8419.083255378859	234321.7143847409
hsa-miR-9-5p	7723.577235772357	20270.27027027027	19402.985074626868	26845.637583892614	3296.929734185041	221.33687472332886	843.1703204047216	0.0	0.0	0.0	0.0	0.0	0.0	0.0	0.0	0.0	0.0	23411.37123745819	3526.093088857546	0.0	16348.773841961853	0.0	0.0	0.0	16627.0783847981	22282.241728561785	13175.230566534912	0.0	0.0	0.0	0.0	0.0	0.0	0.0	0.0	14925.373134328358	28063.610851262856	216963.6799276388
hsa-miR-27b-3p	8943.08943089431	13513.513513513513	7462.686567164179	16592.095451155852	5426.196854179546	4814.077025232404	674.5362563237774	13262.59946949602	10489.510489510489	6289.30817610063	0.0	0.0	20512.82051282051	0.0	0.0	0.0	0.0	6688.963210702341	6346.967559943582	0.0	13623.978201634878	0.0	0.0	0.0	11876.484560570072	18230.92505064146	22397.891963109352	0.0	0.0	0.0	0.0	0.0	0.0	0.0	0.0	0.0	15902.71281571562	203048.35710870853
hsa-let-7a-5p	7317.073170731707	13513.513513513513	7462.686567164179	6040.2684563758385	7418.091901916341	4515.272244355909	3204.0472175379427	7957.559681697613	13986.013986013984	25157.232704402515	8522.727272727272	0.0	15384.615384615383	9708.73786407767	13368.98395721925	0.0	0.0	16722.408026755853	1410.4372355430182	0.0	5449.591280653951	0.0	0.0	0.0	0.0	14179.608372721137	3952.5691699604745	0.0	0.0	0.0	0.0	0.0	0.0	1077.5862068965516	0.0	0.0	6548.175865294667	192897.20008017475
hsa-miR-126-5p	8536.585365853658	0.0	0.0	4474.272930648769	3709.0459509581706	14829.570606463036	3372.6812816188867	5305.039787798409	10489.510489510489	0.0	0.0	0.0	0.0	0.0	10695.187165775402	0.0	0.0	6688.963210702341	7052.186177715092	0.0	5449.591280653951	10582.010582010582	0.0	0.0	0.0	2700.8777852802164	9222.66139657444	0.0	0.0	0.0	0.0	0.0	0.0	0.0	0.0	14925.373134328358	2806.361085126286	120839.9182310181
hsa-miR-16-5p	4065.040650406504	0.0	0.0	4474.272930648769	8448.382443849167	15382.912793271358	4047.217537942664	0.0	0.0	6289.30817610063	0.0	0.0	10256.410256410256	0.0	8021.390374331551	0.0	0.0	16722.408026755853	2820.8744710860365	0.0	8174.386920980927	0.0	0.0	0.0	0.0	2700.8777852802164	0.0	0.0	0.0	0.0	0.0	17699.11504424779	0.0	0.0	0.0	0.0	1870.9073900841906	110973.50480139592
hsa-miR-25-3p	1219.5121951219512	0.0	0.0	4474.272930648769	4945.3946012775605	6750.774679061531	3372.6812816188867	10610.079575596817	0.0	6289.30817610063	0.0	10989.010989010989	0.0	0.0	5347.593582887701	22388.059701492537	0.0	0.0	7052.186177715092	0.0	0.0	0.0	0.0	0.0	0.0	4051.3166779203243	3952.569169960474	0.0	0.0	0.0	0.0	0.0	0.0	2693.965517241379	1076.4262648008612	0.0	2806.361085126286	98019.5126055818
hsa-miR-192-5p	2845.528455284553	0.0	0.0	1677.8523489932886	824.2324335462602	1106.6843736166445	0.0	5305.039787798409	13986.013986013986	9433.962264150943	8522.727272727272	0.0	7692.307692307692	0.0	16042.780748663103	0.0	0.0	0.0	0.0	0.0	0.0	0.0	0.0	0.0	0.0	2025.6583389601622	5270.092226613966	0.0	0.0	0.0	0.0	0.0	20979.020979020977	0.0	0.0	0.0	0.0	95711.90090769726
hsa-let-7c-5p	6097.5609756097565	0.0	20895.5223880597	11521.252796420582	2060.5810838656503	619.7432492253208	0.0	0.0	0.0	0.0	0.0	0.0	0.0	0.0	0.0	0.0	0.0	0.0	2820.8744710860365	0.0	8174.386920980927	0.0	0.0	0.0	4750.593824228029	14854.82781904119	17127.799736495388	0.0	0.0	0.0	0.0	0.0	0.0	0.0	0.0	0.0	6548.175865294667	95471.31913030725
hsa-miR-30d-5p	1626.0162601626016	0.0	2985.0746268656717	3355.7046979865772	4121.1621677313005	4094.7321823815846	674.5362563237774	0.0	0.0	0.0	0.0	0.0	5128.205128205128	9708.73786407767	0.0	0.0	0.0	0.0	7052.186177715092	0.0	5449.591280653951	0.0	0.0	0.0	0.0	1350.4388926401082	6587.615283267457	0.0	0.0	0.0	0.0	0.0	20979.020979020977	0.0	0.0	0.0	6548.175865294667	79661.19766232657
hsa-miR-99b-5p	2439.0243902439024	0.0	5970.149253731343	4474.272930648769	1854.5229754790853	664.0106241699867	0.0	0.0	6993.006993006993	0.0	0.0	0.0	5128.205128205128	0.0	0.0	0.0	0.0	0.0	2820.8744710860365	0.0	5449.591280653951	0.0	0.0	0.0	0.0	6752.194463200541	10540.184453227932	0.0	0.0	0.0	0.0	0.0	0.0	0.0	0.0	14925.373134328358	8419.083255378859	76430.49335336089
hsa-miR-103a-3p	542.0054200542005	9009.009009009009	0.0	1864.2803877703204	17308.88110447146	12837.538733953073	4946.599213041034	0.0	0.0	0.0	0.0	0.0	0.0	0.0	11586.45276292335	0.0	0.0	0.0	1880.5829807240243	3463.2034632034633	0.0	0.0	0.0	0.0	0.0	3376.0972316002703	9222.66139657444	0.0	0.0	0.0	0.0	0.0	0.0	0.0	0.0	0.0	0.0	76037.31170332464
hsa-let-7i-5p	2032.520325203252	0.0	7462.686567164179	6711.4093959731545	4121.1621677313005	3209.384683488269	1686.3406408094434	5305.039787798409	0.0	0.0	0.0	0.0	0.0	0.0	0.0	0.0	0.0	6688.963210702341	2115.6558533145276	0.0	5449.591280653951	0.0	0.0	0.0	4750.593824228029	10128.291694800811	10540.184453227932	0.0	0.0	0.0	0.0	0.0	0.0	0.0	0.0	0.0	5612.722170252572	75814.54605534817
hsa-miR-451a	2439.0243902439024	0.0	0.0	1118.5682326621923	10921.079744487946	11509.517485613102	4384.485666104553	0.0	0.0	0.0	5681.818181818182	0.0	0.0	9708.73786407767	0.0	0.0	0.0	0.0	4936.5303244005645	0.0	0.0	0.0	0.0	12820.51282051282	0.0	3376.0972316002703	0.0	0.0	0.0	0.0	0.0	0.0	0.0	0.0	0.0	0.0	3741.8147801683813	70638.18672168958
hsa-miR-381-3p	2439.0243902439024	13513.513513513513	5970.149253731343	4474.272930648769	412.1162167731301	0.0	0.0	0.0	0.0	0.0	0.0	0.0	0.0	0.0	0.0	0.0	0.0	6688.963210702341	1410.4372355430182	0.0	8174.386920980927	0.0	0.0	0.0	0.0	2700.8777852802164	3952.569169960474	0.0	0.0	0.0	0.0	0.0	0.0	0.0	0.0	0.0	6548.175865294667	56284.4864926723
hsa-miR-128-3p	1626.0162601626016	0.0	0.0	3914.988814317673	1442.406758705955	553.3421868083223	0.0	0.0	0.0	0.0	0.0	0.0	0.0	0.0	0.0	0.0	0.0	0.0	2820.8744710860365	0.0	0.0	0.0	0.0	0.0	0.0	6076.975016880487	2635.046113306983	0.0	0.0	28169.014084507042	0.0	0.0	0.0	0.0	0.0	0.0	5612.722170252572	52851.38587602767
hsa-miR-204-5p	2439.0243902439024	13513.513513513513	0.0	2237.1364653243845	1442.406758705955	332.00531208499336	0.0	0.0	0.0	0.0	0.0	0.0	0.0	0.0	0.0	0.0	2739.7260273972606	10033.444816053512	9873.060648801129	0.0	0.0	0.0	0.0	0.0	0.0	2025.6583389601622	2635.046113306983	0.0	0.0	0.0	0.0	0.0	0.0	0.0	0.0	0.0	1870.9073900841906	49141.92977447598
hsa-miR-3168	0.0	0.0	0.0	0.0	0.0	0.0	0.0	0.0	6993.006993006993	12578.61635220126	0.0	0.0	0.0	0.0	5347.593582887701	0.0	0.0	0.0	0.0	0.0	0.0	0.0	0.0	0.0	0.0	0.0	0.0	15105.74018126888	0.0	0.0	0.0	0.0	0.0	0.0	0.0	0.0	0.0	40024.957109364834
hsa-miR-101-3p	2439.0243902439024	0.0	0.0	2796.420581655481	1854.5229754790853	1106.6843736166445	1011.8043844856661	0.0	0.0	0.0	5681.818181818182	0.0	0.0	0.0	0.0	0.0	0.0	0.0	0.0	5194.805194805195	0.0	0.0	0.0	0.0	0.0	5401.755570560433	7905.138339920948	0.0	0.0	0.0	0.0	0.0	0.0	0.0	0.0	0.0	5612.722170252572	39004.69616283811
hsa-miR-181c-5p	2439.0243902439024	0.0	0.0	4474.272930648769	824.2324335462602	221.3368747233289	337.2681281618887	0.0	0.0	0.0	0.0	0.0	0.0	0.0	0.0	0.0	0.0	6688.963210702341	0.0	0.0	16348.773841961854	0.0	0.0	0.0	0.0	1350.4388926401082	0.0	0.0	0.0	0.0	0.0	0.0	0.0	0.0	0.0	0.0	3741.8147801683813	36426.12548279684
hsa-let-7g-5p	3658.5365853658536	0.0	0.0	4474.272930648769	1030.2905419328251	332.00531208499336	0.0	0.0	0.0	0.0	0.0	0.0	0.0	0.0	0.0	0.0	0.0	10033.444816053512	2115.6558533145276	0.0	5449.591280653951	0.0	0.0	0.0	0.0	4051.3166779203243	0.0	0.0	0.0	0.0	0.0	0.0	0.0	0.0	0.0	0.0	4677.268475210477	35822.38247318523
hsa-miR-30c-5p	813.0081300813008	0.0	2985.0746268656717	3914.988814317673	1236.3486503193901	332.00531208499336	0.0	0.0	6993.006993006993	6289.30817610063	0.0	0.0	0.0	0.0	5347.593582887701	0.0	0.0	0.0	1410.4372355430182	0.0	0.0	0.0	0.0	0.0	0.0	0.0	2635.046113306983	0.0	0.0	0.0	0.0	0.0	0.0	0.0	0.0	0.0	3741.8147801683813	35698.63241468274
hsa-miR-181b-5p	813.0081300813008	0.0	0.0	3355.7046979865772	1236.3486503193901	221.3368747233289	0.0	0.0	0.0	0.0	0.0	0.0	0.0	0.0	0.0	0.0	0.0	0.0	0.0	0.0	5449.591280653951	0.0	0.0	0.0	0.0	8102.633355840649	10540.184453227932	0.0	0.0	0.0	0.0	0.0	0.0	0.0	0.0	0.0	4677.268475210477	34396.07591804361
hsa-miR-320a-3p	813.0081300813008	0.0	0.0	1864.2803877703207	5563.568926437257	2471.5951010771723	7880.831928049465	0.0	0.0	6289.30817610063	0.0	0.0	0.0	0.0	1782.5311942959001	0.0	0.0	0.0	0.0	0.0	0.0	0.0	0.0	6410.25641025641	0.0	0.0	0.0	0.0	0.0	0.0	0.0	0.0	0.0	0.0	0.0	0.0	0.0	33075.380254068456
hsa-miR-125a-5p	1219.5121951219512	0.0	2985.0746268656717	1118.5682326621923	824.2324335462602	221.3368747233289	0.0	0.0	0.0	0.0	0.0	0.0	0.0	0.0	0.0	14925.373134328358	0.0	0.0	1410.4372355430182	0.0	5449.591280653951	0.0	0.0	0.0	0.0	1350.4388926401082	0.0	0.0	0.0	0.0	0.0	0.0	0.0	0.0	0.0	0.0	1870.9073900841906	31375.472296169028
hsa-miR-30e-5p	0.0	0.0	0.0	4474.272930648769	618.1743251596951	1106.6843736166445	0.0	0.0	0.0	0.0	0.0	0.0	0.0	0.0	0.0	0.0	0.0	0.0	0.0	5194.805194805195	0.0	0.0	0.0	0.0	0.0	2700.8777852802164	7905.138339920948	0.0	0.0	0.0	0.0	0.0	0.0	0.0	0.0	0.0	9354.536950420954	31354.489899852422
hsa-miR-132-3p	1219.5121951219512	0.0	2985.0746268656717	2796.420581655481	412.1162167731301	0.0	0.0	0.0	0.0	0.0	0.0	0.0	0.0	0.0	0.0	0.0	0.0	0.0	0.0	0.0	0.0	0.0	11363.636363636364	0.0	0.0	1350.4388926401082	3952.569169960474	0.0	0.0	0.0	0.0	0.0	0.0	0.0	0.0	0.0	6548.175865294667	30627.94391194785
hsa-miR-148a-3p	1626.0162601626016	0.0	0.0	2796.420581655481	1442.406758705955	2434.705621956618	505.902192242833	0.0	6993.006993006993	0.0	0.0	0.0	0.0	0.0	5347.593582887701	0.0	0.0	0.0	0.0	5194.805194805195	0.0	0.0	0.0	0.0	0.0	0.0	0.0	0.0	0.0	0.0	0.0	0.0	0.0	0.0	0.0	0.0	1870.9073900841906	28211.764575507565
hsa-let-7b-5p	1219.5121951219512	0.0	0.0	335.5704697986577	1442.406758705955	841.0801239486498	0.0	0.0	0.0	0.0	0.0	0.0	5128.205128205128	9708.73786407767	0.0	0.0	0.0	0.0	1410.4372355430182	0.0	5449.591280653951	0.0	0.0	0.0	0.0	0.0	0.0	0.0	0.0	0.0	0.0	0.0	0.0	0.0	0.0	0.0	1870.9073900841906	27406.44844613917
hsa-miR-151a-3p	1626.0162601626016	0.0	4477.611940298508	0.0	1648.4648670925203	4094.7321823815846	3204.0472175379423	0.0	0.0	0.0	0.0	0.0	0.0	0.0	0.0	0.0	0.0	0.0	0.0	0.0	0.0	0.0	0.0	0.0	0.0	2025.6583389601622	2635.046113306983	0.0	0.0	0.0	0.0	0.0	0.0	0.0	0.0	0.0	7483.629560336763	27195.206480077064
hsa-miR-320b	0.0	0.0	0.0	3728.5607755406413	1648.4648670925203	959.1264571344251	3957.2793704328274	0.0	0.0	0.0	0.0	0.0	0.0	0.0	3565.0623885918003	0.0	0.0	0.0	0.0	0.0	0.0	0.0	0.0	12820.51282051282	0.0	0.0	0.0	0.0	0.0	0.0	0.0	0.0	0.0	0.0	0.0	0.0	0.0	26679.006679305036
hsa-miR-183-5p	0.0	0.0	0.0	2796.420581655481	0.0	0.0	337.2681281618887	0.0	0.0	0.0	0.0	0.0	0.0	0.0	0.0	0.0	0.0	0.0	0.0	0.0	0.0	0.0	0.0	0.0	0.0	2025.6583389601622	2635.046113306983	0.0	0.0	0.0	0.0	0.0	0.0	0.0	0.0	14925.373134328358	3741.8147801683813	26461.581076581253
hsa-miR-107	271.00271002710025	4504.504504504504	0.0	372.8560775540641	8036.266227076035	5865.427180168215	2473.299606520517	0.0	0.0	0.0	0.0	0.0	0.0	0.0	1782.5311942959001	0.0	0.0	0.0	940.2914903620122	1731.6017316017317	0.0	0.0	0.0	0.0	0.0	0.0	0.0	0.0	0.0	0.0	0.0	0.0	0.0	0.0	0.0	0.0	0.0	25977.78072211008
hsa-miR-136-3p	1219.5121951219512	0.0	0.0	2796.420581655481	412.1162167731301	221.3368747233289	0.0	0.0	0.0	0.0	0.0	0.0	0.0	0.0	0.0	0.0	0.0	0.0	0.0	0.0	10899.182561307902	0.0	0.0	0.0	0.0	1350.4388926401082	3952.569169960474	0.0	0.0	0.0	0.0	0.0	0.0	0.0	0.0	0.0	2806.361085126286	23657.937577308658
hsa-let-7d-5p	0.0	0.0	0.0	1118.5682326621923	412.1162167731301	0.0	0.0	0.0	0.0	0.0	0.0	0.0	0.0	0.0	0.0	14925.373134328358	0.0	0.0	0.0	0.0	5449.591280653951	0.0	0.0	0.0	0.0	0.0	0.0	0.0	0.0	0.0	0.0	0.0	0.0	0.0	0.0	0.0	0.0	21905.648864417628
hsa-miR-411-5p	813.0081300813008	0.0	0.0	5592.841163310962	0.0	0.0	0.0	0.0	0.0	0.0	0.0	0.0	0.0	0.0	0.0	0.0	0.0	0.0	0.0	0.0	0.0	0.0	0.0	0.0	0.0	4051.3166779203243	6587.615283267457	0.0	0.0	0.0	0.0	0.0	0.0	0.0	0.0	0.0	3741.8147801683813	20786.596034748425
hsa-miR-203a-3p	0.0	0.0	0.0	18456.375838926175	618.1743251596951	0.0	0.0	0.0	0.0	0.0	0.0	0.0	0.0	0.0	0.0	0.0	0.0	0.0	0.0	0.0	0.0	0.0	0.0	0.0	0.0	0.0	0.0	0.0	0.0	0.0	0.0	0.0	0.0	0.0	0.0	0.0	0.0	19074.55016408587
hsa-miR-410-3p	2032.520325203252	0.0	0.0	3355.7046979865772	1442.406758705955	442.6737494466578	0.0	0.0	0.0	0.0	0.0	0.0	0.0	0.0	0.0	0.0	0.0	0.0	2115.6558533145276	0.0	0.0	0.0	0.0	0.0	0.0	2700.8777852802164	2635.046113306983	0.0	0.0	0.0	0.0	0.0	0.0	0.0	0.0	0.0	3741.8147801683813	18466.70006341255
hsa-miR-126-3p	0.0	0.0	0.0	0.0	412.1162167731301	442.6737494466578	0.0	5305.039787798409	0.0	6289.30817610063	0.0	0.0	0.0	0.0	5347.593582887701	0.0	0.0	0.0	0.0	0.0	0.0	0.0	0.0	0.0	0.0	0.0	0.0	0.0	0.0	0.0	0.0	0.0	0.0	0.0	0.0	0.0	0.0	17796.731513006525
hsa-miR-124-3p	1219.5121951219512	0.0	2985.0746268656712	3914.9888143176736	412.1162167731301	221.33687472332886	0.0	0.0	0.0	0.0	0.0	0.0	0.0	0.0	0.0	0.0	0.0	0.0	0.0	0.0	0.0	0.0	0.0	0.0	0.0	1350.438892640108	0.0	0.0	0.0	0.0	0.0	0.0	0.0	0.0	0.0	0.0	5612.722170252572	15716.189790694436
hsa-miR-15a-5p	2032.520325203252	0.0	0.0	0.0	5151.452709664126	6861.4431164231955	1517.7065767284992	0.0	0.0	0.0	0.0	0.0	0.0	0.0	0.0	0.0	0.0	0.0	0.0	0.0	0.0	0.0	0.0	0.0	0.0	0.0	0.0	0.0	0.0	0.0	0.0	0.0	0.0	0.0	0.0	0.0	0.0	15563.122728019072
hsa-miR-423-3p	0.0	0.0	0.0	0.0	2884.81351741191	664.0106241699867	674.5362563237774	5305.039787798409	0.0	0.0	0.0	0.0	0.0	0.0	0.0	0.0	0.0	0.0	0.0	0.0	0.0	0.0	0.0	0.0	0.0	0.0	0.0	0.0	0.0	0.0	0.0	0.0	0.0	1077.5862068965516	2152.8525296017224	0.0	0.0	12758.838922202354
hsa-miR-151a-5p	1626.0162601626016	0.0	0.0	1677.8523489932886	1236.3486503193901	442.6737494466578	0.0	0.0	0.0	0.0	0.0	0.0	0.0	0.0	0.0	0.0	0.0	0.0	1410.4372355430182	0.0	0.0	0.0	0.0	0.0	0.0	2700.8777852802164	0.0	0.0	0.0	0.0	0.0	0.0	0.0	1077.5862068965516	0.0	0.0	1870.9073900841906	12042.699626725913
hsa-miR-24-3p	0.0	0.0	0.0	1118.5682326621923	0.0	0.0	0.0	0.0	0.0	0.0	0.0	0.0	0.0	0.0	0.0	0.0	0.0	6688.963210702341	1410.4372355430182	0.0	0.0	0.0	0.0	0.0	0.0	0.0	0.0	0.0	0.0	0.0	0.0	0.0	0.0	0.0	0.0	0.0	2806.361085126286	12024.329764033837
hsa-miR-100-5p	813.0081300813008	0.0	0.0	0.0	412.1162167731301	0.0	0.0	0.0	0.0	0.0	0.0	0.0	0.0	0.0	0.0	0.0	0.0	0.0	1410.4372355430182	0.0	0.0	0.0	0.0	0.0	0.0	2025.6583389601622	5270.092226613966	0.0	0.0	0.0	0.0	0.0	0.0	0.0	0.0	0.0	1870.9073900841906	11802.219538055768
hsa-miR-142-5p	1219.5121951219512	0.0	0.0	0.0	2678.755409025345	5754.758742806551	674.5362563237774	0.0	0.0	0.0	0.0	0.0	0.0	0.0	0.0	0.0	0.0	0.0	1410.4372355430182	0.0	0.0	0.0	0.0	0.0	0.0	0.0	0.0	0.0	0.0	0.0	0.0	0.0	0.0	0.0	0.0	0.0	0.0	11737.999838820644
hsa-miR-26b-5p	813.0081300813008	0.0	0.0	3914.988814317673	1236.3486503193901	1106.6843736166445	337.2681281618887	0.0	0.0	0.0	0.0	0.0	0.0	0.0	0.0	0.0	0.0	0.0	0.0	0.0	0.0	0.0	0.0	0.0	0.0	1350.4388926401082	2635.046113306983	0.0	0.0	0.0	0.0	0.0	0.0	0.0	0.0	0.0	0.0	11393.783102443987
hsa-miR-21-5p	1626.0162601626016	0.0	0.0	0.0	2884.81351741191	4648.074369189907	1517.7065767284992	0.0	0.0	0.0	0.0	0.0	0.0	0.0	0.0	0.0	0.0	0.0	0.0	0.0	0.0	0.0	0.0	0.0	0.0	0.0	0.0	0.0	0.0	0.0	0.0	0.0	0.0	0.0	0.0	0.0	0.0	10676.610723492919
hsa-miR-140-3p	0.0	0.0	0.0	1677.8523489932886	0.0	0.0	337.2681281618887	0.0	0.0	0.0	0.0	0.0	0.0	0.0	0.0	0.0	0.0	0.0	0.0	0.0	0.0	0.0	0.0	0.0	0.0	2025.6583389601622	2635.046113306983	0.0	0.0	0.0	0.0	0.0	0.0	0.0	1076.4262648008612	0.0	2806.361085126286	10558.612279349469
hsa-miR-93-5p	0.0	0.0	0.0	0.0	618.1743251596951	221.3368747233289	0.0	0.0	0.0	0.0	0.0	0.0	0.0	9708.73786407767	0.0	0.0	0.0	0.0	0.0	0.0	0.0	0.0	0.0	0.0	0.0	0.0	0.0	0.0	0.0	0.0	0.0	0.0	0.0	0.0	0.0	0.0	0.0	10548.249063960693
hsa-miR-125b-5p	813.0081300813008	0.0	2985.0746268656717	2796.420581655481	618.1743251596951	0.0	0.0	0.0	0.0	0.0	0.0	0.0	0.0	0.0	0.0	0.0	0.0	0.0	0.0	0.0	0.0	0.0	0.0	0.0	0.0	1350.4388926401082	0.0	0.0	0.0	0.0	0.0	0.0	0.0	0.0	0.0	0.0	1870.9073900841906	10434.023946486448
hsa-miR-29a-3p	813.0081300813008	0.0	0.0	0.0	1030.2905419328251	0.0	0.0	0.0	0.0	0.0	0.0	0.0	0.0	0.0	0.0	0.0	0.0	6688.963210702341	0.0	0.0	0.0	0.0	0.0	0.0	0.0	0.0	0.0	0.0	0.0	0.0	0.0	0.0	0.0	0.0	0.0	0.0	1870.9073900841906	10403.169272800656
hsa-miR-378a-3p	1219.5121951219512	0.0	0.0	0.0	1236.3486503193901	664.0106241699867	2192.2428330522766	0.0	0.0	0.0	0.0	0.0	0.0	0.0	0.0	0.0	0.0	0.0	0.0	0.0	0.0	0.0	0.0	0.0	0.0	1350.4388926401082	0.0	0.0	0.0	0.0	0.0	0.0	0.0	0.0	0.0	0.0	1870.9073900841906	8533.460585387904
hsa-miR-122-5p	2032.520325203252	0.0	0.0	0.0	0.0	0.0	0.0	5305.039787798409	0.0	0.0	0.0	0.0	0.0	0.0	0.0	0.0	0.0	0.0	0.0	0.0	0.0	0.0	0.0	0.0	0.0	0.0	0.0	0.0	0.0	0.0	0.0	0.0	0.0	0.0	0.0	0.0	0.0	7337.56011300166
hsa-miR-150-5p	0.0	0.0	0.0	0.0	824.2324335462602	774.6790615316511	505.902192242833	0.0	0.0	0.0	0.0	0.0	5128.205128205128	0.0	0.0	0.0	0.0	0.0	0.0	0.0	0.0	0.0	0.0	0.0	0.0	0.0	0.0	0.0	0.0	0.0	0.0	0.0	0.0	0.0	0.0	0.0	0.0	7233.018815525872
hsa-miR-130a-3p	0.0	0.0	0.0	0.0	824.2324335462602	996.01593625498	0.0	5305.039787798409	0.0	0.0	0.0	0.0	0.0	0.0	0.0	0.0	0.0	0.0	0.0	0.0	0.0	0.0	0.0	0.0	0.0	0.0	0.0	0.0	0.0	0.0	0.0	0.0	0.0	0.0	0.0	0.0	0.0	7125.288157599649
hsa-miR-195-5p	0.0	0.0	0.0	0.0	0.0	0.0	0.0	0.0	6993.006993006993	0.0	0.0	0.0	0.0	0.0	0.0	0.0	0.0	0.0	0.0	0.0	0.0	0.0	0.0	0.0	0.0	0.0	0.0	0.0	0.0	0.0	0.0	0.0	0.0	0.0	0.0	0.0	0.0	6993.006993006993
hsa-miR-30b-5p	0.0	0.0	2985.0746268656717	2237.1364653243845	824.2324335462602	0.0	0.0	0.0	0.0	0.0	0.0	0.0	0.0	0.0	0.0	0.0	0.0	0.0	0.0	0.0	0.0	0.0	0.0	0.0	0.0	0.0	0.0	0.0	0.0	0.0	0.0	0.0	0.0	0.0	0.0	0.0	0.0	6046.443525736317
hsa-miR-23a-3p	2235.7723577235774	0.0	0.0	559.2841163310961	0.0	221.3368747233289	337.2681281618887	0.0	0.0	0.0	0.0	0.0	0.0	0.0	0.0	0.0	0.0	0.0	0.0	0.0	0.0	0.0	0.0	0.0	0.0	0.0	2635.046113306983	0.0	0.0	0.0	0.0	0.0	0.0	0.0	0.0	0.0	0.0	5988.707590246874
hsa-miR-146b-5p	0.0	0.0	0.0	1118.5682326621923	824.2324335462602	664.0106241699867	337.2681281618887	0.0	0.0	0.0	0.0	0.0	0.0	0.0	0.0	0.0	0.0	0.0	2820.8744710860365	0.0	0.0	0.0	0.0	0.0	0.0	0.0	0.0	0.0	0.0	0.0	0.0	0.0	0.0	0.0	0.0	0.0	0.0	5764.953889626364
hsa-miR-222-3p	0.0	0.0	0.0	1118.5682326621923	412.1162167731301	221.3368747233289	0.0	0.0	0.0	0.0	0.0	0.0	0.0	0.0	0.0	0.0	0.0	0.0	1410.4372355430182	0.0	0.0	0.0	0.0	0.0	0.0	2025.6583389601622	0.0	0.0	0.0	0.0	0.0	0.0	0.0	0.0	0.0	0.0	0.0	5188.116898661831
hsa-miR-27a-3p	0.0	0.0	0.0	2609.9925428784486	1098.9765780616801	1051.3501549358123	0.0	0.0	0.0	0.0	0.0	0.0	0.0	0.0	0.0	0.0	0.0	0.0	0.0	0.0	0.0	0.0	0.0	0.0	0.0	0.0	0.0	0.0	0.0	0.0	0.0	0.0	0.0	0.0	0.0	0.0	0.0	4760.3192758759415
hsa-miR-146a-5p	0.0	0.0	0.0	0.0	412.1162167731301	1438.6896857016377	1180.4384485666103	0.0	0.0	0.0	0.0	0.0	0.0	0.0	0.0	0.0	0.0	0.0	1410.4372355430182	0.0	0.0	0.0	0.0	0.0	0.0	0.0	0.0	0.0	0.0	0.0	0.0	0.0	0.0	0.0	0.0	0.0	0.0	4441.681586584396
hsa-miR-301a-3p	0.0	0.0	0.0	0.0	0.0	0.0	0.0	0.0	0.0	0.0	0.0	0.0	0.0	0.0	0.0	0.0	0.0	0.0	1410.4372355430182	0.0	0.0	0.0	0.0	0.0	0.0	0.0	2635.046113306983	0.0	0.0	0.0	0.0	0.0	0.0	0.0	0.0	0.0	0.0	4045.483348850001
hsa-miR-744-5p	0.0	0.0	0.0	0.0	618.1743251596951	332.00531208499336	337.2681281618887	0.0	0.0	0.0	0.0	0.0	0.0	0.0	0.0	0.0	0.0	0.0	0.0	0.0	0.0	0.0	0.0	0.0	0.0	0.0	2635.046113306983	0.0	0.0	0.0	0.0	0.0	0.0	0.0	0.0	0.0	0.0	3922.4938787135598
hsa-miR-218-5p	0.0	0.0	0.0	3355.7046979865772	0.0	442.6737494466578	0.0	0.0	0.0	0.0	0.0	0.0	0.0	0.0	0.0	0.0	0.0	0.0	0.0	0.0	0.0	0.0	0.0	0.0	0.0	0.0	0.0	0.0	0.0	0.0	0.0	0.0	0.0	0.0	0.0	0.0	0.0	3798.378447433235
hsa-miR-484	0.0	0.0	0.0	0.0	0.0	1106.6843736166445	505.902192242833	0.0	0.0	0.0	0.0	0.0	0.0	0.0	0.0	0.0	0.0	0.0	2115.6558533145276	0.0	0.0	0.0	0.0	0.0	0.0	0.0	0.0	0.0	0.0	0.0	0.0	0.0	0.0	0.0	0.0	0.0	0.0	3728.242419174005
hsa-let-7e-5p	0.0	0.0	2985.0746268656717	0.0	0.0	0.0	674.5362563237774	0.0	0.0	0.0	0.0	0.0	0.0	0.0	0.0	0.0	0.0	0.0	0.0	0.0	0.0	0.0	0.0	0.0	0.0	0.0	0.0	0.0	0.0	0.0	0.0	0.0	0.0	0.0	0.0	0.0	0.0	3659.610883189449
hsa-miR-129-2-3p	813.0081300813008	0.0	0.0	0.0	0.0	0.0	0.0	0.0	0.0	0.0	0.0	0.0	0.0	0.0	0.0	0.0	0.0	0.0	0.0	0.0	0.0	0.0	0.0	0.0	0.0	2700.8777852802164	0.0	0.0	0.0	0.0	0.0	0.0	0.0	0.0	0.0	0.0	0.0	3513.885915361517
hsa-miR-28-3p	0.0	0.0	0.0	0.0	1236.3486503193901	996.01593625498	1180.4384485666103	0.0	0.0	0.0	0.0	0.0	0.0	0.0	0.0	0.0	0.0	0.0	0.0	0.0	0.0	0.0	0.0	0.0	0.0	0.0	0.0	0.0	0.0	0.0	0.0	0.0	0.0	0.0	0.0	0.0	0.0	3412.8030351409807
hsa-miR-144-3p	0.0	0.0	0.0	0.0	2060.5810838656503	1328.0212483399735	0.0	0.0	0.0	0.0	0.0	0.0	0.0	0.0	0.0	0.0	0.0	0.0	0.0	0.0	0.0	0.0	0.0	0.0	0.0	0.0	0.0	0.0	0.0	0.0	0.0	0.0	0.0	0.0	0.0	0.0	0.0	3388.6023322056235
hsa-miR-106b-3p	0.0	0.0	0.0	0.0	0.0	0.0	505.902192242833	0.0	0.0	0.0	0.0	0.0	0.0	0.0	0.0	0.0	0.0	0.0	0.0	0.0	0.0	0.0	0.0	0.0	0.0	0.0	0.0	0.0	0.0	0.0	0.0	0.0	0.0	0.0	0.0	0.0	2806.361085126286	3312.263277369119
hsa-miR-584-5p	1219.5121951219512	0.0	0.0	0.0	412.1162167731301	1106.6843736166445	505.902192242833	0.0	0.0	0.0	0.0	0.0	0.0	0.0	0.0	0.0	0.0	0.0	0.0	0.0	0.0	0.0	0.0	0.0	0.0	0.0	0.0	0.0	0.0	0.0	0.0	0.0	0.0	0.0	0.0	0.0	0.0	3244.2149777545583
hsa-miR-219a-2-3p	0.0	0.0	0.0	1677.8523489932886	0.0	0.0	0.0	0.0	0.0	0.0	0.0	0.0	0.0	0.0	0.0	0.0	0.0	0.0	0.0	0.0	0.0	0.0	0.0	0.0	0.0	1350.4388926401082	0.0	0.0	0.0	0.0	0.0	0.0	0.0	0.0	0.0	0.0	0.0	3028.2912416333966
hsa-miR-425-5p	0.0	0.0	0.0	0.0	618.1743251596951	1217.352810978309	1180.4384485666103	0.0	0.0	0.0	0.0	0.0	0.0	0.0	0.0	0.0	0.0	0.0	0.0	0.0	0.0	0.0	0.0	0.0	0.0	0.0	0.0	0.0	0.0	0.0	0.0	0.0	0.0	0.0	0.0	0.0	0.0	3015.9655847046142
hsa-miR-486-3p	0.0	0.0	0.0	0.0	824.2324335462602	553.3421868083223	1517.7065767284992	0.0	0.0	0.0	0.0	0.0	0.0	0.0	0.0	0.0	0.0	0.0	0.0	0.0	0.0	0.0	0.0	0.0	0.0	0.0	0.0	0.0	0.0	0.0	0.0	0.0	0.0	0.0	0.0	0.0	0.0	2895.2811970830817
hsa-miR-148b-3p	0.0	0.0	0.0	0.0	618.1743251596951	885.3474988933156	0.0	0.0	0.0	0.0	0.0	0.0	0.0	0.0	0.0	0.0	0.0	0.0	0.0	0.0	0.0	0.0	0.0	0.0	0.0	1350.4388926401082	0.0	0.0	0.0	0.0	0.0	0.0	0.0	0.0	0.0	0.0	0.0	2853.960716693119
	sumhsa-miR-92b-3p	0.0	0.0	2985.0746268656717	2796.420581655481	1030.2905419328251	774.6790615316511	337.2681281618887	0.0	0.0	0.0	0.0	0.0	0.0	0.0	0.0	0.0	0.0	0.0	3526.093088857546	0.0	0.0	0.0	0.0	0.0	0.0	1350.4388926401082	0.0	0.0	0.0	0.0	0.0	0.0	0.0	0.0	0.0	0.0	2806.361085126286	15606.626006771457
hsa-miR-200a-3p	0.0	0.0	0.0	0.0	0.0	0.0	0.0	0.0	0.0	0.0	0.0	0.0	0.0	0.0	0.0	0.0	0.0	0.0	1410.4372355430182	0.0	0.0	0.0	0.0	0.0	0.0	1350.4388926401082	0.0	0.0	0.0	0.0	0.0	0.0	0.0	0.0	0.0	0.0	0.0	2760.8761281831266
hsa-miR-221-3p	0.0	0.0	0.0	0.0	618.1743251596951	442.6737494466578	337.2681281618887	0.0	0.0	0.0	0.0	0.0	0.0	0.0	0.0	0.0	0.0	0.0	0.0	0.0	0.0	0.0	0.0	0.0	0.0	1350.4388926401082	0.0	0.0	0.0	0.0	0.0	0.0	0.0	0.0	0.0	0.0	0.0	2748.5550954083496
hsa-miR-338-3p	813.0081300813008	0.0	0.0	0.0	0.0	0.0	0.0	0.0	0.0	0.0	0.0	0.0	0.0	0.0	0.0	0.0	0.0	0.0	0.0	0.0	0.0	0.0	0.0	0.0	0.0	0.0	0.0	0.0	0.0	0.0	0.0	0.0	0.0	0.0	0.0	0.0	1870.9073900841906	2683.915520165491
hsa-miR-23b-3p	1422.7642276422764	0.0	0.0	559.2841163310961	0.0	221.3368747233289	337.2681281618887	0.0	0.0	0.0	0.0	0.0	0.0	0.0	0.0	0.0	0.0	0.0	0.0	0.0	0.0	0.0	0.0	0.0	0.0	0.0	0.0	0.0	0.0	0.0	0.0	0.0	0.0	0.0	0.0	0.0	0.0	2540.6533468585903
hsa-miR-186-5p	0.0	0.0	0.0	0.0	824.2324335462602	1328.0212483399735	0.0	0.0	0.0	0.0	0.0	0.0	0.0	0.0	0.0	0.0	0.0	0.0	0.0	0.0	0.0	0.0	0.0	0.0	0.0	0.0	0.0	0.0	0.0	0.0	0.0	0.0	0.0	0.0	0.0	0.0	0.0	2152.2536818862336
hsa-miR-136-5p	0.0	0.0	0.0	0.0	0.0	0.0	0.0	0.0	0.0	0.0	0.0	0.0	0.0	0.0	0.0	0.0	0.0	0.0	0.0	0.0	0.0	0.0	0.0	0.0	0.0	0.0	0.0	0.0	0.0	0.0	0.0	0.0	0.0	0.0	0.0	0.0	1870.9073900841906	1870.9073900841906
hsa-miR-30a-3p	0.0	0.0	0.0	0.0	0.0	0.0	0.0	0.0	0.0	0.0	0.0	0.0	0.0	0.0	0.0	0.0	0.0	0.0	0.0	0.0	0.0	0.0	0.0	0.0	0.0	0.0	0.0	0.0	0.0	0.0	0.0	0.0	0.0	0.0	0.0	0.0	1870.9073900841906	1870.9073900841906
hsa-miR-496	0.0	0.0	0.0	0.0	0.0	0.0	0.0	0.0	0.0	0.0	0.0	0.0	0.0	0.0	0.0	0.0	0.0	0.0	0.0	0.0	0.0	0.0	0.0	0.0	0.0	0.0	0.0	0.0	0.0	0.0	0.0	0.0	0.0	0.0	0.0	0.0	1870.9073900841906	1870.9073900841906
hsa-miR-9985	0.0	0.0	0.0	1491.4243102162563	274.74414451542003	0.0	0.0	0.0	0.0	0.0	0.0	0.0	0.0	0.0	0.0	0.0	0.0	0.0	0.0	0.0	0.0	0.0	0.0	0.0	0.0	0.0	0.0	0.0	0.0	0.0	0.0	0.0	0.0	0.0	0.0	0.0	0.0	1766.1684547316763
hsa-let-7d-3p	0.0	0.0	0.0	0.0	824.2324335462602	553.3421868083223	337.2681281618887	0.0	0.0	0.0	0.0	0.0	0.0	0.0	0.0	0.0	0.0	0.0	0.0	0.0	0.0	0.0	0.0	0.0	0.0	0.0	0.0	0.0	0.0	0.0	0.0	0.0	0.0	0.0	0.0	0.0	0.0	1714.842748516471
hsa-miR-375-3p	0.0	0.0	0.0	0.0	0.0	221.3368747233289	0.0	0.0	0.0	0.0	0.0	0.0	0.0	0.0	0.0	0.0	0.0	0.0	0.0	0.0	0.0	0.0	0.0	0.0	0.0	1350.4388926401082	0.0	0.0	0.0	0.0	0.0	0.0	0.0	0.0	0.0	0.0	0.0	1571.7757673634371
hsa-miR-3615	0.0	0.0	0.0	0.0	412.1162167731301	332.00531208499336	674.5362563237774	0.0	0.0	0.0	0.0	0.0	0.0	0.0	0.0	0.0	0.0	0.0	0.0	0.0	0.0	0.0	0.0	0.0	0.0	0.0	0.0	0.0	0.0	0.0	0.0	0.0	0.0	0.0	0.0	0.0	0.0	1418.6577851819006
hsa-miR-383-5p	0.0	0.0	0.0	0.0	0.0	0.0	0.0	0.0	0.0	0.0	0.0	0.0	0.0	0.0	0.0	0.0	0.0	0.0	0.0	0.0	0.0	0.0	0.0	0.0	0.0	1350.4388926401082	0.0	0.0	0.0	0.0	0.0	0.0	0.0	0.0	0.0	0.0	0.0	1350.4388926401082
hsa-miR-342-3p	0.0	0.0	0.0	0.0	0.0	0.0	0.0	0.0	0.0	0.0	0.0	0.0	0.0	0.0	0.0	0.0	0.0	0.0	0.0	0.0	0.0	0.0	0.0	0.0	0.0	1350.4388926401082	0.0	0.0	0.0	0.0	0.0	0.0	0.0	0.0	0.0	0.0	0.0	1350.4388926401082
hsa-miR-361-5p	0.0	0.0	0.0	0.0	0.0	0.0	0.0	0.0	0.0	0.0	0.0	0.0	0.0	0.0	0.0	0.0	0.0	0.0	0.0	0.0	0.0	0.0	0.0	0.0	0.0	1350.4388926401082	0.0	0.0	0.0	0.0	0.0	0.0	0.0	0.0	0.0	0.0	0.0	1350.4388926401082
hsa-miR-652-3p	0.0	0.0	0.0	0.0	412.1162167731301	885.3474988933156	0.0	0.0	0.0	0.0	0.0	0.0	0.0	0.0	0.0	0.0	0.0	0.0	0.0	0.0	0.0	0.0	0.0	0.0	0.0	0.0	0.0	0.0	0.0	0.0	0.0	0.0	0.0	0.0	0.0	0.0	0.0	1297.4637156664458
hsa-miR-12136	0.0	0.0	0.0	0.0	0.0	553.3421868083223	674.5362563237774	0.0	0.0	0.0	0.0	0.0	0.0	0.0	0.0	0.0	0.0	0.0	0.0	0.0	0.0	0.0	0.0	0.0	0.0	0.0	0.0	0.0	0.0	0.0	0.0	0.0	0.0	0.0	0.0	0.0	0.0	1227.8784431320996
hsa-miR-130b-3p	0.0	0.0	0.0	0.0	824.2324335462602	332.00531208499336	0.0	0.0	0.0	0.0	0.0	0.0	0.0	0.0	0.0	0.0	0.0	0.0	0.0	0.0	0.0	0.0	0.0	0.0	0.0	0.0	0.0	0.0	0.0	0.0	0.0	0.0	0.0	0.0	0.0	0.0	0.0	1156.2377456312536
hsa-miR-99a-5p	0.0	0.0	0.0	1118.5682326621923	0.0	0.0	0.0	0.0	0.0	0.0	0.0	0.0	0.0	0.0	0.0	0.0	0.0	0.0	0.0	0.0	0.0	0.0	0.0	0.0	0.0	0.0	0.0	0.0	0.0	0.0	0.0	0.0	0.0	0.0	0.0	0.0	0.0	1118.5682326621923
hsa-miR-339-5p	0.0	0.0	0.0	1118.5682326621923	0.0	0.0	0.0	0.0	0.0	0.0	0.0	0.0	0.0	0.0	0.0	0.0	0.0	0.0	0.0	0.0	0.0	0.0	0.0	0.0	0.0	0.0	0.0	0.0	0.0	0.0	0.0	0.0	0.0	0.0	0.0	0.0	0.0	1118.5682326621923
hsa-miR-1298-5p	0.0	0.0	0.0	1118.5682326621923	0.0	0.0	0.0	0.0	0.0	0.0	0.0	0.0	0.0	0.0	0.0	0.0	0.0	0.0	0.0	0.0	0.0	0.0	0.0	0.0	0.0	0.0	0.0	0.0	0.0	0.0	0.0	0.0	0.0	0.0	0.0	0.0	0.0	1118.5682326621923
hsa-miR-153-3p	0.0	0.0	0.0	1118.5682326621923	0.0	0.0	0.0	0.0	0.0	0.0	0.0	0.0	0.0	0.0	0.0	0.0	0.0	0.0	0.0	0.0	0.0	0.0	0.0	0.0	0.0	0.0	0.0	0.0	0.0	0.0	0.0	0.0	0.0	0.0	0.0	0.0	0.0	1118.5682326621923
hsa-miR-197-3p	0.0	0.0	0.0	0.0	0.0	0.0	0.0	0.0	0.0	0.0	0.0	0.0	0.0	0.0	0.0	0.0	0.0	0.0	0.0	0.0	0.0	0.0	0.0	0.0	0.0	0.0	0.0	0.0	0.0	0.0	0.0	0.0	0.0	1077.5862068965516	0.0	0.0	0.0	1077.5862068965516
hsa-miR-326	813.0081300813008	0.0	0.0	0.0	0.0	0.0	0.0	0.0	0.0	0.0	0.0	0.0	0.0	0.0	0.0	0.0	0.0	0.0	0.0	0.0	0.0	0.0	0.0	0.0	0.0	0.0	0.0	0.0	0.0	0.0	0.0	0.0	0.0	0.0	0.0	0.0	0.0	813.0081300813008
hsa-miR-138-5p	813.0081300813008	0.0	0.0	0.0	0.0	0.0	0.0	0.0	0.0	0.0	0.0	0.0	0.0	0.0	0.0	0.0	0.0	0.0	0.0	0.0	0.0	0.0	0.0	0.0	0.0	0.0	0.0	0.0	0.0	0.0	0.0	0.0	0.0	0.0	0.0	0.0	0.0	813.0081300813008
hsa-miR-29c-3p	813.0081300813008	0.0	0.0	0.0	0.0	0.0	0.0	0.0	0.0	0.0	0.0	0.0	0.0	0.0	0.0	0.0	0.0	0.0	0.0	0.0	0.0	0.0	0.0	0.0	0.0	0.0	0.0	0.0	0.0	0.0	0.0	0.0	0.0	0.0	0.0	0.0	0.0	813.0081300813008
hsa-miR-431-3p	813.0081300813008	0.0	0.0	0.0	0.0	0.0	0.0	0.0	0.0	0.0	0.0	0.0	0.0	0.0	0.0	0.0	0.0	0.0	0.0	0.0	0.0	0.0	0.0	0.0	0.0	0.0	0.0	0.0	0.0	0.0	0.0	0.0	0.0	0.0	0.0	0.0	0.0	813.0081300813008
hsa-miR-98-5p	0.0	0.0	0.0	0.0	412.1162167731301	221.3368747233289	0.0	0.0	0.0	0.0	0.0	0.0	0.0	0.0	0.0	0.0	0.0	0.0	0.0	0.0	0.0	0.0	0.0	0.0	0.0	0.0	0.0	0.0	0.0	0.0	0.0	0.0	0.0	0.0	0.0	0.0	0.0	633.4530914964589
hsa-miR-1307-5p	0.0	0.0	0.0	0.0	412.1162167731301	221.3368747233289	0.0	0.0	0.0	0.0	0.0	0.0	0.0	0.0	0.0	0.0	0.0	0.0	0.0	0.0	0.0	0.0	0.0	0.0	0.0	0.0	0.0	0.0	0.0	0.0	0.0	0.0	0.0	0.0	0.0	0.0	0.0	633.4530914964589
hsa-miR-363-3p	0.0	0.0	0.0	0.0	0.0	553.3421868083223	0.0	0.0	0.0	0.0	0.0	0.0	0.0	0.0	0.0	0.0	0.0	0.0	0.0	0.0	0.0	0.0	0.0	0.0	0.0	0.0	0.0	0.0	0.0	0.0	0.0	0.0	0.0	0.0	0.0	0.0	0.0	553.3421868083223
hsa-miR-199a-3p	0.0	0.0	0.0	0.0	274.74414451542003	147.55791648221924	0.0	0.0	0.0	0.0	0.0	0.0	0.0	0.0	0.0	0.0	0.0	0.0	0.0	0.0	0.0	0.0	0.0	0.0	0.0	0.0	0.0	0.0	0.0	0.0	0.0	0.0	0.0	0.0	0.0	0.0	0.0	422.3020609976393
hsa-miR-340-5p	0.0	0.0	0.0	0.0	412.1162167731301	0.0	0.0	0.0	0.0	0.0	0.0	0.0	0.0	0.0	0.0	0.0	0.0	0.0	0.0	0.0	0.0	0.0	0.0	0.0	0.0	0.0	0.0	0.0	0.0	0.0	0.0	0.0	0.0	0.0	0.0	0.0	0.0	412.1162167731301
hsa-miR-323b-3p	0.0	0.0	0.0	0.0	412.1162167731301	0.0	0.0	0.0	0.0	0.0	0.0	0.0	0.0	0.0	0.0	0.0	0.0	0.0	0.0	0.0	0.0	0.0	0.0	0.0	0.0	0.0	0.0	0.0	0.0	0.0	0.0	0.0	0.0	0.0	0.0	0.0	0.0	412.1162167731301
hsa-miR-141-3p	0.0	0.0	0.0	0.0	412.1162167731301	0.0	0.0	0.0	0.0	0.0	0.0	0.0	0.0	0.0	0.0	0.0	0.0	0.0	0.0	0.0	0.0	0.0	0.0	0.0	0.0	0.0	0.0	0.0	0.0	0.0	0.0	0.0	0.0	0.0	0.0	0.0	0.0	412.1162167731301
hsa-miR-139-5p	0.0	0.0	0.0	0.0	412.1162167731301	0.0	0.0	0.0	0.0	0.0	0.0	0.0	0.0	0.0	0.0	0.0	0.0	0.0	0.0	0.0	0.0	0.0	0.0	0.0	0.0	0.0	0.0	0.0	0.0	0.0	0.0	0.0	0.0	0.0	0.0	0.0	0.0	412.1162167731301
hsa-miR-532-5p	0.0	0.0	0.0	0.0	412.1162167731301	0.0	0.0	0.0	0.0	0.0	0.0	0.0	0.0	0.0	0.0	0.0	0.0	0.0	0.0	0.0	0.0	0.0	0.0	0.0	0.0	0.0	0.0	0.0	0.0	0.0	0.0	0.0	0.0	0.0	0.0	0.0	0.0	412.1162167731301
hsa-miR-589-5p	0.0	0.0	0.0	0.0	0.0	0.0	337.2681281618887	0.0	0.0	0.0	0.0	0.0	0.0	0.0	0.0	0.0	0.0	0.0	0.0	0.0	0.0	0.0	0.0	0.0	0.0	0.0	0.0	0.0	0.0	0.0	0.0	0.0	0.0	0.0	0.0	0.0	0.0	337.2681281618887
hsa-miR-16-2-3p	0.0	0.0	0.0	0.0	0.0	332.00531208499336	0.0	0.0	0.0	0.0	0.0	0.0	0.0	0.0	0.0	0.0	0.0	0.0	0.0	0.0	0.0	0.0	0.0	0.0	0.0	0.0	0.0	0.0	0.0	0.0	0.0	0.0	0.0	0.0	0.0	0.0	0.0	332.00531208499336
hsa-miR-421	0.0	0.0	0.0	0.0	0.0	221.3368747233289	0.0	0.0	0.0	0.0	0.0	0.0	0.0	0.0	0.0	0.0	0.0	0.0	0.0	0.0	0.0	0.0	0.0	0.0	0.0	0.0	0.0	0.0	0.0	0.0	0.0	0.0	0.0	0.0	0.0	0.0	0.0	221.3368747233289
hsa-miR-32-5p	0.0	0.0	0.0	0.0	0.0	221.3368747233289	0.0	0.0	0.0	0.0	0.0	0.0	0.0	0.0	0.0	0.0	0.0	0.0	0.0	0.0	0.0	0.0	0.0	0.0	0.0	0.0	0.0	0.0	0.0	0.0	0.0	0.0	0.0	0.0	0.0	0.0	0.0	221.3368747233289
hsa-miR-4732-3p	0.0	0.0	0.0	0.0	0.0	221.3368747233289	0.0	0.0	0.0	0.0	0.0	0.0	0.0	0.0	0.0	0.0	0.0	0.0	0.0	0.0	0.0	0.0	0.0	0.0	0.0	0.0	0.0	0.0	0.0	0.0	0.0	0.0	0.0	0.0	0.0	0.0	0.0	221.3368747233289
hsa-miR-335-5p	0.0	0.0	0.0	0.0	0.0	221.3368747233289	0.0	0.0	0.0	0.0	0.0	0.0	0.0	0.0	0.0	0.0	0.0	0.0	0.0	0.0	0.0	0.0	0.0	0.0	0.0	0.0	0.0	0.0	0.0	0.0	0.0	0.0	0.0	0.0	0.0	0.0	0.0	221.3368747233289
hsa-miR-409-3p	0.0	0.0	0.0	0.0	0.0	221.3368747233289	0.0	0.0	0.0	0.0	0.0	0.0	0.0	0.0	0.0	0.0	0.0	0.0	0.0	0.0	0.0	0.0	0.0	0.0	0.0	0.0	0.0	0.0	0.0	0.0	0.0	0.0	0.0	0.0	0.0	0.0	0.0	221.3368747233289
hsa-miR-28-5p	0.0	0.0	0.0	0.0	0.0	221.3368747233289	0.0	0.0	0.0	0.0	0.0	0.0	0.0	0.0	0.0	0.0	0.0	0.0	0.0	0.0	0.0	0.0	0.0	0.0	0.0	0.0	0.0	0.0	0.0	0.0	0.0	0.0	0.0	0.0	0.0	0.0	0.0	221.3368747233289
hsa-miR-223-3p	0.0	0.0	0.0	0.0	0.0	221.3368747233289	0.0	0.0	0.0	0.0	0.0	0.0	0.0	0.0	0.0	0.0	0.0	0.0	0.0	0.0	0.0	0.0	0.0	0.0	0.0	0.0	0.0	0.0	0.0	0.0	0.0	0.0	0.0	0.0	0.0	0.0	0.0	221.3368747233289
hsa-miR-199b-3p	0.0	0.0	0.0	0.0	137.37207225771002	73.77895824110962	0.0	0.0	0.0	0.0	0.0	0.0	0.0	0.0	0.0	0.0	0.0	0.0	0.0	0.0	0.0	0.0	0.0	0.0	0.0	0.0	0.0	0.0	0.0	0.0	0.0	0.0	0.0	0.0	0.0	0.0	0.0	211.15103049881964
hsa-miR-320c	0.0	0.0	0.0	0.0	0.0	0.0	134.90725126475547	0.0	0.0	0.0	0.0	0.0	0.0	0.0	0.0	0.0	0.0	0.0	0.0	0.0	0.0	0.0	0.0	0.0	0.0	0.0	0.0	0.0	0.0	0.0	0.0	0.0	0.0	0.0	0.0	0.0	0.0	134.90725126475547
