name	SRX258935	SRX258931	SRX258933	SRX258932	SRX258926	SRX258927	SRX258937	SRX258936	SRX258930	SRX258934	SRX258939	SRX258938	SRX258928	SRX258929
hsa-miR-214-5p	4	0	2	0	0	8	3	0	3	5	3	3	7	4
hsa-miR-4645-3p	0	0	0	0	0	0	0	0	0	0	0	0	2	0
hsa-miR-98-5p	219	176	129	83	259	317	62	65	165	170	278	373	695	640
hsa-miR-767-5p	879	1165	1459	1162	2255	2869	1885	1209	1240	755	1151	1507	1596	1581
hsa-miR-6133	2	0	0	0	0	0	0	0	0	0	0	0	0	0
hsa-miR-6132	0	0	0	0	2	0	0	0	0	0	2	0	0	0
hsa-miR-651-5p	3	0	0	0	0	0	0	0	0	0	3	0	14	12
hsa-miR-6866-5p	0	0	0	0	0	0	0	0	0	0	0	0	0	6
hsa-miR-6131	31	0	0	0	2	2	0	0	0	34	31	26	24	27
hsa-miR-6130	0	0	0	0	0	0	0	0	0	0	1	2	2	2
hsa-miR-656-3p	2452	482	5279	5381	5574	8617	10530	7276	473	2148	3776	4785	6214	5307
hsa-miR-376a-3p	33	7	6	17	54	85	104	61	9	18	79	121	133	133
hsa-miR-148a-5p	69	47	24	31	87	77	27	32	56	53	94	131	128	146
hsa-miR-618	0	0	0	0	0	3	0	0	0	0	0	0	0	2
hsa-miR-185-5p	1800	37	4918	3068	12625	11545	6963	3591	32	1565	2667	3529	4726	4751
hsa-miR-377-5p	95	92	405	598	835	1135	466	367	85	71	80	130	141	137
hsa-miR-30b-3p	2	0	0	0	0	0	0	0	0	2	6	10	9	12
hsa-miR-1468-5p	2	5	0	0	0	2	0	0	15	0	5	6	6	4
hsa-miR-4639-3p	0	0	0	0	0	2	0	0	0	0	0	0	0	0
hsa-miR-150-3p	2	19	0	0	0	13	0	0	25	0	3	2	12	2
hsa-miR-342-3p	166	375	346	357	682	839	403	315	405	116	216	301	393	367
hsa-miR-7-5p	690	0	67	61	186	201	62	32	0	687	609	1082	1938	1980
hsa-miR-548a-3p	0	0	0	0	0	2	0	0	0	0	0	0	2	0
hsa-miR-6820-5p	0	0	0	0	2	0	0	0	0	0	0	0	0	0
hsa-miR-6125	2	0	0	0	0	0	0	0	0	0	0	0	0	0
hsa-miR-4752	0	0	0	2	0	0	0	0	0	0	0	0	0	0
hsa-miR-138-2-3p	61	38	22	16	63	52	38	19	36	66	61	77	86	85
hsa-miR-144-3p	113	79	346	693	1882	2817	666	649	64	93	137	124	306	286
hsa-miR-331-5p	107	93	182	155	166	270	186	132	47	64	55	98	107	75
hsa-miR-26b-5p	256	196	98	96	352	511	189	123	154	193	308	462	798	724
hsa-miR-889-3p	2916	4977	287	239	564	964	608	349	4562	2616	4286	5969	8087	7593
hsa-miR-5189-5p	0	0	0	5	0	2	0	0	17	0	0	0	2	2
hsa-miR-15a-3p	0	0	5	3	16	6	8	13	0	0	0	0	0	0
hsa-miR-34c-3p	42	22	124	63	151	168	142	64	34	37	22	49	31	45
hsa-miR-3120-3p	2	0	0	0	0	3	0	0	2	0	4	4	11	17
hsa-miR-181c-5p	123	2518	415	431	1218	1411	607	335	2242	115	142	173	292	312
hsa-miR-3661	0	7	3	0	0	0	0	0	4	0	3	0	2	5
hsa-miR-1224-5p	14767	3747	4598	3252	5110	5743	1337	771	3557	12999	11676	15638	14417	16830
hsa-miR-191-3p	589	695	109	177	192	321	95	103	612	472	752	867	835	959
hsa-miR-1229-3p	0	0	0	0	0	0	0	0	0	0	0	0	0	2
hsa-miR-383-3p	2	6	6	8	17	27	19	11	13	2	0	0	0	2
hsa-miR-214-3p	9	12	50	27	58	78	67	27	0	14	17	23	18	16
hsa-miR-93-5p	177	236	119	75	395	465	180	114	241	163	249	446	632	563
hsa-miR-767-3p	0	0	0	7	4	9	0	0	0	2	0	0	0	0
hsa-miR-98-3p	32	109	195	184	446	560	193	175	106	23	43	59	77	86
hsa-miR-33b-5p	0	7	0	0	4	2	0	0	0	0	0	0	0	0
hsa-miR-148a-3p	27619	5990	293	201	604	741	389	314	6395	24007	32621	44873	51807	57912
hsa-miR-127-5p	698	55	94	105	223	245	181	93	73	618	689	940	1258	1126
hsa-miR-1271-5p	0	0	0	0	3	0	0	0	24	0	0	0	0	2
hsa-miR-185-3p	195	26	37	58	100	143	73	46	34	184	219	285	384	339
hsa-miR-377-3p	174	57	341	203	1614	1722	632	679	42	144	226	318	435	420
hsa-let-7a-2-3p	8	4	6	5	3	8	5	3	0	2	7	21	20	18
hsa-miR-3085-3p	30	22	93	89	55	76	89	48	28	30	26	54	32	25
hsa-miR-19b-3p	279	185	610	316	2344	2188	1199	717	265	211	276	497	719	683
hsa-miR-1260b	7	34	6	17	79	72	37	18	32	2	8	3	25	37
hsa-miR-1260a	0	15	6	0	22	26	16	8	2	0	1	0	5	9
hsa-miR-3074-5p	128	30	83	36	88	66	43	19	38	104	200	195	228	221
hsa-miR-18a-5p	3	4	0	0	8	18	0	0	0	2	0	0	5	0
hsa-miR-331-3p	30	0	19	29	53	101	46	24	8	26	11	28	32	53
hsa-miR-499a-5p	177	0	19	16	29	21	7	3	0	129	182	226	294	313
hsa-miR-26b-3p	17	47	102	139	207	268	59	39	47	9	21	25	38	49
hsa-miR-4291	0	0	0	0	0	0	0	2	0	0	0	0	0	0
hsa-miR-941	8	49	0	0	12	6	0	0	42	7	2	5	21	24
hsa-miR-940	0	0	0	0	0	2	0	0	0	0	0	0	0	0
hsa-miR-628-5p	27	16	0	0	7	12	2	2	14	16	25	31	57	55
hsa-miR-494-3p	0	0	0	3	11	14	0	0	0	0	0	0	0	2
hsa-miR-181c-3p	214	506	867	1479	1429	2202	752	608	503	158	190	332	649	531
hsa-miR-1224-3p	0	3	0	0	0	3	10	0	0	0	4	8	6	7
hsa-miR-873-5p	379	330	148	306	279	485	232	192	414	337	476	581	632	598
hsa-miR-570-3p	0	0	0	0	2	0	0	0	0	0	0	0	0	0
hsa-miR-93-3p	6	0	65	46	125	118	56	33	16	2	5	11	10	9
hsa-let-7c-5p	5638	1495	2025	1453	3773	4306	907	495	1487	5072	6538	9447	17488	16735
hsa-miR-483-5p	31	0	5	0	11	17	3	0	0	29	14	20	46	53
hsa-miR-122-5p	6740	24	683	415	882	797	38	23	8	5898	1943	2515	4040	4842
hsa-miR-127-3p	27811	69049	60746	42535	49857	52049	19479	11164	61806	24346	27368	37958	38346	39472
hsa-miR-323b-3p	57	19	30	15	34	41	20	25	27	49	56	63	195	162
hsa-miR-6529-5p	25146	26553	7087	6242	6469	6793	3067	1852	23108	21976	21601	26835	19812	22734
hsa-miR-372-3p	0	0	0	0	0	0	0	0	0	0	0	2	0	0
hsa-miR-4286	0	0	4	2	20	26	4	6	0	0	0	0	0	0
hsa-miR-935	63	22	63	90	122	210	207	134	40	56	83	107	92	127
hsa-miR-933	0	0	0	0	0	0	0	0	0	0	0	0	2	0
hsa-miR-450b-5p	229	235	220	158	220	306	259	132	291	234	253	434	516	405
hsa-miR-200b-5p	9	0	3	0	9	10	8	0	0	11	15	23	15	17
hsa-miR-130a-3p	412	3169	2560	2007	6490	7170	3578	2364	3087	309	375	503	447	511
hsa-miR-496	17	8	69	68	113	196	79	57	24	9	15	21	36	24
hsa-miR-361-5p	891	1314	20743	32124	20023	33446	13607	12625	1402	684	787	1043	1332	1155
hsa-miR-3199	0	4	0	0	0	0	0	0	0	0	0	0	0	0
hsa-miR-3198	0	0	0	0	0	0	0	0	0	0	0	0	0	2
hsa-miR-3196	0	0	0	0	0	0	0	0	0	0	0	0	0	2
hsa-miR-3195	0	0	0	0	0	0	0	0	0	0	0	0	0	2
hsa-miR-3074-3p	2	2	0	4	10	6	14	11	2	0	0	0	0	0
hsa-miR-18a-3p	0	0	2	0	5	7	0	2	0	2	3	0	4	9
hsv2-miR-H10	18	3	0	4	0	0	2	2	0	26	27	33	23	31
hsa-miR-1912-5p	3	0	0	0	0	4	2	0	0	0	5	5	4	3
hsa-miR-499a-3p	0	0	0	0	0	2	0	0	0	0	0	0	0	0
hsa-miR-5010-5p	0	3	0	0	0	2	0	0	4	0	0	0	0	0
Hsa-Mir-3059_5p	0	0	1	0	3	1	2	2	3	0	3	2	4	2
hsa-miR-3913-5p	0	0	0	0	0	0	0	0	0	0	0	0	0	2
hsa-miR-365b-5p	0	0	0	4	0	0	0	0	0	4	0	3	2	0
hsa-miR-431-5p	21	185	17	43	47	73	37	22	169	22	28	25	23	35
hsa-miR-628-3p	222	75	360	179	552	695	492	259	82	210	267	372	517	576
hsa-miR-873-3p	838	6175	3003	1451	1865	1543	883	509	5714	757	607	842	704	782
hsa-miR-484	2920	1882	13247	11593	10655	15198	11382	6452	1992	2299	3504	4463	4791	4225
hsa-miR-99a-5p	525812	32068	1002918	700697	650615	686210	341603	257704	34441	440411	481573	581363	499805	528209
hsa-miR-3188	0	0	0	0	0	0	0	0	0	0	0	0	2	0
hsa-let-7c-3p	53	6	11	31	22	43	21	16	6	47	96	126	114	121
hsa-miR-425-5p	644	696	1054	586	2501	2275	1095	784	716	519	593	635	859	878
hsa-miR-3182	0	0	0	0	0	0	0	0	0	2	0	0	4	2
hsa-miR-670-5p	0	0	0	0	0	0	0	2	0	0	0	0	0	0
hsa-miR-122-3p	0	0	2	0	0	0	0	0	0	0	0	0	0	2
hsa-miR-3180	1	0	0	0	0	0	0	0	0	0	0	0	0	0
hsa-miR-501-5p	0	0	129	70	123	129	67	28	0	10	6	7	9	5
hsa-miR-6529-3p	619	26	24	13	31	21	16	0	44	557	1058	1319	1221	1338
hsa-miR-4260	0	0	0	0	0	0	0	0	3	0	0	0	0	0
hsa-miR-200b-3p	58	0	46	18	15	21	4	0	0	41	26	34	59	70
hsa-miR-3615	34	20	7	7	48	78	8	2	14	32	22	37	175	167
hsa-miR-450a-2-3p	0	0	0	3	4	5	7	4	0	2	0	3	9	4
hsa-miR-361-3p	838	55	29	28	51	71	17	10	59	666	776	1081	1234	1302
hsa-miR-3178	0	0	0	2	0	0	0	0	0	0	0	0	0	0
hsa-miR-29b-3p	119	32	984	857	2410	2868	2354	1749	41	117	197	252	298	277
hsa-miR-3176	0	0	0	0	0	0	0	0	4	0	0	0	0	0
hsa-miR-3175	2	0	0	0	0	0	0	0	0	0	0	0	0	0
hsa-miR-1912-3p	6	6	197	126	387	304	123	73	14	7	5	7	6	8
hsa-miR-125b-1-3p	5627	4531	2112	1757	1126	1353	542	333	4535	4670	4066	5237	4022	4284
hsa-miR-105-5p	2285	59	85	33	216	206	103	62	79	1768	1812	2197	2529	2754
hsa-miR-376c-5p	0	0	0	0	0	2	0	0	0	0	0	0	0	1
hsa-miR-542-5p	0	0	0	0	0	0	2	5	0	0	0	0	0	0
hsa-miR-365b-3p	30	9	96	45	226	256	167	89	28	24	40	65	51	47
hsa-miR-431-3p	111	171	113	99	141	175	118	61	152	104	91	104	123	83
hsa-miR-30d-5p	40755	20735	20442	16485	28088	35210	15179	8165	20145	35555	32168	44046	70848	70816
hsa-miR-551b-5p	18	0	4	2	18	36	3	2	2	13	9	20	30	26
hsa-miR-29b-2-5p	9	0	6	2	8	14	6	11	0	3	0	0	2	12
hsa-miR-5696	0	2	0	0	0	0	0	0	0	0	0	0	0	0
hsa-miR-301b-5p	0	0	0	0	0	3	0	3	0	0	0	0	0	0
hsa-miR-30c-2-3p	21	18	12	2	6	9	2	2	43	12	24	36	40	37
hsa-miR-107	509	1636	319	534	843	1250	1091	829	1192	409	515	647	884	774
hsa-miR-152-5p	0	4	0	0	0	0	0	0	0	0	5	0	0	4
hsa-miR-99a-3p	20	38	35	41	99	148	81	72	31	8	21	29	58	49
hsa-miR-3168	110	0	0	75	321	17	37	36	8	56	241	195	93	75
hsa-miR-6511a-5p	0	0	0	0	0	2	0	0	0	0	0	0	2	0
hsa-miR-425-3p	375	54	1953	3293	2217	3745	1515	1397	100	305	335	454	476	468
hsa-miR-4662a-5p	0	0	0	3	3	3	0	0	4	0	0	0	3	0
hsa-miR-3161	0	0	4	0	0	0	0	0	0	0	0	0	0	0
hsa-miR-670-3p	0	6	6	0	0	16	6	0	36	0	4	6	5	5
hsa-miR-501-3p	1036	3182	4712	6039	2994	3891	2699	2128	3583	1022	1096	1502	1536	1420
hsa-miR-24-3p	28480	6154	11481	17815	26674	36382	17398	11571	5677	23889	30009	36285	35370	39569
hsa-miR-133a-3p	381	128	275	338	417	671	291	208	110	340	262	322	441	422
hsa-miR-338-5p	5	0	0	2	21	15	2	2	4	3	3	6	64	66
hsa-miR-222-5p	0	0	0	4	0	0	0	0	4	0	0	2	0	2
hsa-miR-190b-5p	41	0	19	15	44	27	19	10	9	41	57	57	132	113
hsa-miR-5683	0	0	0	0	0	0	0	0	0	0	2	0	0	0
hsa-miR-3180-3p	3	0	0	0	0	0	0	0	0	3	0	0	2	0
hsa-miR-1307-5p	102	315	65	96	101	167	92	106	250	83	93	151	186	173
hsa-miR-769-5p	0	4	3	4	24	30	0	0	5	0	2	0	18	24
hsa-miR-100-5p	63500	51915	203695	38790	106740	48240	24559	16024	57523	57245	58949	84701	82224	83186
hsa-miR-653-5p	0	0	0	0	0	0	5	0	0	0	0	0	0	0
hsa-miR-105-3p	94	3	10	12	15	36	4	2	9	66	94	151	168	202
hsa-miR-376c-3p	0	0	0	0	5	6	0	0	9	0	0	0	4	5
hsa-miR-542-3p	109	2	7	4	26	38	20	7	5	108	71	105	201	211
hsa-miR-187-5p	69	31	100	88	52	52	25	12	24	39	39	55	42	50
hsa-miR-379-5p	2832	11	87	39	166	110	34	28	9	2646	3211	4758	5023	5601
hsa-miR-30d-3p	80	117	36	38	80	148	47	32	101	76	76	110	189	154
hsa-miR-551b-3p	5	4	4	4	24	16	25	13	9	0	5	2	6	7
hsa-miR-455-5p	690	40	87	58	165	230	267	165	26	563	910	1099	1080	1217
hsa-miR-448	6	0	4	5	5	6	0	0	4	0	6	2	11	4
hsa-miR-301b-3p	0	6	0	0	0	0	0	0	0	0	0	0	0	0
hsa-miR-152-3p	366	12	90	51	183	173	58	35	24	358	473	669	804	834
hsa-miR-9-5p	89029	3213	10390	8732	14547	20743	18959	12846	3056	78550	88647	133918	212769	196799
hsa-miR-10a-5p	2800	37752	7465	5516	4810	5348	1293	785	37863	2515	3821	5481	5423	5351
hsa-miR-6511a-3p	0	0	0	0	0	0	0	0	0	0	0	0	2	0
hsa-miR-4799-5p	0	5	0	0	0	0	0	0	0	0	0	0	0	0
hsa-miR-550a-5p	2	2	2	2	8	9	0	0	0	0	0	0	9	7
hsa-miR-10527-5p	76	10	9	48	43	80	28	11	0	56	61	105	104	105
hsa-miR-3143	0	0	0	0	3	2	0	0	0	0	0	2	2	3
hsa-miR-203b-3p	2	0	0	0	0	0	2	0	0	0	0	2	4	0
hsa-miR-7854-3p	0	0	0	0	0	3	0	0	0	0	0	0	0	0
hsa-miR-92b-5p	82	4	32	13	10	22	2	0	2	62	78	104	99	104
hsa-miR-338-3p	73	431	1226	1097	3339	3870	494	400	375	49	91	89	146	143
hsa-miR-3939	0	0	2	0	0	0	0	0	0	0	0	0	0	0
hsa-miR-222-3p	9127	3226	2632	2359	5394	6088	2046	1482	3159	7726	9167	12670	13921	15094
hsa-miR-4659b-3p	0	0	0	0	2	0	0	0	0	0	0	0	0	0
hsa-miR-6513-3p	0	2	0	0	0	0	0	0	0	0	0	0	0	0
hsa-miR-4753-5p	0	0	2	0	0	0	0	0	0	0	0	0	0	0
hsa-miR-3138	2	0	0	0	0	0	0	0	2	2	0	0	11	13
hsa-miR-211-5p	3	8	6	8	15	28	6	5	9	6	2	5	10	7
hsa-miR-1307-3p	672	54	119	75	144	184	59	21	54	590	537	709	697	846
hsa-miR-653-3p	0	0	0	0	3	0	3	0	0	0	2	0	0	0
hsa-miR-129-5p	182230	2354	3502	4996	4472	7737	5237	4502	2303	154128	129558	167678	142024	150768
hsa-miR-182-5p	90	1555	154	177	343	388	96	83	1619	64	100	135	287	338
hsa-miR-187-3p	142	71	40	45	83	125	54	34	68	114	177	190	239	235
hsa-miR-205-5p	0	0	5	0	6	4	13	6	2	0	0	0	0	2
hsa-miR-379-3p	12	22	3	6	9	15	23	6	30	12	20	11	29	34
hsa-miR-5587-3p	0	3	0	0	0	0	0	0	0	0	0	0	0	0
hsa-miR-758-5p	3	13	110	108	179	201	127	65	10	0	2	0	2	0
hsa-miR-429	0	0	0	2	2	0	0	2	0	4	0	3	0	0
hsa-miR-455-3p	3	4	13	23	52	101	47	44	0	0	0	3	0	0
hsa-miR-6741-5p	0	0	0	0	0	0	0	0	0	0	0	0	0	2
hsa-miR-147b-5p	0	0	0	0	0	0	0	0	0	0	0	0	2	2
hsa-miR-421	456	1611	2653	3937	2921	4547	1546	1327	1821	374	379	618	749	743
hsa-miR-9-3p	96900	4350	63490	41141	150422	167301	98224	53183	4659	82216	78948	103767	102159	102730
hsa-miR-10a-3p	32	8	7	8	9	7	2	4	6	25	31	32	48	42
hsa-miR-193b-5p	197	22	49	19	17	36	10	4	9	173	115	146	131	123
hsa-miR-374a-5p	4	23	2	0	3	0	12	7	13	0	7	5	14	17
hsa-miR-141-3p	0	35	13	8	11	7	0	0	13	0	0	0	0	3
hsa-miR-92b-3p	9956	109706	23724	34243	19699	31332	17371	15040	109556	8188	9286	12268	10522	10222
hsa-miR-26a-1-3p	760	492	126	69	279	387	145	62	478	564	693	923	1005	1168
hsa-miR-6735-5p	0	3	0	0	0	0	0	0	0	0	0	0	0	0
hsa-miR-1185-2-3p	0	0	0	0	1	0	0	0	0	0	0	0	0	0
hsa-miR-4485-3p	0	0	0	0	0	3	0	0	0	0	0	0	0	0
hsa-miR-491-5p	0	0	6	2	4	6	4	0	0	0	0	2	0	0
hsa-miR-487a-5p	90	2	14	15	35	62	22	14	0	70	64	81	138	164
hsa-miR-95-3p	5	0	0	4	0	2	0	0	0	6	0	9	0	4
hsa-miR-6805-5p	0	0	0	0	0	0	0	0	0	0	0	0	2	0
hsa-let-7e-5p	1714	1917	462	330	729	812	353	230	1891	1580	1676	2330	3223	3102
hsa-miR-7-1-3p	35	44	101	109	390	434	464	269	61	29	60	55	68	97
hsa-miR-124-5p	87	5	34	26	60	71	68	34	0	71	53	79	118	83
hsa-miR-485-5p	3	4	0	0	4	10	0	0	3	0	0	0	34	49
hsa-miR-182-3p	0	0	2	0	0	3	0	0	0	0	0	0	0	0
hsa-miR-508-5p	0	0	0	0	0	2	0	0	0	0	0	0	2	0
hsa-miR-3909	0	0	0	0	0	2	2	0	0	0	0	0	0	0
hsa-miR-3907	0	4	0	0	0	0	0	0	0	0	0	0	0	0
hsa-miR-758-3p	56	173	208	233	223	313	144	135	194	42	33	100	103	94
hsa-miR-122b-5p	7	0	0	0	0	0	0	0	0	8	8	12	2	6
hsa-miR-6852-5p	0	2	0	0	4	10	0	2	16	0	0	0	8	5
hsa-miR-128-2-5p	61	163	53	32	54	55	18	3	218	51	91	129	126	130
hsa-miR-765	0	0	0	0	0	0	0	0	0	0	0	2	0	0
hsa-miR-764	9	0	0	7	0	6	2	8	0	4	6	2	11	5
hsa-miR-363-5p	0	0	0	0	0	0	0	0	0	0	0	2	0	2
hsa-miR-760	33963	1781	7248	6062	5327	6933	4067	2644	1772	29373	22224	29065	23085	25440
hsa-miR-193b-3p	34	24	245	270	447	529	655	527	46	13	31	45	24	18
hsa-miR-218-2-3p	8	14	13	3	15	19	8	10	0	11	17	33	18	13
hsa-miR-1343-3p	345	79	182	110	298	321	90	83	141	269	532	673	792	749
hsa-miR-5192	0	0	0	0	0	0	0	0	0	0	0	0	0	3
hsa-miR-374a-3p	0	0	0	5	5	4	0	0	2	3	0	4	8	5
hsa-miR-146a-5p	2474	9463	11472	6975	28193	26021	3909	2482	9272	2181	2205	3126	7003	6640
hsa-miR-20a-5p	187	7	56	16	94	131	98	37	12	136	238	295	676	644
hsa-miR-5190	0	0	0	0	0	0	0	0	4	0	0	0	0	0
hsa-miR-1297	0	0	0	2	1	1	4	2	0	0	1	0	0	0
hsa-miR-4433b-5p	0	4	0	2	6	12	0	0	11	0	0	2	9	12
hsa-miR-1294	0	2	0	0	0	0	0	0	0	0	0	0	3	0
hsa-miR-1291	2	0	0	3	2	2	2	0	3	0	3	5	0	5
hsa-miR-433-5p	0	0	0	4	2	0	0	2	0	0	0	2	0	0
hsa-miR-625-5p	0	0	0	0	3	2	0	0	0	0	0	0	0	2
hsa-miR-491-3p	0	0	0	2	3	2	0	0	0	0	0	0	0	0
hsa-miR-1908-5p	8	0	3	2	10	12	0	0	0	12	0	4	22	36
hsa-miR-32-5p	150	38	15	34	73	168	46	18	40	125	152	175	225	206
hsa-miR-487a-3p	10	14	4	3	51	41	17	19	25	0	6	7	33	23
hsa-let-7e-3p	118	53	37	69	86	194	77	98	58	116	186	228	338	326
hsa-miR-550a-3-5p	0	0	0	0	3	1	0	0	0	0	0	0	1	3
hsa-miR-548j-5p	0	0	0	0	0	0	0	0	0	0	0	2	0	0
hsa-miR-3059-5p	0	0	1	0	3	1	2	2	3	0	3	2	4	2
hsa-miR-548o-3p	0	3	0	0	0	3	0	0	0	0	0	2	4	10
hsa-miR-124-3p	30010	15470	510278	840548	656359	878802	494184	463342	12808	24532	22750	27003	36555	34825
hsa-miR-485-3p	11	4	7	9	13	12	5	5	5	11	27	33	34	25
hsa-miR-503-5p	9	0	5	11	23	20	15	2	0	8	11	8	25	19
hsa-miR-1284	0	0	0	0	0	0	0	0	0	0	0	0	0	2
ebv-miR-BART18-3p	0	0	0	0	0	0	0	0	0	2	0	0	0	0
hsa-miR-196b-5p	0	0	0	0	0	2	0	0	0	0	0	0	0	0
hsa-miR-642b-3p	0	0	0	0	0	0	0	0	0	0	0	0	0	2
hsa-miR-363-3p	315	539	650	512	1981	2544	558	361	530	212	340	384	721	711
hsa-miR-451a	2351	2803	3484	3231	69277	75547	9098	5772	2829	1794	3560	4222	18839	20136
hsa-miR-3187-3p	0	0	0	0	2	0	0	0	0	0	0	2	2	0
hsa-miR-514a-3p	9	2	2	2	8	11	2	0	4	10	8	19	28	19
hsa-miR-216b-5p	68	10	34	9	69	75	30	20	6	64	74	81	115	135
Hsa-Mir-599_5p	0	0	0	0	0	0	2	0	0	0	0	0	0	0
hsa-miR-146a-3p	0	0	6	13	18	19	2	4	0	0	0	0	0	6
hsa-miR-1278	0	0	0	0	0	0	0	0	0	0	0	0	2	3
hsa-miR-378i	0	0	0	0	0	0	0	0	0	0	0	4	4	0
hsa-miR-1251-5p	78	23	90	128	178	289	141	137	41	48	76	63	69	84
hsa-miR-4433b-3p	18	0	2	0	10	9	2	0	8	31	6	4	131	158
hsa-miR-378g	188	12	59	68	74	150	42	35	37	126	167	241	243	237
hsa-miR-378f	0	0	0	0	0	0	0	0	0	2	0	2	2	0
hsa-miR-378e	1	0	0	0	0	0	0	0	0	3	1	6	2	2
hsa-miR-1270	0	0	0	0	0	0	0	0	0	0	2	0	0	0
hsv1-miR-H18	0	2	0	0	0	0	0	0	0	0	0	0	0	0
hsa-miR-378d	161	13	10	17	20	24	27	5	9	149	174	251	180	219
hsa-miR-9983-3p	0	0	0	0	0	0	0	0	0	0	0	4	9	4
hsa-miR-378c	225	33	15	27	39	52	48	26	30	211	241	368	312	335
hsa-miR-3065-3p	0	0	0	0	0	0	0	2	0	0	0	0	0	0
hsa-miR-433-3p	43988	1583	5521	6818	5335	7953	5106	3694	1503	37231	34226	47186	49840	46722
hsa-miR-378b	16	4	4	13	12	15	6	3	0	8	15	29	46	15
hsa-miR-625-3p	9	5	0	2	10	19	0	0	5	17	2	7	119	123
hsa-miR-1908-3p	0	0	0	0	0	0	0	0	3	0	0	0	0	0
hsa-miR-32-3p	0	0	0	0	0	3	2	0	0	0	2	0	0	2
hsa-miR-154-5p	122	39	30	32	56	63	159	90	51	71	71	87	86	73
hsa-miR-4777-3p	0	0	0	0	0	0	0	0	0	0	0	0	2	0
hsa-miR-548e-5p	0	0	0	0	0	0	0	0	0	0	0	0	2	0
hsa-miR-3059-3p	5	0	0	0	8	7	3	4	0	2	4	3	4	6
hsa-miR-6829-5p	0	0	0	0	0	0	0	0	0	2	0	0	0	0
hsa-miR-125b-5p	38210	26996	105261	71552	124133	136507	30636	18459	31051	33149	44079	62072	70306	67837
hsa-miR-21-5p	28094	5474	2076	1424	5173	5502	3257	1738	5450	23725	25289	32220	49874	51558
hsa-miR-24-1-5p	57	0	7	11	29	38	23	11	0	48	84	85	105	119
hsa-miR-1264	42	23	84	94	275	512	420	343	9	28	81	107	155	96
hsa-miR-1273h-3p	4	3	0	0	2	3	0	0	5	0	2	0	13	18
hsa-miR-1292-5p	0	0	0	0	4	0	4	0	0	0	0	0	2	2
hsa-miR-4510	11	2	4	3	4	4	2	2	6	12	10	16	33	37
hsa-miR-224-5p	12	6	33	27	78	59	6	0	0	18	20	38	46	39
hsa-miR-500b-5p	0	0	6	10	16	18	3	8	0	0	0	1	0	0
hsa-miR-6515-5p	0	0	0	0	0	0	0	0	0	0	0	0	0	3
hsa-miR-3124-5p	0	0	0	0	0	0	0	0	0	0	2	0	0	0
hsa-miR-23a-5p	2	0	0	0	0	0	0	0	0	2	0	0	12	9
hsa-miR-195-5p	176	834	531	343	1419	1674	893	487	651	135	139	212	322	312
hsa-miR-216b-3p	2	0	6	2	5	0	6	3	0	0	0	0	0	4
hsa-miR-579-5p	0	0	0	0	0	0	0	0	0	2	0	0	0	0
hsa-miR-218-5p	10654	735	343	373	1374	2122	1912	1319	656	8337	14843	16641	20092	21479
hsa-miR-4508	11	0	0	0	0	0	0	0	0	10	6	13	10	9
hsa-miR-655-5p	0	0	3	0	0	2	0	0	0	0	0	0	2	0
hsa-miR-6509-5p	0	4	0	0	0	0	0	0	0	0	0	0	0	0
hsa-miR-1251-3p	0	0	0	2	0	0	0	0	0	0	0	0	0	4
hsa-miR-1273c	0	0	0	0	0	0	0	0	0	0	0	3	0	0
hsa-miR-549a-3p	0	0	0	0	0	0	0	0	0	0	0	0	3	0
hsa-miR-30a-5p	27793	35274	19562	18011	27399	38250	18038	10803	33181	24812	25641	38914	56321	52477
hsa-miR-154-3p	23	24	117	76	251	313	307	143	28	21	35	58	84	71
hsa-miR-106b-5p	54	16	27	24	212	202	135	98	10	34	68	119	123	130
hsa-miR-27b-5p	5	0	2	0	7	10	4	0	14	3	6	5	11	13
hsa-miR-548e-3p	0	5	3	0	9	15	3	0	5	0	0	2	14	16
hsa-miR-10395-3p	0	0	0	0	0	0	0	0	0	2	2	3	0	0
hsa-miR-1248	0	0	2	0	0	0	0	0	0	0	0	0	0	0
hsa-miR-199b-5p	21	7	42	37	83	139	44	25	7	16	13	28	71	57
hsa-miR-21-3p	21	501	66	101	277	406	34	19	405	18	2	10	84	73
hsa-miR-143-5p	24	0	41	23	104	72	51	26	0	36	58	66	75	87
hsa-miR-1246	10	0	0	0	0	2	0	0	0	6	2	10	9	3
hsa-miR-548l	0	0	0	0	0	0	0	0	0	0	0	0	0	2
hsa-miR-548k	0	0	0	2	5	3	0	0	0	0	0	0	3	0
hsa-miR-335-5p	513	655	8711	5121	15488	16072	6069	3099	740	393	439	546	768	741
hsa-miR-224-3p	0	0	0	0	4	11	0	0	0	0	0	0	0	0
hsa-miR-411-5p	1396	812	519	1180	821	1450	1103	1031	655	1060	1552	2147	2530	2622
hsa-miR-219b-5p	0	0	0	0	4	2	0	3	0	0	0	0	2	0
hsa-miR-34b-5p	7	18	0	0	0	4	0	0	37	7	7	2	17	15
hsa-miR-500b-3p	1	0	2	5	3	5	6	1	0	2	0	4	5	4
hsa-miR-23a-3p	3207	204	782	1222	1570	2396	2966	2444	209	2661	3693	4776	5080	4947
hsa-miR-137-5p	485	2	4	6	4	6	2	0	0	396	380	513	385	415
hsa-miR-329-5p	0	0	0	0	0	0	0	0	0	0	0	5	6	0
hsa-miR-1228-5p	0	0	0	0	0	0	0	0	0	0	2	2	0	6
hsa-miR-3200-3p	0	0	0	0	7	6	0	0	0	0	0	0	0	0
hsa-miR-382-5p	1522	18	399	235	554	510	216	87	10	1457	1415	2043	2154	2216
hsa-miR-195-3p	213	33	22	17	17	25	9	6	34	168	232	257	321	299
hsa-miR-129-2-3p	148	97	578	619	1171	1542	2432	1587	153	153	134	266	205	194
hsa-miR-766-5p	0	0	0	0	0	0	0	0	0	0	0	2	2	3
hsa-miR-1304-5p	0	0	0	0	0	0	0	0	0	0	0	2	5	6
hsa-miR-655-3p	87	51	1399	1309	2153	2962	1486	974	32	70	171	213	274	263
hsa-miR-30a-3p	594	494	68	49	127	153	69	60	417	510	795	1194	1342	1401
hsa-miR-4446-3p	0	29	0	0	8	3	0	0	13	2	0	0	32	27
hsa-miR-452-5p	47	14	12	16	51	61	18	12	7	14	32	53	57	75
hsa-miR-320a-3p	99617	4314	40868	28802	31846	35403	25152	13566	4263	87551	60272	95006	85151	81963
hsa-miR-6743-5p	2	0	0	0	0	0	0	0	0	0	0	0	0	0
hsa-miR-106b-3p	132	96	75	74	163	213	38	28	104	89	130	184	359	355
hsa-miR-27b-3p	41841	83296	22456	20301	43478	64704	21866	13933	78409	35569	49621	64204	71856	72676
hsa-miR-199b-3p	158	140	204	133	503	642	224	130	122	121	146	203	488	430
hsa-miR-138-1-3p	42	62	30	14	54	58	67	24	54	26	48	46	54	66
hsa-miR-374c-5p	0	0	0	0	1	0	0	0	0	0	0	0	0	0
hsa-miR-330-5p	1317	92	193	103	327	395	334	177	59	1009	1085	1290	1046	1271
hsa-miR-143-3p	25559	72004	9286	12469	24560	39163	13748	10858	56367	22686	36356	47384	73549	80157
hsa-miR-335-3p	132	94	31	63	57	96	87	91	120	124	213	288	390	416
hsa-miR-26a-5p	8927	4432	11171	11462	14511	20498	8207	5734	4367	7308	8935	12033	14721	14452
hsa-miR-135b-5p	17	0	9	8	36	25	14	4	6	8	13	25	39	22
hsa-miR-411-3p	217	36	24	29	79	129	82	56	20	151	329	433	629	678
hsa-miR-34b-3p	27	45	66	80	95	212	214	165	16	30	44	47	73	71
hsa-miR-3614-5p	0	4	0	0	0	0	0	0	0	0	2	0	2	0
hsa-miR-493-5p	0	0	2	0	4	3	0	0	3	0	0	0	7	14
hsa-miR-181b-5p	67193	26100	24382	17889	35079	38929	21442	12404	25068	56947	60990	74817	69250	74572
hsa-miR-132-5p	1502	205	850	1127	2029	3024	714	681	174	1248	1506	1750	1760	2028
hsa-miR-4750-5p	0	0	0	0	0	0	0	0	0	0	0	0	0	3
hsa-miR-324-5p	14	17	102	83	232	249	182	99	16	15	18	9	25	16
hsa-miR-137-3p	317	62	92	66	276	321	360	218	56	256	432	550	722	684
hsa-miR-1228-3p	0	0	0	2	0	0	0	0	0	0	0	0	0	0
hsa-miR-329-3p	3618	148	1594	1091	1466	1567	1211	609	154	2871	2746	3808	3601	3225
hsa-miR-877-5p	0	42	2	0	12	8	0	0	27	2	0	2	19	14
hsa-miR-382-3p	119	9	79	40	179	155	94	51	11	99	138	218	331	317
hsa-miR-708-5p	89	10	78	31	141	178	114	53	30	47	84	83	121	129
hsa-miR-574-3p	36	17	20	38	57	91	81	79	16	14	25	31	29	21
hsa-miR-766-3p	0	0	0	2	6	4	0	0	0	0	0	0	0	2
hsa-miR-1304-3p	0	12	0	0	6	3	0	3	7	0	0	0	16	11
hsa-miR-6807-5p	0	0	0	0	0	3	0	0	0	0	0	0	0	0
hsa-let-7g-5p	14069	931	2437	2382	3753	5493	3878	2611	956	12398	19047	27724	35742	32831
hsa-miR-33a-5p	49	17	37	50	131	177	111	100	13	34	42	57	82	70
hsa-miR-16-2-3p	91	57	26	29	176	208	22	4	50	101	97	124	726	682
hsa-miR-126-5p	3782	10569	3849	2749	8285	10017	6768	4028	10025	3139	4591	5942	7521	7439
hsa-miR-323a-5p	273	14	159	136	97	113	55	44	28	248	363	518	319	332
hsa-miR-19a-3p	46	46	44	40	306	294	118	68	48	48	43	64	148	140
hsa-miR-181a-2-3p	501	907	203	250	157	297	119	84	725	475	622	793	747	748
hsa-miR-3928-3p	0	0	0	0	0	4	0	0	0	0	0	0	0	5
hsa-miR-5100	5	2	0	0	0	0	0	2	0	0	2	3	0	0
hsa-miR-1537-3p	0	3	0	0	0	0	0	0	0	0	0	0	0	0
hsa-miR-330-3p	6508	1050	8181	4804	8083	9484	8383	3826	1286	5762	5690	8045	7312	7375
hsa-miR-592	82	32	30	16	37	60	55	39	36	65	83	110	177	141
hsa-miR-135a-2-3p	39	10	31	23	45	45	34	14	10	23	19	30	38	30
hsa-miR-135b-3p	4	4	0	0	0	0	0	0	0	3	6	2	0	2
hsa-miR-4482-3p	0	0	0	0	0	0	0	0	3	0	0	0	0	0
hsa-miR-3614-3p	2	0	0	0	0	0	0	0	0	0	0	0	0	0
hsa-miR-493-3p	0	0	0	0	8	2	0	0	0	0	0	0	2	13
hsa-miR-181b-3p	19	4	4	4	24	11	10	0	7	16	28	40	26	48
hsa-miR-132-3p	2152	7945	11720	7563	27181	31461	31406	17023	8117	1715	2234	2840	3426	3439
hsa-miR-511-5p	0	0	0	0	0	0	0	0	0	2	3	0	0	2
hsa-miR-324-3p	279	71	295	255	598	823	514	321	58	233	245	307	348	385
hsa-miR-708-3p	2629	226	119	96	285	299	207	105	140	2333	2770	3520	3103	3643
hsa-let-7b-5p	69086	3234	13567	10283	16857	19039	5098	2814	3164	59703	77005	94211	107511	121707
hsa-let-7f-2-3p	99	36	60	67	192	237	90	48	59	109	137	203	298	257
hsa-let-7g-3p	10	32	17	15	29	33	20	16	18	8	14	5	20	8
hsa-miR-33a-3p	0	0	0	9	18	28	17	15	2	0	0	0	0	0
hsa-miR-126-3p	2439	386	1501	1585	4371	5848	2664	1608	363	2014	2709	3576	6041	6557
hsa-miR-2355-5p	0	0	0	0	18	22	0	0	0	0	0	0	0	3
hsa-miR-323a-3p	42319	2165	18990	20273	11658	18075	13364	9478	2251	37522	41574	57500	55096	49248
hsa-miR-505-5p	154	2	0	2	8	0	0	2	9	148	114	143	267	252
hsa-miR-28-5p	52	91	107	55	285	231	93	71	46	52	75	72	102	125
hsa-miR-450a-5p	61	7	67	41	273	220	72	26	4	51	89	134	242	217
hsa-miR-942-5p	2	0	0	0	2	0	0	0	7	0	4	0	14	12
hsa-miR-200a-5p	4	0	4	3	0	0	0	3	0	2	4	4	9	18
hsa-miR-7977	0	10	81	40	167	133	109	66	14	4	2	8	5	4
hsa-miR-7976	2	0	2	0	5	2	0	0	0	0	0	0	2	4
hsa-miR-7975	2	0	0	0	0	0	2	0	0	0	0	0	0	0
hsa-miR-1-3p	110	0	61	50	154	195	114	63	0	95	126	194	460	369
hsa-miR-4738-3p	2	4	0	0	0	0	0	0	2	0	0	0	0	0
hsa-miR-3184-5p	0	0	0	0	4	2	0	0	0	0	0	0	0	0
hsa-miR-29a-5p	0	0	0	0	0	0	0	0	2	2	0	2	2	0
hsa-miR-744-5p	11595	6026	347	486	817	1222	411	314	5451	10223	14294	17618	15407	16862
hsa-miR-1911-5p	7	55	138	64	255	229	74	27	60	11	13	21	22	36
hsa-miR-365a-5p	14	0	0	0	4	0	0	0	0	13	16	15	20	13
hsa-miR-6837-5p	0	0	0	0	0	0	0	0	0	0	0	0	0	2
hsa-miR-2116-3p	0	0	0	0	0	3	0	0	0	0	0	0	0	0
hsa-miR-627-3p	0	0	0	0	0	3	0	0	0	0	0	0	0	0
hsa-miR-3691-5p	0	0	0	0	0	0	0	0	4	0	0	0	0	0
hsa-miR-1247-5p	0	68	13	19	14	20	15	2	56	6	0	4	3	6
hsa-let-7b-3p	854	392	1605	1720	1889	2778	1727	1226	333	634	882	1153	1116	980
hsa-miR-598-3p	0	0	0	0	4	2	0	0	0	0	0	0	4	8
hsa-miR-424-5p	19	11	80	53	288	333	195	98	26	17	23	36	45	39
hsa-miR-206	1816	0	108	81	200	245	52	21	0	1439	1894	2468	3055	3496
hsa-miR-2355-3p	0	0	3	0	10	12	0	0	2	0	0	0	6	8
hsa-miR-505-3p	43	20	340	296	659	941	297	176	20	32	41	41	44	36
hsa-miR-28-3p	1334	868	358	270	519	511	272	139	979	1017	996	1476	1608	1619
hsa-miR-942-3p	0	0	0	0	5	0	0	0	0	0	0	0	0	0
hsa-miR-200a-3p	907	119	521	554	713	1007	347	256	142	753	999	1435	2203	2111
hsa-miR-151b	12	403	2676	2784	3164	4478	1835	1256	372	13	22	23	22	25
hsa-miR-450a-1-3p	4	0	9	7	17	24	6	0	0	0	0	0	2	11
hsa-miR-3679-5p	5	6	0	0	0	0	0	0	0	0	0	0	4	5
hsa-miR-17-5p	47	10	6	4	69	74	23	10	23	22	46	80	142	137
hsa-miR-552-3p	2	0	0	0	0	0	0	0	0	0	0	0	0	2
hsa-miR-744-3p	39	13	75	73	130	246	150	105	32	23	78	92	60	83
hsa-miR-29a-3p	8007	3170	18905	12015	50389	56865	50647	30810	2831	6798	11543	15201	16776	15664
hsa-miR-197-5p	0	3	2	0	0	0	0	0	9	0	0	2	0	0
hsa-miR-4646-5p	0	5	0	0	0	0	0	0	0	0	0	0	0	0
hsa-miR-103a-2-5p	1	0	29	20	92	60	65	25	0	0	1	0	0	0
hsa-miR-1911-3p	10	4	7	5	6	22	18	4	6	18	12	22	18	14
hsa-miR-181b-2-3p	2	0	2	0	2	6	5	0	3	2	2	3	10	4
hsa-miR-302b-3p	0	0	3	0	0	0	0	0	0	0	0	0	0	0
hsa-miR-376b-5p	0	0	0	0	0	2	0	0	0	0	0	0	0	1
hsa-miR-541-5p	41	20	91	152	70	114	53	31	28	30	32	42	38	45
hsa-miR-3912-3p	0	0	0	0	0	3	0	0	0	0	0	0	4	0
hsa-miR-365a-3p	30	9	96	45	226	256	167	89	28	24	40	65	51	47
hsa-miR-30c-5p	591	77	1315	1279	2124	2561	3208	2169	96	498	562	796	816	823
hsa-miR-30c-1-3p	2	12	0	2	0	8	4	0	15	0	11	11	8	6
hsa-miR-301a-5p	31	4	6	18	3	13	16	13	0	19	41	28	38	37
hsa-miR-219a-2-3p	19871	1899	7263	7767	12108	15130	5827	4037	1854	17365	24335	32949	33990	34067
hsa-miR-1247-3p	30	13	0	0	0	3	4	0	4	19	22	27	16	18
hsa-miR-424-3p	95	23	25	5	13	49	26	17	33	74	111	125	205	204
hsa-miR-6826-5p	0	0	0	0	0	0	0	0	3	0	0	0	0	0
hsa-miR-203a-5p	0	0	0	2	0	0	0	0	0	0	0	0	0	0
hsa-miR-543	4799	64	252	199	372	434	139	87	31	4174	6853	8421	8204	8754
hsa-miR-145-5p	59	19	839	1220	1478	2159	1826	1587	21	52	39	41	47	61
hsa-miR-664a-5p	0	2	2	0	22	15	3	0	9	0	2	0	24	16
hsa-miR-337-5p	37	7	161	125	243	257	132	95	10	44	35	46	37	56
hsa-miR-190a-5p	0	0	0	0	3	0	0	0	3	0	0	0	0	0
hsa-miR-582-5p	3	20	205	396	514	940	479	428	22	5	3	6	13	21
hsa-miR-221-5p	91	64	1038	577	1850	1450	526	287	48	101	116	189	303	275
hsa-miR-4688	0	0	0	0	0	2	0	0	0	0	0	0	0	0
hsa-miR-15b-5p	2	51	28	41	160	261	209	186	33	4	17	8	31	52
hsa-miR-4326	0	0	0	0	0	2	0	0	0	0	0	2	0	0
hsa-miR-4324	0	0	3	0	0	1	0	2	0	0	1	1	2	1
hsa-miR-17-3p	3	7	0	0	0	2	0	5	6	0	0	2	5	3
hsa-miR-139-5p	6373	231	2098	2402	3187	4646	3582	2336	178	5256	7743	8966	7882	8314
hsa-miR-151a-5p	71	7581	11122	7325	17284	17550	5278	3109	6746	50	79	96	134	143
hsa-miR-192-5p	801	1302	1200	1030	554	762	274	240	1123	719	706	926	1178	1262
hsa-miR-197-3p	26	36	115	121	293	509	337	236	86	25	24	36	83	79
hsa-miR-3942-5p	0	0	0	0	0	2	0	0	0	0	0	0	0	0
hsa-miR-576-5p	0	0	0	0	0	6	0	0	8	0	0	0	2	0
hsa-miR-215-5p	2	10	96	95	8	10	0	0	8	2	0	1	14	13
hsa-miR-1306-5p	15	21	22	61	73	146	168	92	13	2	11	17	26	32
hsa-miR-652-5p	0	2	0	0	5	4	3	0	0	0	2	0	0	0
hsa-miR-376b-3p	0	0	0	0	2	0	0	0	0	0	0	0	0	0
hsa-miR-148b-5p	16	5	2	0	0	0	0	0	0	7	9	22	24	23
hsa-miR-541-3p	2	7	0	3	10	8	4	0	0	3	3	12	2	6
hsa-miR-186-5p	1448	6570	10471	13176	17092	22827	5138	4330	6817	1239	1441	2074	4049	3550
hsa-miR-454-5p	0	0	0	0	0	0	0	0	0	0	0	0	4	6
hsa-miR-301a-3p	0	122	0	6	11	18	5	5	136	5	3	0	0	8
hsa-miR-203a-3p	230	18	28	24	32	52	32	23	16	193	242	300	288	258
hsa-miR-140-5p	769	12	64	33	143	210	95	43	14	612	798	1025	1345	1496
hsa-miR-145-3p	768	480	1366	899	1939	2095	548	339	610	634	807	1107	1392	1481
hsa-miR-664a-3p	0	7	0	0	2	0	0	0	0	0	0	0	0	0
hsa-miR-885-5p	761	655	3785	4805	6134	9037	9435	6999	682	611	1614	2151	2147	1798
hsa-miR-337-3p	84	10	34	24	61	113	31	25	6	60	79	57	78	89
hsa-miR-582-3p	0	0	0	0	7	0	0	0	0	0	0	0	4	2
hsa-miR-190a-3p	0	3	0	2	19	15	5	0	0	0	0	0	0	0
hsa-miR-221-3p	5248	1830	5375	4398	8876	11089	8480	5002	1948	4344	4078	5602	8904	7899
hsa-miR-6815-5p	0	0	0	0	0	0	0	0	0	0	0	2	0	0
hsa-miR-605-3p	0	0	0	0	2	0	0	0	0	0	0	0	0	0
hsa-miR-15b-3p	24	3	10	35	115	152	42	22	7	7	24	40	79	66
hsa-miR-4306	9	0	2	3	5	3	7	7	0	6	10	14	18	12
hsa-miR-3121-3p	0	0	0	0	0	0	0	0	5	0	0	0	0	0
hsa-miR-134-5p	2420	77	273	280	382	485	252	174	85	1950	1844	2319	2226	2683
hsa-miR-320e	97	1	39	35	25	19	19	13	0	77	46	85	75	65
hsa-miR-181d-5p	3356	1296	795	476	1802	1816	604	348	1288	3030	3137	3792	4337	4716
hsa-miR-495-5p	2	0	0	2	2	3	0	0	0	0	0	0	0	0
hsa-miR-320d	894	109	666	1978	430	979	418	448	175	796	510	746	592	636
hsa-miR-320c	1911	206	750	486	508	479	326	177	225	1679	1144	1514	1358	1378
hsa-miR-139-3p	1271	56	472	316	556	613	147	76	40	1115	1031	1418	1644	1789
hsa-miR-1225-5p	2	0	3	2	3	0	3	3	0	0	0	0	0	2
hsa-miR-320b	6829	2152	3242	4755	2632	3637	1450	1235	2140	5870	4231	5381	4484	4991
hsa-miR-151a-3p	17061	13027	739	524	1866	1904	585	357	12516	15068	15062	19327	26669	30125
hsa-miR-210-5p	0	4	0	0	0	0	0	0	0	0	0	0	0	0
hsa-miR-1306-3p	168	13	51	24	56	71	32	9	16	141	131	167	170	228
hsa-let-7i-5p	54880	10970	9512	9462	21571	26783	9634	6868	9894	49243	50019	75261	149552	137338
hsa-miR-6862-5p	2	0	0	0	0	0	0	0	0	0	0	0	0	0
hsa-miR-652-3p	140	166	1041	894	2166	2743	733	486	112	118	158	142	327	274
hsa-miR-148b-3p	4200	648	119	135	244	315	165	131	750	3652	5396	7445	11225	10789
hsa-miR-1843	0	6	2	0	6	9	0	0	14	3	2	5	48	40
hsa-miR-186-3p	0	0	9	2	20	24	4	5	0	0	4	6	7	5
hsa-miR-1277-3p	0	0	0	0	0	0	0	0	0	0	0	0	0	2
hsa-miR-204-5p	950	4190	2367	2670	5082	6867	2343	1735	4110	780	1246	1385	2436	2563
hsa-miR-4657	0	0	0	0	0	0	0	0	0	0	0	3	3	2
hsa-miR-454-3p	0	3	0	0	0	0	0	0	0	0	0	0	3	0
Hsa-Mir-9851_3p	11	7	105	44	119	127	88	41	9	16	11	17	15	16
hsa-miR-6740-5p	0	4	0	0	0	0	0	0	6	0	0	0	0	0
hsa-miR-130b-5p	34	21	3	23	17	39	8	9	8	28	65	73	75	101
hsa-miR-193a-5p	95	0	49	48	46	51	43	33	0	91	89	86	84	98
hsa-miR-18b-5p	0	0	0	0	0	0	0	0	0	2	0	0	0	0
hsa-miR-92a-3p	22141	30478	6390	7446	9405	15048	9991	7332	29677	20012	23462	33671	42821	37970
hsa-miR-140-3p	10361	3342	7121	8529	7869	10411	8935	5858	3230	8723	12147	17280	17630	16567
hsa-miR-885-3p	1043	84	846	794	578	669	186	100	120	894	905	1217	1306	1207
hsa-miR-1185-1-3p	2	0	0	0	1	0	0	0	0	0	0	0	13	10
hsa-miR-548ay-3p	0	2	0	0	0	0	0	0	0	0	0	0	0	0
hsa-miR-490-5p	60	66	75	136	189	301	118	71	82	50	56	46	48	68
hsa-miR-629-5p	53	24	7	17	57	91	7	2	6	26	41	64	285	337
hsa-miR-134-3p	0	0	4	0	6	3	2	9	0	0	0	0	2	2
hsa-miR-9985	40	13	48	52	117	125	309	278	13	47	47	58	72	76
hsa-miR-495-3p	1538	15	1073	755	3025	3362	1459	944	10	1283	1953	2331	2321	2587
hsa-miR-874-5p	3	4	24	0	39	41	65	39	11	0	0	0	0	0
hsa-miR-210-3p	120	80	41	43	100	127	65	39	69	128	147	191	236	212
hsa-miR-1301-3p	0	5	0	3	5	4	0	0	6	0	0	0	8	11
hsa-let-7d-5p	1238	254	631	529	981	1037	637	401	265	992	1243	1816	2673	2424
hsa-miR-2113	79	35	28	54	36	48	24	15	37	58	97	95	103	127
hsa-let-7i-3p	343	40	150	264	525	1032	436	387	58	296	328	354	433	479
hsa-miR-3605-5p	0	4	0	0	0	0	0	0	8	0	0	0	0	0
hsa-miR-2110	14	10	4	5	30	39	2	0	0	8	7	9	44	43
hsa-miR-1827	0	0	0	0	0	0	0	0	0	0	0	4	0	0
hsa-miR-489-3p	0	0	2	0	2	5	0	0	0	0	0	0	0	0
hsa-miR-128-3p	617488	52260	27350	4970	48053	23421	7181	5130	50198	518355	964186	1154421	1052248	1110402
hsa-miR-676-5p	8	0	2	0	0	0	0	0	0	5	7	3	2	4
hsa-miR-378a-5p	42	2	20	23	34	60	24	6	9	20	31	39	63	53
hsa-miR-5581-3p	0	0	0	0	0	0	0	0	0	0	0	0	2	0
hsa-miR-204-3p	2534	10	418	375	387	404	262	136	24	1981	1613	1980	1341	1499
hsa-miR-128-1-5p	47	448	409	195	270	291	110	51	324	45	33	55	49	47
hsa-miR-130b-3p	39	258	27	44	99	154	55	19	231	17	26	22	49	44
hsa-miR-362-5p	0	6	11	2	30	31	14	8	3	0	2	0	0	0
hsa-miR-29c-5p	43	5	37	34	129	207	49	52	8	24	17	31	46	38
hsa-miR-193a-3p	0	0	1	2	6	5	7	5	0	0	0	2	0	0
hsa-miR-218-1-3p	0	0	0	0	2	5	5	0	0	2	0	0	0	0
hsa-miR-92a-1-5p	2	0	6	5	13	21	9	0	10	2	5	11	2	0
hsa-miR-4782-5p	2	0	0	0	0	0	0	0	0	0	0	0	0	0
hsa-miR-4787-3p	0	0	0	2	0	0	0	0	0	0	0	0	0	0
hsa-miR-3064-5p	7	3	0	2	0	8	0	3	0	9	10	13	7	4
hsa-miR-432-5p	17467	3766	3185	3607	3733	5922	1798	1237	3644	15531	17523	24921	28318	27832
hsa-miR-624-5p	0	0	2	0	0	4	0	0	0	0	0	0	0	0
hsa-miR-490-3p	428	244	295	390	617	927	484	307	205	332	386	561	823	767
hsa-miR-874-3p	1755	994	6238	5184	6521	6912	6129	3966	860	1580	971	1281	1037	1071
hsa-miR-31-5p	3	3	12	7	25	67	48	40	8	2	0	8	10	3
hsa-miR-99b-5p	44694	266052	143089	175379	58800	79030	50062	39976	275751	40342	37943	53136	46855	47706
hsa-let-7d-3p	5125	3016	2445	2111	3175	3739	1229	1109	3999	4550	10292	13435	11651	11978
hsa-miR-3605-3p	0	0	0	0	0	0	0	0	2	0	0	0	0	0
hsa-miR-10399-5p	0	4	0	0	2	7	0	0	4	0	0	0	5	4
hsa-miR-671-5p	42	0	2	7	24	18	31	9	0	28	32	38	31	26
hsa-miR-502-5p	0	0	0	0	3	2	9	2	0	0	0	0	0	0
hsa-miR-676-3p	2003	75	261	142	297	371	144	60	132	1733	2000	2735	3287	3092
hsa-miR-378a-3p	18317	4075	9595	15257	12942	18989	8426	7114	3877	15948	19057	26430	25553	27426
hsa-miR-25-5p	32	19	14	13	31	26	4	3	24	10	14	25	23	18
hsv2-miR-H4-3p	0	4	0	0	0	0	0	0	0	0	0	0	0	0
hsa-miR-1296-5p	339	251	976	1264	1593	2709	2642	1927	198	273	382	468	433	375
hsa-miR-200c-3p	19	0	3	2	0	3	2	0	0	9	8	13	20	23
hsa-miR-589-5p	0	25	6	3	31	25	0	0	24	4	0	2	13	15
hsa-miR-196a-5p	0	0	0	0	3	0	0	0	0	0	0	0	0	0
hsa-miR-642a-3p	0	0	2	2	2	3	0	0	0	0	0	2	0	8
hsa-miR-362-3p	2	0	8	5	44	36	26	13	0	0	0	0	0	0
hsa-miR-29c-3p	270	827	1219	878	3241	3611	3791	2512	930	192	329	448	529	467
hsa-miR-216a-5p	13	4	14	9	64	51	26	4	6	5	12	23	19	22
hsa-miR-125b-2-3p	5780	10836	8088	9247	7714	9683	4589	3276	10617	5003	5016	6926	8280	7748
Hsa-Mir-6529_5p	25146	26553	7087	6242	6469	6793	3067	1852	23108	21976	21601	26835	19812	22734
hsa-miR-4800-5p	0	2	2	0	0	0	0	0	0	0	5	0	0	0
hsa-miR-3064-3p	0	0	0	0	0	0	0	2	0	0	0	0	0	0
hsa-miR-384	27	72	417	760	1046	1735	937	801	77	19	35	63	83	89
hsa-miR-432-3p	5	12	56	72	128	182	61	65	3	2	0	0	10	0
hsa-miR-30e-5p	15923	12771	43093	37643	67683	93521	36951	23986	12869	13091	15785	23713	40498	34954
hsa-miR-31-3p	0	0	0	6	0	7	0	0	0	0	0	0	0	0
hsa-miR-153-5p	0	3	0	0	0	0	0	0	0	0	0	0	0	0
hsa-miR-345-5p	2	68	45	38	194	295	11	13	101	5	0	2	36	34
hsa-miR-99b-3p	1127	58	183	283	260	350	253	168	51	977	1200	1635	1796	1768
hsa-miR-1249-3p	2	2	5	7	23	39	11	8	0	4	4	2	3	4
hsa-miR-11401	0	0	0	0	0	0	0	0	4	0	0	0	0	0
hsa-miR-11400	8	0	0	0	0	4	0	0	6	6	0	0	65	83
hsa-miR-6511b-5p	0	0	0	0	0	0	0	0	0	0	0	0	0	0
hsa-miR-125a-5p	7898	90773	25258	18062	33796	47014	10660	7104	118984	6985	18865	30203	41538	39017
hsa-miR-10399-3p	0	9	0	0	0	0	0	0	2	0	0	0	5	7
hsa-miR-671-3p	59	107	5	19	18	23	12	10	100	40	79	141	108	92
hsa-miR-133b	2	0	22	28	57	75	44	38	2	1	1	3	3	3
hsa-miR-7855-5p	0	0	0	0	0	0	2	0	0	0	0	0	0	0
hsa-miR-103a-3p	1254	3361	746	1111	1919	2801	2398	1706	2568	1086	1257	1639	2327	2065
hsa-miR-502-3p	1092	440	8598	7107	10229	9829	7362	4226	564	992	1074	1665	1854	1642
hsa-miR-25-3p	1618	5698	1452	1761	2654	3859	1267	1022	5587	1448	1537	2239	3803	3439
hsa-miR-339-5p	509	117	2321	3742	2931	4297	5090	4037	118	424	498	601	695	637
hsa-miR-584-5p	105	498	176	102	619	703	23	9	619	118	18	48	677	630
hsa-miR-223-5p	19	10	2	0	5	2	0	0	3	12	19	34	244	267
hsa-miR-1296-3p	0	6	2	7	5	5	9	21	0	0	0	4	0	0
hsa-miR-1180-3p	5	6	5	9	25	22	2	2	0	8	13	15	55	61
hsa-miR-500a-5p	4	0	6	13	18	23	6	10	0	0	2	1	0	0
hsa-miR-660-5p	1726	559	780	701	1353	1898	1557	922	556	1517	1817	2786	3438	2936
hsa-miR-6875-5p	0	9	0	0	0	0	0	0	0	0	0	0	0	0
hsa-miR-194-5p	71	5	406	254	8	23	6	0	4	60	69	58	100	101
hsa-miR-216a-3p	6	0	0	0	0	0	0	0	0	2	0	15	0	2
hsa-miR-217-5p	29	0	12	5	28	22	7	9	0	38	38	88	83	83
hsa-miR-409-5p	143	205	967	1318	891	1275	649	544	176	127	152	219	192	188
hsa-miR-802	0	0	2	0	0	0	0	0	0	0	0	0	0	0
hsa-miR-101-5p	2	5	23	15	39	62	30	20	3	0	2	2	6	2
hsa-miR-654-5p	2	20	0	0	3	4	0	0	15	2	0	0	18	15
hsa-miR-188-5p	54	19	55	43	115	158	195	124	12	33	49	82	49	54
hsa-miR-30e-3p	169	199	51	58	91	138	52	18	249	136	229	282	514	591
hsa-miR-449a	30	51	11	2	32	53	28	26	62	6	25	22	59	77
hsa-miR-340-5p	4231	1000	579	431	1574	1659	1063	589	1115	3772	4797	6903	14048	12401
hsa-miR-153-3p	32	507	30	49	230	378	83	60	469	28	47	31	90	136
hsa-miR-532-5p	15067	485	1520	2054	2464	3753	2129	1505	493	13539	16024	22999	28688	26754
hsa-miR-106a-5p	5	2	0	0	9	10	12	9	0	5	5	4	8	8
hsa-miR-27a-5p	0	0	0	0	0	0	0	0	0	5	2	0	4	5
hsa-miR-10b-5p	2924	53191	8693	5581	6138	6386	1777	1117	55172	2631	3575	5933	5661	5270
hsa-miR-125a-3p	1438	245	274	438	300	527	120	82	241	1171	1054	1337	1178	1314
hsa-miR-199a-5p	72	30	83	101	261	372	78	30	10	59	63	106	326	289
hsa-miR-142-5p	313	2279	223	252	1170	2332	295	224	1968	261	466	587	1470	1484
hsa-miR-550b-2-5p	0	0	0	0	2	0	0	0	0	0	0	0	0	0
hsa-miR-1238-3p	0	0	0	0	0	0	0	0	0	0	0	0	2	0
hsa-miR-339-3p	1904	535	634	841	1401	1729	785	571	589	1444	1905	2402	2073	2368
hsa-miR-410-5p	46	3	6	2	3	4	4	0	0	28	31	27	31	42
hsa-miR-223-3p	12	62	20	18	306	513	64	35	72	13	9	10	148	159
hsa-miR-219a-5p	729	210	2860	2381	9309	10557	6541	4126	208	599	853	1070	1493	1272
hsa-miR-34a-5p	50	51	4	15	31	53	25	24	53	41	40	83	79	87
hsa-miR-500a-3p	388	687	4604	5071	4253	4530	2819	2174	767	354	340	498	524	488
hsa-miR-660-3p	5	2	0	0	0	4	0	0	8	4	0	8	7	8
hsa-miR-7849-3p	0	0	0	0	0	3	0	0	8	0	0	0	0	0
hsa-miR-497-5p	102	177	572	501	1818	2628	1755	1099	159	75	131	158	249	167
hsa-miR-136-5p	85	106	213	124	956	974	354	172	145	68	131	108	202	231
hsa-miR-328-5p	2	0	0	2	0	0	0	0	0	0	0	2	2	0
hsa-miR-381-5p	12	9	62	53	118	166	84	46	5	13	0	12	13	5
hsa-miR-194-3p	2	0	0	0	0	0	0	0	0	0	0	0	0	0
hsa-miR-129-1-3p	74	54	194	150	469	557	508	300	34	61	62	82	113	106
hsa-miR-212-5p	799	355	736	824	702	976	286	259	313	718	923	1322	1386	1443
hsa-miR-4497	8	0	0	0	2	2	0	0	0	12	3	2	3	4
hsa-miR-96-5p	0	58	137	67	735	640	39	32	68	0	0	4	11	7
hsa-miR-409-3p	2681	1313	1725	1409	1177	1437	378	258	1275	2421	3725	5274	4871	5012
hsa-miR-101-3p	22509	4610	4738	4065	9327	11220	9383	5079	4413	20722	22596	31894	52105	49118
hsa-miR-4492	9	22	8	28	7	19	12	17	0	10	13	7	4	9
hsa-miR-654-3p	25	84	36	45	97	154	6	0	23	19	4	2	169	181
hsa-miR-299-5p	0	3	3	6	9	23	15	16	0	0	0	2	0	0
hsa-miR-183-5p	157	320	181	181	264	282	103	66	255	161	243	335	406	438
hsa-miR-188-3p	0	0	9	3	11	10	6	10	0	0	0	0	3	0
hsa-miR-346	108	24	560	588	486	811	415	268	41	86	204	243	237	172
hsa-miR-340-3p	10	13	0	8	0	0	2	0	0	8	11	24	6	33
hsa-miR-106a-3p	0	0	0	0	0	2	0	0	0	0	0	0	0	0
hsa-miR-532-3p	40	13	143	226	274	461	447	373	35	32	47	30	44	55
hsa-miR-27a-3p	3404	839	920	1647	2133	4111	2081	1565	746	2876	3902	4989	6585	6055
hsa-miR-10b-3p	10	3	21	9	30	26	3	3	0	15	8	12	15	10
hsa-miR-4488	2	0	0	0	0	0	0	0	0	0	0	0	0	0
hsa-miR-369-5p	0	2	0	0	6	11	0	0	0	0	0	0	2	2
hsa-miR-4484	0	0	0	0	0	0	0	2	0	0	0	0	0	0
hsa-miR-199a-3p	317	279	409	265	1007	1285	447	261	244	243	293	406	975	861
hsa-miR-663b	0	0	0	2	2	3	0	0	0	0	0	0	0	0
hsa-miR-374b-5p	26	71	20	8	134	164	78	36	37	27	37	44	90	102
hsa-miR-142-3p	16	9	8	2	8	6	0	0	6	17	7	7	36	32
hsa-miR-26a-2-3p	4	0	0	7	0	22	6	0	6	5	6	0	15	11
hsa-miR-3158-3p	2	6	0	0	0	0	0	0	0	0	0	0	0	5
hsa-miR-887-3p	0	3	0	0	0	0	0	0	0	0	0	0	0	0
hsa-miR-5187-5p	0	0	0	0	0	0	0	0	0	0	0	0	2	0
hsa-miR-135a-5p	40	0	65	32	319	360	186	89	3	47	39	48	107	67
hsa-miR-410-3p	5168	18303	818	922	2381	3996	1330	930	15084	4218	4331	5529	6316	5840
hsa-miR-34a-3p	0	0	6	7	7	22	10	9	4	0	0	0	0	0
hsa-miR-3613-5p	14	0	0	0	0	0	0	0	0	10	17	14	59	45
hsa-miR-181a-5p	71683	140746	50013	41134	91531	95557	39334	25863	133001	59340	62640	72914	72535	79483
hsa-miR-497-3p	0	0	0	0	2	0	2	2	0	0	0	0	0	0
hsa-miR-136-3p	3610	3886	15133	16756	22311	31211	17721	12974	3679	3256	4353	6854	8554	7231
hsa-miR-876-5p	10	6	20	44	109	103	94	67	12	2	14	17	12	13
hsa-miR-328-3p	26613	2420	5647	4325	5312	6486	6058	3787	2732	22197	30017	37724	28979	28161
hsa-miR-381-3p	21298	5630	841	946	2559	3733	2994	2299	5216	16948	35581	43333	39698	41333
Hsa-Mir-3085_3p	30	22	93	89	55	76	89	48	28	30	26	54	32	25
hsa-miR-212-3p	107	1150	699	1063	859	1301	955	869	1138	86	81	112	108	96
hsa-miR-487b-5p	25	2	21	17	34	26	12	9	4	18	34	56	59	65
hsa-let-7f-5p	2490	2526	1069	701	1760	2012	654	346	2480	2360	2821	4254	7019	6669
hsa-miR-6503-3p	2	0	0	0	0	0	0	0	0	0	0	0	0	2
hsa-miR-4470	0	0	0	0	0	0	0	0	0	0	0	0	0	4
hsa-miR-16-1-3p	0	4	0	0	0	0	0	0	0	0	0	0	0	0
hsa-miR-486-5p	2389	241395	5703	1695	15030	14449	3140	1630	223325	2116	2563	3399	12800	12513
hsa-miR-299-3p	582	61	79	97	207	294	225	118	74	490	624	1044	1235	1105
hsa-miR-370-5p	88	7	6	6	4	11	7	7	2	58	135	94	99	99
hsa-miR-183-3p	0	4	0	2	0	0	2	0	0	0	0	0	0	0
hsa-miR-326	1426	384	996	1056	2295	3312	2990	2006	369	1213	1172	1459	1478	1496
hsa-miR-375-3p	709	865	280	108	318	321	223	72	898	579	565	799	787	815
hsa-miR-6777-5p	0	0	0	2	0	0	0	0	0	0	0	0	0	0
hsa-miR-369-3p	0	0	0	0	7	7	0	0	7	0	0	0	8	7
hsa-miR-4466	0	0	0	0	0	0	0	0	0	0	0	0	2	0
hsa-miR-374b-3p	0	4	0	0	0	0	0	0	0	0	0	0	0	5
hsa-miR-20b-5p	8	3	4	2	9	9	13	4	0	15	12	23	38	44
hsa-miR-146b-5p	249	692	438	361	651	679	138	62	642	252	159	237	563	574
hsa-miR-135a-3p	13	14	8	5	0	0	3	0	10	15	14	14	15	31
hsa-miR-3613-3p	2	0	8	15	18	38	48	55	0	2	3	7	6	2
hsa-miR-181a-3p	296	116	105	152	245	390	279	177	121	272	341	468	626	568
hsa-miR-510-5p	0	0	0	0	0	0	0	0	0	0	2	0	0	0
hsa-miR-876-3p	31	7	14	18	41	87	23	45	11	19	19	38	56	51
hsa-miR-487b-3p	184	288	585	593	1465	2096	1132	667	256	150	271	352	536	552
hsa-let-7a-5p	6940	1427	2574	1680	3130	3313	1555	871	1596	6261	7160	10294	15254	14670
hsa-let-7f-1-3p	129	52	142	119	216	310	211	132	49	109	169	195	164	207
hsa-miR-7706	0	5	0	0	0	0	0	0	8	0	0	0	0	2
hsa-miR-7705	0	3	0	0	0	0	0	0	0	0	0	0	0	0
hsa-miR-7704	5	0	0	0	2	0	0	0	0	0	0	8	3	3
hsa-miR-4454	0	0	0	0	0	0	0	2	0	0	0	0	0	0
hsa-miR-4451	0	0	0	0	0	0	0	2	0	0	0	0	0	0
hsa-miR-486-3p	10	12	2	2	3	7	3	0	17	5	9	5	65	49
hsa-miR-3136-5p	0	0	0	0	0	0	0	0	0	0	2	0	0	0
hsa-miR-504-5p	3	0	0	0	0	0	0	4	0	0	0	0	0	0
hsa-miR-370-3p	389	35	201	215	230	300	87	45	38	344	379	443	589	539
hsa-miR-665	0	6	17	25	34	31	37	11	4	0	5	2	2	0
hsa-miR-1298-5p	895	93	119	116	235	295	163	87	90	753	773	1093	1555	1508
hsa-miR-300	1	2	0	0	1	0	0	0	2	0	0	0	0	0
hsa-miR-4732-5p	0	3	0	2	6	5	0	0	10	0	0	4	19	18
hsa-miR-5094	0	0	0	0	2	0	0	0	0	0	0	0	0	0
hsa-miR-1197	84	70	72	65	124	221	189	96	42	57	141	166	222	172
hsa-miR-514b-3p	6	0	0	0	2	0	0	0	0	3	0	2	6	13
hsa-miR-4443	2	0	0	0	0	2	0	0	0	3	0	0	0	0
hsa-miR-302a-5p	8	0	0	2	0	0	0	0	0	6	9	11	15	11
hsa-miR-146b-3p	0	7	2	0	4	0	0	0	0	2	0	5	2	4
hsa-miR-2115-3p	0	0	0	0	0	0	0	0	13	0	0	2	3	0
hsa-miR-510-3p	159	38	36	16	53	52	21	6	73	135	137	197	173	222
hsa-miR-155-5p	117	30	7	4	20	18	13	8	35	62	64	145	166	122
hsa-let-7a-3p	933	90	406	351	705	832	416	335	120	795	1028	1434	1889	1732
hsa-miR-539-5p	32	5	6	7	46	135	40	21	14	24	22	16	52	26
hsa-miR-423-5p	74849	54697	24092	16358	23088	21070	3006	1776	54122	65764	51467	76509	73427	72035
hsa-miR-615-5p	0	13	0	0	0	0	0	0	32	0	0	0	0	0
hsa-miR-504-3p	0	0	0	0	0	0	0	0	0	2	0	0	0	0
hsa-miR-22-5p	662	15	671	492	1379	1533	483	363	16	539	546	676	645	770
hsa-miR-24-2-5p	136	17	15	39	40	46	58	63	28	94	153	234	169	192
hsa-miR-149-5p	300	85	948	1109	1342	2287	773	656	71	192	389	452	471	505
hsa-miR-1298-3p	114	33	146	144	364	302	147	90	64	104	135	203	267	276
hsa-miR-9851-5p	0	0	0	3	0	0	0	0	0	0	0	0	0	0
hsa-miR-6877-5p	0	0	0	0	0	0	0	0	0	0	0	0	2	0
hsa-miR-6516-5p	2	2	2	0	0	0	0	0	0	0	0	2	5	4
hsa-miR-4732-3p	0	11	0	0	0	0	0	0	5	0	0	0	0	2
hsa-miR-23b-5p	127	0	226	109	197	159	25	6	0	121	139	179	178	186
hsa-miR-16-5p	2078	6159	1506	1560	6302	8042	3478	2184	6366	1699	2265	2777	4829	4618
hsa-miR-4429	31	0	4	5	1	2	4	4	0	20	17	33	20	27
hsa-miR-4785	0	0	0	2	0	2	0	7	0	2	0	3	0	0
hsa-miR-1287-5p	4	0	0	0	4	7	0	0	0	0	0	0	8	6
hsa-miR-6842-3p	0	0	0	0	2	2	0	0	0	0	0	0	0	4
hsa-miR-103a-1-5p	1	0	0	0	2	0	0	0	0	0	1	0	0	0
hsa-miR-4420	0	0	0	0	0	0	0	0	0	0	0	2	0	0
hsa-miR-656-5p	5	0	2	4	2	6	4	6	0	5	3	0	9	2
hsa-miR-376a-5p	0	0	0	0	5	15	0	4	0	0	0	9	3	0
hsa-miR-3177-3p	3	0	0	0	5	2	0	0	4	0	0	2	8	6
hsa-miR-30b-5p	54	11	335	496	879	1598	1051	853	19	42	51	63	119	103
hsa-miR-150-5p	71	619	67	70	193	260	239	159	570	55	117	76	104	146
hsa-miR-342-5p	12	9	0	0	0	14	0	0	9	5	15	11	34	32
hsa-miR-6780a-5p	0	0	0	0	0	0	0	0	2	0	0	0	0	0
hsa-miR-539-3p	50	89	30	2	56	53	20	10	57	39	56	108	164	168
hsa-miR-4775	0	0	0	0	0	0	0	0	0	0	0	0	0	2
hsa-miR-423-3p	12492	2902	4086	3595	4876	6851	3642	2215	2934	10897	14698	20724	18293	18253
hsa-miR-615-3p	42	11	11	32	9	33	7	6	11	44	62	82	72	76
hsa-miR-22-3p	88497	168784	204894	226860	311008	396997	185192	136243	164298	71424	80475	94312	85845	93165
hsa-miR-144-5p	34	45	14	4	51	79	11	3	32	20	29	32	69	87
hsa-miR-149-3p	6	0	4	3	4	6	0	0	2	9	6	11	9	19
hsa-miR-889-5p	0	0	0	0	2	0	0	0	0	0	4	0	2	0
hsa-miR-15a-5p	31	970	60	71	281	318	356	206	915	34	45	47	75	88
hsa-miR-34c-5p	1297	624	841	1376	1521	2720	1319	1090	525	1224	1666	2472	3779	3228
hsa-miR-9851-3p	11	7	105	44	119	127	88	41	9	16	11	17	15	16
hsa-miR-3120-5p	4	0	0	2	0	0	0	0	0	0	0	0	3	7
hsa-miR-6516-3p	46	0	14	4	20	32	9	8	10	28	45	49	59	65
hsa-miR-208b-3p	2	8	2	0	2	7	7	2	0	0	2	2	3	4
hsa-miR-23b-3p	110	224	176	297	598	1029	820	769	250	96	116	119	180	145
hsa-miR-138-5p	1504	973	2764	1834	8380	7411	3632	2058	888	1263	2082	2280	2212	2487
hsa-miR-191-5p	2597	36713	27928	25933	27603	32325	19485	12286	35870	2066	4111	5495	5951	6018
hsa-miR-184	31	39	2	4	4	5	2	4	19	13	10	22	24	30
hsa-miR-383-5p	2	163	1053	1370	2118	2651	543	365	167	2	8	8	27	35
