name	SRX098328	SRX098325	SRX098326	SRX098327
hsa-miR-148a-3p	1473891	0	4635547	788253	6897691.0
hsa-let-7f-5p	196978	0	1865750	85340	2148068.3400000003
hsa-let-7a-5p	189722	0	1614686	46615	1851023.14
hsa-miR-146b-5p	78215	0	1470011	82196	1630421.5
hsa-miR-200c-3p	57439	0	1032171	37882	1127491.0
hsa-miR-30d-5p	191236	0	767331	127869	1086435.5
hsa-miR-378a-3p	142280	0	232241	502441	876962.29
hsa-miR-182-5p	177344	0	448315	186736	812395.0
hsa-miR-30b-5p	232398	0	231107	241976	705481.0
hsa-miR-141-3p	167990	0	386853	126265	681106.5
hsa-miR-200a-3p	104186	0	437873	106826	648884.5
hsa-miR-21-5p	219401	0	290340	116164	625905.0
hsa-miR-200b-3p	40107	0	538177	20463	598746.0
hsa-miR-101-3p	82978	0	160842	267164	510984.0
hsa-let-7b-5p	72806	0	377856	20452	471114.07
hsa-miR-29a-3p	165148	0	159528	144520	469195.6599999999
hsa-miR-375-3p	74131	0	349159	37511	460801.0
hsa-miR-30a-5p	57752	0	236472	149644	443867.0
hsa-miR-22-3p	152427	0	150865	113134	416426.0
hsa-miR-26a-5p	79503	0	211445	79039	369987.33999999997
hsa-miR-181a-5p	42757	0	240120	23225	306102.0
hsa-let-7g-5p	49020	0	180929	65397	295346.3
hsa-miR-511-3p	32835	0	21675	215667	270177.0
hsa-miR-24-3p	55197	0	92450	115969	263616.0
hsa-miR-30c-5p	41401	0	123594	75197	240192.0
hsa-miR-191-5p	46044	0	103538	59715	209297.0
hsa-miR-29c-3p	63613	0	23264	112988	199864.0
hsa-let-7c-5p	10933	0	164192	3508	178633.9
hsa-miR-183-5p	42775	0	100698	32266	175739.0
hsa-miR-151a-3p	16153	0	114295	9101	139549.0
hsa-miR-378c	22083	0	31225	85061	138367.78999999998
hsa-miR-99a-5p	31044	0	80259	25581	136883.0
hsa-let-7i-5p	14880	0	103588	12004	130471.5
hsa-miR-25-3p	30576	0	65519	22540	118635.0
hsa-miR-92a-3p	29109	0	72961	9229	111299.0
hsa-miR-193b-3p	33345	0	41366	34445	109156.0
hsa-miR-429	17795	0	65338	21551	104683.0
hsa-miR-181b-5p	16275	0	70820	12605	99700.68
hsa-miR-148b-3p	21778	0	63641	10385	95804.0
hsa-miR-27b-3p	10099	0	54594	19592	84285.16
hsa-miR-103a-3p	11555	0	62051	7024	80630.0
hsa-miR-19b-3p	11492	0	47605	20478	79576.01999999999
hsa-miR-99b-5p	20948	0	39792	14021	74760.0
hsa-miR-26b-5p	13937	0	48567	11853	74356.67
hsa-let-7d-5p	9145	0	57491	4355	70990.95
hsa-miR-10a-5p	37696	0	16228	9426	63349.5
hsa-miR-27a-3p	24803	0	18979	19144	62925.66
hsa-miR-30a-3p	6242	0	47815	6417	60473.5
hsa-miR-30e-5p	6650	0	27523	25706	59877.5
hsa-miR-30e-3p	4780	0	51900	2887	59567.0
hsa-miR-16-5p	8648	0	46436	3682	58765.66
hsa-miR-374b-5p	19569	0	22834	14488	56889.5
hsa-miR-143-3p	19478	0	30440	5912	55830.0
hsa-miR-23a-3p	20924	0	7625	26247	54795.0
hsa-miR-335-5p	26355	0	10077	15069	51501.0
hsa-miR-186-5p	3908	0	42609	3310	49827.0
hsa-miR-151a-5p	6289	0	36778	6679	49745.0
hsa-miR-152-3p	19166	0	25350	3583	48099.0
hsa-let-7d-3p	12273	0	23594	11889	47756.0
hsa-miR-140-3p	15734	0	14759	15892	46385.0
hsa-miR-106b-5p	9108	0	19567	17025	45700.0
hsa-miR-148a-5p	14637	0	13879	13786	42302.0
hsa-miR-193a-3p	10048	0	6220	23161	39429.0
hsa-miR-93-5p	7364	0	22239	6855	36458.0
hsa-miR-28-3p	6765	0	21910	5562	34237.0
hsa-miR-423-3p	6036	0	19864	6039	31939.0
hsa-miR-125b-5p	3030	0	27213	1459	31702.0
hsa-miR-885-5p	21299	0	6333	2563	30195.0
hsa-miR-28-5p	1536	0	26883	1547	29966.0
hsa-miR-98-5p	1762	0	24787	1582	28130.249999999996
hsa-miR-22-5p	10049	0	7752	10076	27877.0
hsa-miR-224-5p	5208	0	17649	2224	25081.0
hsa-miR-320a-3p	6295	0	12915	5633	24843.61
hsa-miR-19a-3p	2353	0	13616	8549	24517.010000000002
hsa-miR-205-5p	5282	0	18083	1013	24378.0
hsa-miR-574-3p	9838	0	4399	9840	24077.0
hsa-miR-365b-3p	5178	0	10599	8232	24008.0
hsa-miR-365a-3p	5178	0	10599	8228	24004.0
hsa-miR-125a-5p	2024	0	20346	1223	23593.0
hsa-let-7e-5p	1447	0	17667	660	19773.679999999997
hsa-miR-374a-5p	3118	0	12833	3429	19379.5
hsa-miR-146a-5p	3371	0	10330	5434	19134.5
hsa-miR-197-3p	6605	0	5129	6419	18153.0
hsa-miR-100-5p	6176	0	7371	4594	18140.0
hsa-miR-181a-2-3p	2994	0	13174	1642	17810.0
hsa-miR-17-5p	2714	0	11077	3165	16956.0
hsa-miR-499a-5p	4687	0	7080	5047	16814.0
hsa-let-7i-3p	3234	0	9408	3316	15958.0
hsa-miR-335-3p	3279	0	10296	2235	15810.0
hsa-miR-511-5p	1027	0	12198	2465	15690.0
hsa-miR-1307-5p	4108	0	4759	6076	14943.0
hsa-miR-20a-5p	2720	0	8814	3159	14693.0
hsa-miR-200a-5p	2022	0	11445	1046	14513.0
hsa-miR-196a-5p	4129	0	8793	1332	14254.0
hsa-miR-23b-3p	4937	0	4793	4492	14221.5
hsa-miR-652-3p	1778	0	11164	1095	14037.0
hsa-let-7b-3p	3331	0	3788	5594	12712.5
hsa-miR-125b-2-3p	2377	0	6342	3860	12579.0
hsa-miR-345-5p	1650	0	3164	7337	12151.0
hsa-miR-339-3p	3195	0	6999	1714	11908.0
hsa-miR-195-5p	952	0	8734	1448	11134.33
hsa-miR-342-3p	4542	0	4616	1843	11001.0
hsa-miR-423-5p	4824	0	4427	1472	10723.0
hsa-miR-15b-5p	849	0	8806	117	9772.0
hsa-miR-598-3p	1408	0	7240	991	9639.0
hsa-miR-378d	1457	0	1655	6506	9617.57
hsa-miR-664a-3p	2798	0	5450	939	9187.0
hsa-miR-32-5p	2759	0	2643	3592	8994.0
hsa-miR-141-5p	788	0	7593	560	8941.0
hsa-miR-484	2802	0	4971	1135	8908.0
hsa-miR-29b-3p	2143	0	3987	2565	8694.32
hsa-miR-452-5p	967	0	6096	1542	8605.0
hsa-miR-425-5p	2206	0	5418	968	8592.0
hsa-miR-184	24	0	8112	246	8382.0
hsa-miR-200b-5p	735	0	7307	176	8218.0
hsa-miR-193a-5p	965	0	6256	959	8180.0
hsa-miR-361-3p	394	0	7517	119	8030.0
hsa-miR-497-5p	1030	0	4664	1628	7322.0
hsa-miR-151b	1110	0	4144	1816	7069.0
hsa-miR-15a-5p	1850	0	3454	1647	6951.0
hsa-miR-135a-5p	171	0	5947	522	6640.34
hsa-miR-361-5p	2827	0	2125	1593	6545.0
hsa-miR-221-3p	1302	0	3548	1437	6287.0
hsa-miR-107	2438	0	1650	1926	6014.0
hsa-miR-223-3p	2142	0	2119	1477	5738.0
hsa-miR-92b-3p	1268	0	3645	590	5503.0
hsa-miR-192-5p	1329	0	1850	2291	5470.0
hsa-miR-885-3p	381	0	4897	124	5402.0
hsa-miR-374a-3p	693	0	3286	1310	5289.0
hsa-let-7a-3p	1619	0	947	2580	5147.02
hsa-miR-187-3p	1257	0	2235	1588	5080.0
hsa-miR-132-3p	1354	0	2474	1231	5059.0
hsa-miR-190a-5p	469	0	2907	1486	4862.0
hsa-miR-744-5p	435	0	3926	439	4800.0
hsa-miR-185-5p	521	0	3243	926	4690.0
hsa-miR-1307-3p	484	0	3674	207	4365.0
hsa-miR-326	819	0	2924	552	4295.0
hsa-miR-340-5p	646	0	1782	1764	4192.0
hsa-miR-331-3p	90	0	3917	154	4161.0
hsa-miR-130b-3p	1924	0	1087	1119	4130.0
hsa-miR-324-3p	599	0	3109	251	3959.0
hsa-miR-451a	120	0	3371	418	3909.0
hsa-miR-146b-3p	189	0	3420	163	3772.0
hsa-miR-181a-3p	797	0	2505	440	3741.5
hsa-miR-33b-5p	166	0	2916	651	3733.0
hsa-miR-29c-5p	750	0	2397	427	3574.0
hsa-miR-142-3p	303	0	2458	594	3355.0
hsa-miR-203a-3p	650	0	1939	734	3323.0
hsa-miR-5100	3118	0	182	5	3305.0
hsa-miR-96-5p	318	0	2562	354	3234.0
hsa-miR-222-3p	523	0	1741	826	3090.0
hsa-miR-651-5p	561	0	783	1734	3078.0
hsa-miR-190b-5p	413	0	1842	772	3027.0
hsa-miR-629-5p	830	0	848	1263	2941.0
hsa-miR-378g	221	0	306	2233	2760.0
hsa-miR-106b-3p	363	0	2208	169	2740.0
hsa-miR-532-5p	828	0	1253	581	2662.0
hsa-miR-425-3p	498	0	1757	297	2552.0
hsa-miR-664a-5p	390	0	1706	427	2523.0
hsa-miR-1843	392	0	1711	406	2509.0
hsa-miR-10399-5p	636	0	626	1205	2467.0
hsa-miR-378b	507	0	45	1804	2356.0
hsa-miR-99b-3p	509	0	1380	331	2220.0
hsa-miR-194-5p	158	0	1766	154	2078.0
hsa-miR-196b-5p	194	0	1408	395	1997.0
hsa-miR-10b-5p	219	0	1721	48	1987.5
hsa-miR-3615	208	0	1708	30	1946.0
hsa-miR-4516	1159	0	777	4	1940.0
hsa-miR-320b	804	0	719	382	1904.9
hsa-miR-1246	1815	0	49	14	1878.0
hsa-miR-330-3p	698	0	922	249	1869.0
hsa-miR-140-5p	82	0	1609	170	1861.0
hsa-miR-4492	15	0	1750	0	1764.5
hsa-miR-424-5p	314	0	1111	275	1700.0
hsa-miR-339-5p	337	0	1276	72	1685.0
hsa-miR-148b-5p	191	0	1131	349	1671.0
hsa-miR-1287-5p	314	0	964	315	1593.0
hsa-miR-21-3p	563	0	592	360	1515.0
hsa-miR-1260a	374	0	843	289	1505.5
hsa-miR-660-5p	566	0	486	448	1500.0
hsa-miR-142-5p	738	0	314	396	1448.0
hsa-miR-18a-5p	263	0	672	490	1424.0
hsa-miR-135a-2-3p	95	0	1046	268	1409.0
hsa-miR-210-3p	253	0	918	201	1372.0
hsa-miR-3613-5p	29	0	1231	72	1332.0
hsa-miR-1-3p	64	0	1002	261	1327.0
hsa-miR-199a-3p	256	0	720	299	1275.0
hsa-miR-1260b	278	0	813	183	1273.5
hsa-let-7g-3p	253	0	282	712	1247.0
hsa-miR-7-5p	54	0	1027	147	1228.01
hsa-miR-133a-3p	0	0	1153	20	1173.34
hsa-miR-769-5p	174	0	890	108	1172.0
hsa-miR-33a-3p	302	0	165	693	1160.0
hsa-miR-33a-5p	40	0	667	452	1159.0
hsa-miR-34a-5p	67	0	870	221	1158.0
hsa-miR-502-3p	383	0	517	241	1140.17
hsa-miR-941	145	0	906	23	1073.8899999999999
hsa-miR-486-5p	35	0	1025	12	1072.0
hsa-miR-501-3p	332	0	568	170	1069.67
hsa-miR-421	202	0	672	130	1004.0
hsa-miR-30c-2-3p	40	0	936	25	1001.0
hsa-miR-99a-3p	198	0	564	238	1000.0
hsa-miR-29a-5p	158	0	415	383	956.0
hsa-miR-324-5p	66	0	841	45	952.0
hsa-miR-9983-3p	24	0	705	221	950.0
hsa-miR-500a-3p	271	0	468	205	943.17
hsa-miR-155-5p	254	0	555	132	941.0
hsa-miR-10399-3p	75	0	835	24	934.0
hsa-miR-126-3p	2	0	915	4	921.0
hsa-miR-10a-3p	595	0	103	194	892.0
hsa-miR-218-5p	166	0	374	312	852.0
hsa-miR-125a-3p	191	0	398	254	843.0
hsa-miR-320d	369	0	247	208	823.31
hsa-miR-6510-3p	38	0	717	66	821.0
hsa-miR-15b-3p	191	0	375	245	811.0
hsa-miR-224-3p	111	0	536	162	809.0
hsa-let-7f-1-3p	228	0	288	264	779.17
hsa-miR-628-5p	17	0	694	60	771.0
hsa-miR-378a-5p	48	0	662	54	764.0
hsa-miR-576-5p	375	0	209	167	751.0
hsa-miR-30d-3p	63	0	620	52	734.5
hsa-miR-7704	12	0	704	9	725.0
hsa-miR-7-1-3p	242	0	365	109	716.0
hsa-miR-181c-5p	35	0	601	76	712.0
hsa-miR-320c	258	0	310	126	693.56
hsa-miR-128-3p	107	0	497	80	684.0
hsa-miR-29b-2-5p	82	0	524	66	672.0
hsa-miR-193b-5p	89	0	419	158	666.0
hsa-miR-589-5p	183	0	312	164	659.0
hsa-miR-199b-3p	128	0	358	150	636.0
hsa-miR-877-5p	45	0	476	101	622.0
hsa-miR-130a-3p	198	0	131	276	605.0
hsa-miR-590-3p	104	0	345	153	602.0
hsa-miR-584-5p	87	0	414	97	598.0
hsa-miR-454-3p	72	0	460	31	563.0
hsa-miR-331-5p	154	0	208	196	558.0
hsa-miR-1301-3p	13	0	503	37	553.0
hsa-miR-365a-5p	152	0	267	131	550.0
hsa-miR-199b-5p	85	0	317	130	532.0
hsa-miR-505-3p	110	0	258	159	527.0
hsa-miR-328-3p	34	0	442	35	511.0
hsa-miR-3065-3p	82	0	411	13	506.0
hsa-miR-4488	161	0	317	0	478.0
hsa-miR-519a-3p	55	0	137	282	474.67999999999995
hsa-miR-103a-2-5p	171	0	146	146	463.0
hsa-miR-215-5p	107	0	189	147	443.0
hsa-let-7f-2-3p	133	0	73	236	441.34000000000003
hsa-miR-26b-3p	54	0	341	37	432.0
hsa-miR-10527-5p	169	0	195	59	423.0
hsa-miR-150-5p	77	0	296	16	389.0
hsa-miR-516b-5p	127	0	141	113	381.0
hsa-miR-126-5p	38	0	337	3	378.0
hsa-miR-16-2-3p	79	0	262	35	376.0
hsa-miR-3065-5p	143	0	132	75	350.0
hsa-miR-362-3p	46	0	50	254	350.0
hsa-miR-27a-5p	90	0	109	148	347.0
hsa-miR-4454	135	0	160	46	341.0
hsa-miR-9-5p	20	0	305	4	329.01
hsa-miR-378f	148	0	27	150	324.66999999999996
hsa-miR-365b-5p	71	0	223	26	320.0
hsa-miR-7706	23	0	263	33	319.0
hsa-miR-1270	16	0	300	2	318.0
hsa-miR-181d-5p	64	0	198	56	317.34
hsa-miR-26a-2-3p	59	0	159	89	307.0
hsa-miR-145-5p	23	0	248	32	303.0
hsa-miR-517a-3p	41	0	145	115	300.5
hsa-miR-517b-3p	41	0	145	115	300.5
hsa-miR-196a-1-3p	99	0	61	134	294.0
hsv2-miR-H10	198	0	88	0	286.0
hsa-miR-590-5p	12	0	67	202	281.0
hsa-miR-627-5p	28	0	106	141	275.0
hsa-miR-18a-3p	45	0	159	70	274.0
hsa-miR-3174	88	0	61	113	262.0
hsa-miR-671-3p	64	0	150	43	257.0
hsa-miR-127-3p	7	0	244	5	256.0
hsa-miR-27b-5p	12	0	238	6	256.0
hsa-miR-3200-3p	71	0	131	50	252.0
hsa-miR-512-3p	41	0	144	55	240.0
hsa-miR-671-5p	2	0	230	7	239.0
hsa-miR-548s	41	0	150	43	234.0
hsa-miR-200c-5p	28	0	188	16	232.0
hsa-miR-3168	44	0	162	13	219.0
hsa-miR-33b-3p	21	0	167	20	208.0
hsa-miR-577	6	0	169	32	207.0
hsa-miR-515-3p	7	0	70	127	204.0
hsa-miR-1251-5p	23	0	27	153	203.0
hsa-miR-98-3p	36	0	52	111	199.0
hsa-miR-522-3p	19	0	142	38	199.0
hsa-miR-874-3p	19	0	151	26	196.0
hsa-miR-2115-5p	23	0	160	12	195.0
hsa-miR-516a-5p	39	0	79	70	188.0
hsa-miR-199a-5p	4	0	178	5	187.0
hsa-miR-664b-5p	17	0	143	24	184.0
hsa-miR-532-3p	15	0	158	10	183.0
hsa-miR-1468-5p	9	0	165	8	182.0
hsa-miR-17-3p	11	0	152	16	179.0
hsa-miR-766-3p	43	0	94	40	177.0
hsa-miR-500a-5p	47	0	109	22	177.0
hsa-miR-488-3p	14	0	131	29	174.0
hsa-miR-101-5p	29	0	119	26	174.0
hsa-miR-501-5p	2	0	163	5	170.0
hsa-miR-3605-5p	50	0	56	64	170.0
hsa-miR-548i	43	0	104	21	168.0
hsa-miR-1296-5p	84	0	54	30	168.0
hsa-miR-2110	25	0	106	36	167.0
hsa-miR-135b-5p	16	0	135	16	166.67
hsa-miR-491-5p	8	0	145	12	165.0
hsa-miR-12125	34	0	79	49	162.0
hsa-miR-195-3p	0	0	159	2	161.0
hsa-miR-708-5p	18	0	96	47	161.0
hsa-miR-342-5p	15	0	124	22	161.0
hsa-miR-664b-3p	42	0	109	9	160.0
hsa-miR-548e-3p	28	0	107	21	156.0
hsa-miR-548k	35	0	70	51	156.0
hsa-miR-32-3p	67	0	52	36	155.0
hsa-miR-2277-3p	25	0	108	21	154.0
hsa-miR-122-5p	18	0	112	23	153.0
hsa-miR-500b-5p	44	0	89	20	152.0
hsa-miR-940	28	0	97	26	151.0
hsa-miR-185-3p	14	0	120	14	148.0
hsa-miR-379-5p	16	0	113	18	147.0
hsa-miR-518b	32	0	92	19	143.0
hsa-miR-518c-3p	21	0	93	29	142.67000000000002
hsa-miR-183-3p	17	0	108	17	142.0
hsa-miR-9985	84	0	37	20	141.16
hsa-miR-12136	0	0	139	2	141.0
hsa-miR-6839-5p	22	0	70	49	141.0
hsa-miR-210-5p	25	0	102	11	138.0
hsa-miR-3913-5p	16	0	114	7	137.0
hsa-miR-93-3p	35	0	67	34	136.0
hsa-miR-362-5p	16	0	104	16	136.0
hsa-miR-10401-3p	17	0	105	11	132.96
hsa-miR-106a-5p	33	0	53	45	130.32999999999998
hsa-miR-519c-3p	14	0	71	42	127.0
hsa-miR-152-5p	54	0	15	56	125.0
hsa-miR-521	22	0	71	32	125.0
hsa-miR-24-2-5p	14	0	78	32	124.0
hsa-miR-6859-5p	24	0	79	20	123.03999999999999
hsa-miR-103a-1-5p	24	0	60	39	123.0
hsa-miR-1266-5p	13	0	93	15	121.0
hsa-miR-3064-5p	0	0	120	0	120.0
hsa-miR-196a-3p	8	0	94	17	119.0
hsa-miR-1287-3p	16	0	72	30	118.0
hsa-miR-4446-3p	6	0	110	2	118.0
hsa-miR-124-3p	0	0	115	0	114.99
hsa-miR-4728-3p	19	0	88	7	114.0
hsa-miR-520a-3p	9	0	80	25	113.75
hsa-let-7c-3p	19	0	33	59	111.0
hsa-miR-301a-3p	10	0	34	67	111.0
hsa-miR-223-5p	9	0	73	29	111.0
hsa-miR-330-5p	9	0	101	0	110.0
hsa-let-7e-3p	20	0	37	52	109.0
hsa-miR-1180-3p	2	0	107	0	109.0
hsa-miR-1283	49	0	24	35	108.0
hsa-miR-520f-3p	3	0	75	30	107.5
hsa-miR-149-5p	23	0	68	15	106.0
hsa-miR-889-3p	34	0	58	13	105.0
hsa-miR-3182	2	0	65	38	105.0
hsa-miR-1292-5p	10	0	87	8	105.0
hsa-miR-374b-3p	6	0	98	0	104.0
hsa-miR-2115-3p	40	0	54	8	102.0
hsa-miR-301b-3p	17	0	20	64	101.0
hsa-miR-340-3p	11	0	90	0	101.0
hsa-miR-545-5p	10	0	76	15	101.0
hsa-miR-3909	6	0	72	22	100.0
hsa-miR-4326	16	0	69	14	99.0
hsa-miR-6499-5p	4	0	85	9	98.0
hsa-miR-3912-3p	22	0	43	33	98.0
hsa-miR-4485-3p	0	0	97	0	97.0
hsa-miR-6821-5p	0	0	97	0	97.0
hsa-miR-186-3p	0	0	58	38	96.0
hsa-miR-3622a-5p	2	0	91	0	93.0
hsa-miR-3074-5p	8	0	71	12	91.0
hsa-miR-3064-3p	17	0	55	19	91.0
hsa-miR-1304-3p	29	0	22	39	90.0
hsa-miR-381-3p	6	0	77	7	90.0
hsa-miR-363-3p	6	0	69	14	89.0
hsa-miR-1276	36	0	29	23	88.0
hsa-miR-5684	17	0	53	17	87.0
hsa-miR-20a-3p	17	0	66	4	87.0
hsa-miR-518e-3p	33	0	19	34	86.0
hsa-miR-23c	60	0	4	23	85.5
hsa-miR-548o-3p	20	0	42	22	84.0
hsa-miR-550a-5p	14	0	56	14	83.8
hsa-miR-7977	3	0	78	2	83.0
hsa-miR-659-5p	4	0	56	23	83.0
hsa-miR-139-5p	9	0	73	0	82.0
hsa-miR-455-5p	13	0	42	26	81.0
hsa-miR-5001-3p	22	0	34	24	80.0
hsa-miR-4443	8	0	72	0	80.0
hsa-miR-4677-3p	9	0	67	3	79.0
hsa-miR-212-3p	36	0	23	20	79.0
hsa-miR-542-3p	19	0	24	35	78.0
hsa-miR-455-3p	12	0	64	2	78.0
hsa-miR-19b-1-5p	3	0	38	37	78.0
hsa-miR-6511b-3p	12	0	58	8	78.0
hsa-miR-934	3	0	51	23	77.0
hsa-miR-4508	8	0	69	0	76.5
hsa-miR-4286	48	0	14	14	76.0
hsa-miR-760	2	0	61	13	76.0
hsa-miR-6516-5p	2	0	71	3	76.0
hsa-miR-147b-3p	8	0	33	33	74.0
hsa-miR-5690	16	0	54	2	72.0
hsa-miR-188-5p	34	0	23	15	72.0
hsa-miR-3605-3p	20	0	45	6	71.0
hsa-miR-3158-3p	4	0	57	10	71.0
hsa-miR-4802-3p	8	0	48	15	71.0
hsa-miR-181c-3p	9	0	56	5	69.5
hsa-miR-10400-5p	55	0	14	0	69.0
hsa-miR-192-3p	3	0	48	17	68.0
hsa-miR-217-5p	0	0	68	0	68.0
hsa-miR-30b-3p	0	0	67	0	67.0
hsa-miR-3177-3p	22	0	43	2	67.0
hsa-miR-219a-1-3p	14	0	35	18	67.0
hsa-miR-219a-2-3p	0	0	66	0	66.0
hsa-miR-615-3p	8	0	56	2	66.0
hsa-miR-519a-5p	28	0	17	20	65.66
hsa-miR-3613-3p	12	0	21	32	65.0
hsa-miR-3127-5p	9	0	27	28	64.0
hsa-miR-125b-1-3p	11	0	41	12	64.0
hsa-miR-202-5p	0	0	64	0	64.0
hsa-miR-519d-3p	10	0	51	3	64.0
hsa-miR-520g-3p	14	0	43	7	63.75
hsa-miR-296-5p	4	0	53	6	63.0
hsa-miR-374c-5p	26	0	23	15	63.0
hsa-miR-181b-3p	11	0	31	21	63.0
hsa-miR-221-5p	10	0	39	14	63.0
hsa-miR-6755-5p	30	0	23	10	63.0
hsa-miR-504-5p	7	0	37	17	61.0
hsa-miR-130b-5p	12	0	46	2	60.0
hsa-miR-3690	14	0	43	3	60.0
hsa-miR-12135	0	0	59	0	59.0
hsa-miR-411-5p	0	0	59	0	59.0
hsa-miR-520c-3p	1	0	41	17	58.5
hsa-miR-6511a-3p	6	0	49	3	58.080000000000005
hsa-miR-24-1-5p	0	0	51	7	58.0
hsa-miR-942-3p	16	0	12	30	58.0
hsa-miR-1277-3p	0	0	55	3	58.0
hsa-miR-550a-3p	7	0	36	15	57.99
hsa-miR-5187-5p	10	0	36	11	57.0
hsa-miR-6509-5p	4	0	52	0	56.0
hsa-miR-378e	6	0	32	18	55.900000000000006
hsa-miR-1323	6	0	39	10	55.0
hsa-miR-1179	0	0	49	6	55.0
hsa-miR-34c-5p	0	0	50	5	55.0
hsa-miR-6516-3p	19	0	10	26	55.0
hsa-miR-518f-3p	5	0	38	11	53.67
hsa-miR-499a-3p	0	0	30	23	53.0
hsa-miR-205-3p	8	0	18	27	53.0
hsa-miR-3688-3p	6	0	26	21	53.0
hsa-miR-3940-3p	14	0	27	12	53.0
hsa-miR-3190-3p	25	0	11	17	53.0
hsa-miR-582-5p	6	0	32	15	53.0
hsa-miR-5699-3p	0	0	26	27	53.0
hsa-miR-542-5p	9	0	33	9	51.0
hsa-miR-708-3p	17	0	8	26	51.0
hsa-miR-20b-5p	8	0	31	10	49.66
hsa-miR-320e	23	0	18	9	49.63
hsa-miR-523-3p	9	0	37	3	49.0
hsa-miR-3928-3p	2	0	27	20	49.0
hsa-miR-942-5p	3	0	39	7	49.0
hsa-miR-34a-3p	16	0	6	27	49.0
hsa-miR-515-5p	15	0	8	26	49.0
hsa-miR-4423-3p	5	0	10	34	49.0
hsa-miR-491-3p	9	0	14	25	48.0
hsa-miR-548b-3p	19	0	21	8	48.0
hsa-miR-520d-3p	0	0	41	7	48.0
hsa-miR-4510	30	0	7	10	47.2
hsa-miR-3144-3p	4	0	25	18	47.0
hsa-miR-625-3p	4	0	23	20	47.0
hsa-miR-206	4	0	19	24	47.0
hsa-miR-190a-3p	11	0	6	29	46.0
hsa-miR-4640-3p	12	0	31	2	45.0
hsa-miR-628-3p	0	0	45	0	45.0
hsa-miR-3178	4	0	41	0	45.0
hsa-miR-505-5p	2	0	41	2	45.0
hsa-miR-744-3p	3	0	19	23	45.0
hsa-miR-874-5p	0	0	45	0	45.0
hsa-miR-589-3p	4	0	33	8	45.0
hsa-miR-1271-5p	8	0	25	11	44.0
hsa-miR-4780	2	0	35	7	44.0
hsa-miR-561-5p	0	0	12	31	43.0
hsa-miR-3691-5p	0	0	41	2	43.0
hsa-miR-31-5p	7	0	31	5	43.0
hsa-miR-4433b-5p	0	0	42	0	42.0
hsa-miR-891a-5p	19	0	11	12	42.0
hsa-miR-208b-3p	0	0	40	0	40.0
hsa-miR-383-5p	0	0	40	0	40.0
hsa-miR-1278	12	0	18	9	39.0
hsa-miR-519b-3p	7	0	24	8	38.34
hsa-miR-6858-5p	2	0	36	0	38.0
hsa-miR-2277-5p	0	0	35	2	37.0
hsa-miR-616-5p	10	0	21	6	37.0
hsa-miR-204-5p	0	0	37	0	37.0
hsa-miR-497-3p	2	0	27	8	37.0
hsa-miR-6513-5p	7	0	24	5	36.0
hsa-miR-203b-3p	6	0	17	13	36.0
hsa-miR-6882-5p	10	0	15	11	36.0
hsa-miR-382-5p	7	0	29	0	36.0
hsa-miR-409-3p	0	0	34	2	36.0
hsa-miR-3942-5p	0	0	22	13	35.0
hsa-miR-3936	6	0	28	0	34.0
hsa-miR-4742-3p	3	0	29	2	34.0
hsa-miR-92a-1-5p	4	0	25	5	34.0
hsa-miR-4775	2	0	21	11	34.0
hsa-miR-525-3p	2	0	28	4	33.67
hsa-miR-579-3p	14	0	11	8	33.0
hsa-miR-132-5p	3	0	27	3	33.0
hsa-miR-676-3p	2	0	27	4	33.0
hsa-miR-660-3p	22	0	8	3	33.0
hsa-miR-518d-3p	7	0	16	9	31.75
hsa-miR-378i	2	0	5	24	31.0
hsa-miR-4707-3p	0	0	26	5	31.0
hsa-miR-23b-5p	0	0	26	5	31.0
hsa-miR-127-5p	4	0	26	0	30.0
hsa-miR-92b-5p	0	0	30	0	30.0
hsa-miR-153-3p	0	0	27	3	30.0
hsa-miR-654-3p	6	0	21	3	30.0
hsa-miR-641	2	0	26	2	30.0
hsa-miR-4661-5p	15	0	8	6	29.0
hsa-miR-5006-3p	2	0	19	8	29.0
hsa-miR-1262	26	0	2	0	28.0
hsa-miR-1306-5p	8	0	18	2	28.0
hsa-miR-4660	0	0	24	4	28.0
hsa-miR-3664-3p	11	0	6	10	27.0
hsa-miR-196b-3p	2	0	13	12	27.0
hsa-miR-6515-5p	2	0	22	3	27.0
hsa-miR-2278	4	0	18	5	27.0
hsa-miR-15a-3p	2	0	9	15	26.0
hsa-miR-191-3p	0	0	24	2	26.0
hsa-miR-338-5p	9	0	10	7	26.0
hsa-miR-95-3p	0	0	26	0	26.0
hsa-miR-493-5p	4	0	17	5	26.0
hsa-miR-3157-5p	7	0	18	0	25.0
hsa-miR-26a-1-3p	4	0	11	10	25.0
hsa-miR-6843-3p	0	0	20	5	25.0
hsa-miR-582-3p	2	0	12	11	25.0
hsa-miR-629-3p	5	0	17	3	25.0
hsa-miR-1296-3p	3	0	19	3	25.0
hsa-miR-136-5p	0	0	20	5	25.0
hsa-miR-545-3p	0	0	25	0	25.0
hsa-miR-769-3p	5	0	19	0	24.0
hsa-miR-449a	0	0	24	0	24.0
hsa-miR-570-3p	6	0	13	4	23.0
hsa-miR-3614-5p	7	0	13	3	23.0
hsa-miR-548ah-5p	3	0	20	0	23.0
hsa-miR-29b-1-5p	0	0	23	0	23.0
hsa-miR-369-3p	2	0	13	8	23.0
hsa-miR-6842-3p	0	0	20	3	23.0
hsa-miR-1244	7	0	11	4	22.08
hsa-miR-4781-3p	0	0	22	0	22.0
hsa-miR-498-3p	4	0	12	6	22.0
hsa-miR-6884-5p	0	0	22	0	22.0
hsa-miR-2276-3p	2	0	20	0	22.0
hsa-miR-219a-5p	7	0	3	12	22.0
hsa-miR-96-3p	15	0	7	0	22.0
hsa-miR-7705	5	0	14	3	22.0
hsa-miR-550a-3-5p	4	0	16	1	21.4
hsa-miR-3654	0	0	21	0	21.0
hsa-miR-323b-3p	6	0	15	0	21.0
hsa-miR-937-3p	6	0	15	0	21.0
hsa-miR-3149	2	0	17	2	21.0
hsa-miR-182-3p	0	0	14	7	21.0
hsa-miR-503-5p	0	0	21	0	21.0
hsa-miR-1261	0	0	21	0	21.0
hsa-miR-2355-3p	3	0	18	0	21.0
hsa-miR-652-5p	0	0	21	0	21.0
hsa-miR-548ah-3p	4	0	14	3	21.0
hsa-miR-518a-3p	0	0	21	0	21.0
hsa-miR-556-5p	0	0	21	0	21.0
hsa-miR-643	0	0	21	0	21.0
hsa-miR-3196	0	0	20	0	20.0
hsa-miR-187-5p	2	0	16	2	20.0
hsa-miR-520e-3p	3	0	15	2	20.0
hsa-miR-548ag	7	0	10	3	20.0
hsa-miR-450a-5p	2	0	12	6	20.0
hsa-miR-448	0	0	9	10	19.0
hsa-miR-147b-5p	0	0	9	10	19.0
hsa-miR-4999-5p	0	0	19	0	19.0
hsa-miR-3619-3p	0	0	19	0	19.0
hsa-miR-517c-3p	0	0	9	10	19.0
hsa-miR-5588-3p	0	0	16	3	19.0
hsa-miR-6777-5p	4	0	15	0	19.0
hsa-miR-944	2	0	14	2	18.0
hsa-miR-625-5p	2	0	16	0	18.0
hsa-miR-4688	3	0	15	0	18.0
hsa-miR-145-3p	0	0	16	2	18.0
hsa-miR-4787-3p	0	0	18	0	18.0
hsa-miR-5588-5p	6	0	8	4	18.0
hsa-miR-16-1-3p	0	0	14	4	18.0
hsa-miR-296-3p	2	0	7	8	17.0
hsa-miR-5010-3p	2	0	11	4	17.0
hsa-miR-376c-3p	0	0	15	2	17.0
hsa-miR-548q	0	0	17	0	17.0
hsa-miR-4802-5p	4	0	5	8	17.0
hsa-miR-6803-3p	12	0	4	0	16.0
hsa-miR-485-3p	2	0	14	0	16.0
hsa-miR-3616-5p	0	0	14	2	16.0
hsa-miR-4423-5p	0	0	11	5	16.0
hsa-miR-520h	1	0	10	5	15.75
hsa-miR-150-3p	2	0	13	0	15.0
hsa-miR-450b-5p	6	0	2	7	15.0
hsa-miR-3124-5p	0	0	15	0	15.0
hsa-miR-3934-5p	9	0	6	0	15.0
hsa-miR-519e-3p	0	0	7	8	15.0
hsa-miR-9903	0	0	12	3	15.0
hsa-miR-6806-3p	0	0	15	0	15.0
hsa-miR-4785	13	0	2	0	15.0
hsa-miR-6866-5p	0	0	14	0	14.0
hsa-miR-6733-5p	2	0	4	8	14.0
hsa-miR-873-5p	6	0	3	5	14.0
hsa-miR-551b-3p	0	0	14	0	14.0
hsa-miR-3617-5p	2	0	0	12	14.0
hsa-miR-3919	0	0	2	12	14.0
hsa-miR-1343-3p	0	0	14	0	14.0
hsa-miR-3129-3p	0	0	10	4	14.0
hsa-miR-143-5p	0	0	8	6	14.0
hsa-miR-323a-3p	5	0	6	3	14.0
hsa-miR-134-5p	3	0	9	2	14.0
hsa-miR-1306-3p	5	0	9	0	14.0
hsa-miR-4657	2	0	12	0	14.0
hsa-miR-524-3p	2	0	12	0	14.0
hsa-miR-4647	2	0	12	0	14.0
hsa-miR-624-5p	3	0	11	0	14.0
hsa-miR-6875-5p	2	0	12	0	14.0
hsa-miR-299-3p	0	0	14	0	14.0
hsa-miR-3191-3p	2	0	9	2	13.0
hsa-miR-1273h-3p	0	0	13	0	13.0
hsa-miR-181b-2-3p	2	0	9	2	13.0
hsa-miR-1288-3p	5	0	8	0	13.0
hsa-miR-1249-3p	0	0	13	0	13.0
hsa-miR-6514-5p	0	0	9	4	13.0
hsa-miR-299-5p	0	0	13	0	13.0
hsa-miR-6847-5p	0	0	13	0	13.0
hsa-miR-1268b	0	0	13	0	13.0
hsa-miR-4664-5p	0	0	9	3	12.0
hsa-miR-3074-3p	3	0	9	0	12.0
hsa-miR-222-5p	0	0	9	3	12.0
hsa-miR-3146	3	0	7	2	12.0
hsa-miR-6513-3p	0	0	12	0	12.0
hsa-miR-3664-5p	0	0	12	0	12.0
hsa-miR-5188	3	0	9	0	12.0
hsa-miR-3130-5p	0	0	7	5	12.0
hsa-miR-2116-3p	0	0	12	0	12.0
hsa-miR-3622b-3p	0	0	12	0	12.0
hsa-miR-31-3p	0	0	6	6	12.0
hsa-miR-6503-3p	2	0	10	0	12.0
hsa-miR-509-3p	0	0	12	0	12.0
hsa-miR-6877-5p	3	0	9	0	12.0
hsa-miR-6811-5p	2	0	9	0	11.0
hsa-miR-6754-3p	0	0	11	0	11.0
hsa-miR-4633-3p	0	0	9	2	11.0
hsa-miR-2116-5p	2	0	4	5	11.0
hsa-miR-616-3p	0	0	11	0	11.0
hsa-miR-6762-3p	0	0	11	0	11.0
hsa-miR-524-5p	3	0	8	0	11.0
hsa-miR-3616-3p	0	0	7	4	11.0
hsa-miR-5581-3p	3	0	6	2	11.0
hsa-miR-502-5p	2	0	7	2	11.0
hsa-miR-144-5p	0	0	11	0	11.0
hsa-miR-512-5p	0	0	6	4	10.0
hsa-miR-3199	0	0	10	0	10.0
hsa-miR-338-3p	0	0	8	2	10.0
hsa-miR-4677-5p	0	0	5	5	10.0
hsa-miR-3133	0	0	0	10	10.0
hsa-miR-548j-5p	0	0	10	0	10.0
hsa-miR-4772-5p	2	0	2	6	10.0
hsa-miR-4725-3p	0	0	10	0	10.0
hsa-miR-548l	0	0	10	0	10.0
hsa-miR-6743-3p	2	0	6	2	10.0
hsa-miR-30c-1-3p	0	0	10	0	10.0
hsa-miR-6717-5p	0	0	10	0	10.0
hsa-miR-4743-5p	0	0	10	0	10.0
hsa-miR-556-3p	0	0	10	0	10.0
hsa-miR-3684	8	0	2	0	10.0
hsa-miR-6129	9	0	0	0	9.0
hsa-miR-548a-3p	0	0	7	2	9.0
hsa-miR-144-3p	0	0	9	0	9.0
hsa-miR-4797-3p	2	0	4	3	9.0
hsa-miR-496	0	0	9	0	9.0
hsa-miR-3913-3p	2	0	4	3	9.0
hsa-miR-3131	0	0	9	0	9.0
hsa-miR-765	0	0	9	0	9.0
hsa-miR-146a-3p	0	0	2	7	9.0
hsa-miR-3130-3p	0	0	7	2	9.0
hsa-miR-4638-3p	0	0	7	2	9.0
hsa-miR-1255a	2	0	7	0	9.0
hsa-miR-10396b-3p	0	0	9	0	9.0
hsa-miR-3121-3p	7	0	0	2	9.0
hsa-miR-3925-5p	0	0	5	4	9.0
hsa-miR-6734-5p	2	0	5	2	9.0
hsa-miR-9-3p	0	0	2	7	8.99
hsa-miR-548n	2	0	0	7	8.5
hsa-miR-4701-5p	0	0	8	0	8.0
hsa-miR-4521	0	0	8	0	8.0
hsa-miR-548e-5p	0	0	4	4	8.0
hsa-miR-498-5p	0	0	6	2	8.0
hsa-miR-4685-3p	0	0	8	0	8.0
hsa-miR-4680-3p	0	0	8	0	8.0
hsa-miR-520b-3p	1	0	7	0	8.0
hsa-miR-4679	0	0	4	4	8.0
hsa-miR-376a-2-5p	0	0	3	5	8.0
hsa-miR-218-1-3p	3	0	3	2	8.0
hsa-miR-526b-3p	1	0	7	0	8.0
hsa-miR-10394-5p	0	0	8	0	8.0
hsa-miR-7109-3p	0	0	8	0	8.0
hsa-miR-3944-5p	0	0	8	0	8.0
hsa-miR-4498	0	0	8	0	8.0
hsa-miR-6503-5p	2	0	4	2	8.0
hsa-miR-369-5p	0	0	8	0	8.0
hsa-miR-4732-5p	0	0	5	3	8.0
hsa-miR-6883-3p	0	0	8	0	8.0
hsa-miR-6855-5p	0	0	7	0	7.0
hsa-miR-5009-5p	0	0	3	4	7.0
hsa-miR-492	0	0	7	0	7.0
hsa-miR-4723-5p	0	0	5	2	7.0
hsa-miR-4804-3p	0	0	4	3	7.0
hsa-miR-5697	0	0	5	2	7.0
hsa-miR-4520-3p	2	0	0	5	7.0
hsa-miR-4525	0	0	7	0	7.0
hsa-miR-6509-3p	0	0	7	0	7.0
hsa-miR-580-3p	0	0	4	3	7.0
hsa-miR-34b-3p	0	0	7	0	7.0
hsa-miR-3620-3p	2	0	5	0	7.0
hsa-miR-3173-5p	0	0	7	0	7.0
hsa-miR-3680-5p	0	0	7	0	7.0
hsa-miR-6792-5p	0	0	7	0	7.0
hsa-miR-18b-5p	2	0	3	3	7.0
hsa-miR-495-3p	5	0	2	0	7.0
hsa-miR-654-5p	0	0	7	0	7.0
hsa-miR-584-3p	2	0	5	0	7.0
hsa-miR-3117-3p	4	0	0	3	7.0
hsa-miR-3136-5p	2	0	2	3	7.0
hsa-miR-376a-5p	0	0	7	0	7.0
hsa-miR-133b	0	0	7	0	6.67
hsa-miR-1229-3p	2	0	4	0	6.0
hsa-miR-3191-5p	0	0	6	0	6.0
hsa-miR-4804-5p	0	0	6	0	6.0
hsa-miR-4799-5p	0	0	3	3	6.0
hsa-miR-3926	0	0	6	0	6.0
hsa-miR-3116	0	0	6	0	6.0
hsa-miR-1297	5	0	1	0	6.0
hsa-miR-4783-3p	0	0	6	0	6.0
hsa-miR-5001-5p	0	0	6	0	6.0
hsa-miR-208a-5p	0	0	6	0	6.0
hsa-miR-6818-5p	0	0	4	2	6.0
hsa-miR-3677-3p	4	0	2	0	6.0
hsa-miR-3928-5p	3	0	3	0	6.0
hsa-miR-493-3p	0	0	6	0	6.0
hsa-miR-6721-5p	0	0	6	0	6.0
hsa-miR-3680-3p	0	0	6	0	6.0
hsa-miR-4746-5p	3	0	3	0	6.0
hsa-miR-624-3p	0	0	6	0	6.0
hsa-miR-11400	0	0	6	0	6.0
hsa-miR-6864-5p	0	0	6	0	6.0
hsa-miR-6747-3p	0	0	6	0	6.0
hsa-miR-4789-5p	0	0	3	3	6.0
hsa-miR-5187-3p	3	0	0	3	6.0
hsa-miR-551a	0	0	6	0	6.0
hsa-miR-597-3p	2	0	4	0	6.0
hsa-miR-4767	0	0	6	0	6.0
hsa-miR-519a-2-5p	0	0	6	0	5.5
hsa-miR-520b-5p	0	0	6	0	5.5
hsa-miR-376a-3p	0	0	3	2	5.0
hsa-miR-4762-3p	0	0	5	0	5.0
hsa-miR-34c-3p	0	0	5	0	5.0
hsa-miR-6861-3p	0	0	5	0	5.0
hsa-miR-4745-3p	0	0	5	0	5.0
hsa-miR-4670-3p	0	0	3	2	5.0
hsa-miR-4664-3p	0	0	3	2	5.0
hsa-miR-3611	0	0	0	5	5.0
hsa-miR-3170	2	0	3	0	5.0
hsa-miR-4536-3p	0	0	3	2	5.0
hsa-miR-6757-5p	2	0	3	0	5.0
hsa-miR-4717-3p	0	0	5	0	5.0
hsa-miR-211-5p	0	0	5	0	5.0
hsa-miR-100-3p	0	0	5	0	5.0
hsa-miR-6746-3p	0	0	5	0	5.0
hsa-miR-3128	0	0	0	5	5.0
hsa-miR-939-5p	0	0	5	0	5.0
hsa-miR-5193	0	0	5	0	5.0
hsa-miR-508-3p	0	0	3	2	5.0
hsa-miR-6852-3p	0	0	5	0	5.0
hsa-miR-10395-3p	0	0	5	0	5.0
hsa-miR-219b-5p	0	0	5	0	5.0
hsa-miR-1304-5p	0	0	5	0	5.0
hsa-miR-1234-3p	0	0	5	0	5.0
hsa-miR-219b-3p	0	0	2	3	5.0
hsa-miR-6818-3p	2	0	3	0	5.0
hsa-miR-382-3p	0	0	5	0	5.0
hsa-miR-4796-3p	0	0	5	0	5.0
hsa-miR-581	0	0	0	5	5.0
hsa-miR-548ar-3p	0	0	2	3	5.0
hsa-miR-6726-3p	0	0	5	0	5.0
hsa-miR-4477a	2	0	3	0	5.0
hsa-miR-4683	0	0	5	0	5.0
hsa-miR-4642	0	0	5	0	5.0
hsa-miR-6764-5p	0	0	5	0	5.0
hsa-miR-8072	0	0	5	0	5.0
hsa-miR-4690-5p	0	0	5	0	5.0
hsa-miR-6508-3p	0	0	5	0	5.0
hsa-miR-4489	0	0	5	0	5.0
hsa-miR-4484	0	0	5	0	5.0
hsa-miR-876-5p	0	0	0	5	5.0
hsa-miR-4667-5p	2	0	3	0	5.0
hsa-miR-6894-5p	0	0	5	0	5.0
hsa-miR-487b-3p	0	0	5	0	5.0
hsa-miR-615-5p	0	0	5	0	5.0
hsa-miR-4791	0	0	5	0	5.0
hsa-miR-6766-3p	0	0	5	0	5.0
hsa-miR-548ab	0	0	0	5	4.5
hsa-miR-1827	3	0	1	1	4.34
hsa-miR-618	2	0	0	2	4.0
hsa-miR-4754	0	0	4	0	4.0
hsa-miR-3120-3p	0	0	4	0	4.0
hsa-miR-3622a-3p	0	0	4	0	4.0
hsa-miR-6820-3p	2	0	0	2	4.0
hsa-miR-494-3p	2	0	2	0	4.0
hsa-miR-4721	0	0	4	0	4.0
hsa-miR-4284	0	0	4	0	4.0
hsa-miR-6849-3p	0	0	4	0	4.0
hsa-miR-3181	0	0	4	0	4.0
hsa-miR-6838-3p	4	0	0	0	4.0
hsa-miR-10393-5p	0	0	4	0	4.0
hsa-miR-5683	2	0	0	2	4.0
hsa-miR-3159	2	0	0	2	4.0
hsa-miR-653-5p	0	0	0	4	4.0
hsa-miR-6793-5p	0	0	4	0	4.0
hsa-miR-3939	0	0	4	0	4.0
hsa-miR-6735-5p	0	0	4	0	4.0
hsa-miR-1294	0	0	4	0	4.0
hsa-miR-1291	0	0	4	0	4.0
hsa-miR-6718-5p	0	0	4	0	4.0
hsa-miR-4777-3p	0	0	4	0	4.0
hsa-miR-548j-3p	0	0	4	0	4.0
hsa-miR-23a-5p	2	0	0	2	4.0
hsa-miR-6865-5p	0	0	4	0	4.0
hsa-miR-4749-5p	0	0	4	0	4.0
hsa-miR-4796-5p	2	0	2	0	4.0
hsa-miR-544a	0	0	4	0	4.0
hsa-miR-588	0	0	4	0	4.0
hsa-miR-6848-3p	0	0	4	0	4.0
hsa-miR-197-5p	0	0	4	0	4.0
hsa-miR-6837-3p	0	0	4	0	4.0
hsa-miR-3622b-5p	0	0	4	0	4.0
hsa-miR-499b-5p	2	0	2	0	4.0
hsa-miR-4637	2	0	0	2	4.0
hsa-miR-2276-5p	0	0	4	0	4.0
hsa-miR-5699-5p	0	0	4	0	4.0
hsa-miR-4473	0	0	4	0	4.0
hsa-miR-4789-3p	2	0	2	0	4.0
hsa-miR-4450	0	0	4	0	4.0
hsa-miR-6777-3p	0	0	4	0	4.0
hsa-miR-6761-5p	4	0	0	0	4.0
hsa-miR-138-5p	0	0	4	0	4.0
hsa-miR-3180-3p	0	0	3	0	3.41
hsa-miR-651-3p	0	0	3	0	3.0
hsa-miR-3144-5p	0	0	3	0	3.0
hsa-miR-4719	0	0	3	0	3.0
hsa-miR-431-5p	0	0	3	0	3.0
hsa-miR-450a-2-3p	0	0	3	0	3.0
hsa-miR-3165	0	0	3	0	3.0
hsa-miR-3164	0	0	3	0	3.0
hsa-miR-4662a-5p	0	0	3	0	3.0
hsa-miR-6833-3p	0	0	3	0	3.0
hsa-miR-10393-3p	0	0	3	0	3.0
hsa-miR-3152-5p	0	0	3	0	3.0
hsa-miR-6741-3p	0	0	3	0	3.0
hsa-miR-6729-3p	0	0	3	0	3.0
hsa-miR-4533	0	0	3	0	3.0
hsa-miR-3129-5p	0	0	0	3	3.0
hsa-miR-3187-3p	0	0	3	0	3.0
hsa-miR-378j	0	0	0	3	3.0
hsa-miR-433-3p	0	0	3	0	3.0
hsa-miR-154-5p	0	0	3	0	3.0
hsa-miR-4515	3	0	0	0	3.0
hsa-miR-4766-5p	0	0	3	0	3.0
hsa-miR-3200-5p	0	0	3	0	3.0
hsa-miR-4638-5p	0	0	3	0	3.0
hsa-miR-548v	0	0	3	0	3.0
hsa-miR-580-5p	3	0	0	0	3.0
hsa-miR-3619-5p	0	0	3	0	3.0
hsa-miR-3124-3p	0	0	3	0	3.0
hsa-miR-208a-3p	0	0	3	0	3.0
hsa-miR-766-5p	0	0	3	0	3.0
hsa-miR-655-3p	3	0	0	0	3.0
hsa-miR-4999-3p	0	0	3	0	3.0
hsa-miR-548aw	0	0	0	3	3.0
hsa-miR-411-3p	0	0	3	0	3.0
hsa-miR-6778-5p	0	0	3	0	3.0
hsa-miR-586	0	0	3	0	3.0
hsa-miR-2355-5p	3	0	0	0	3.0
hsa-miR-1911-5p	0	0	3	0	3.0
hsa-miR-7113-5p	0	0	3	0	3.0
hsa-miR-450a-1-3p	0	0	3	0	3.0
hsa-miR-6762-5p	0	0	3	0	3.0
hsa-miR-4698	3	0	0	0	3.0
hsa-miR-3691-3p	0	0	0	3	3.0
hsa-miR-424-3p	3	0	0	0	3.0
hsa-miR-543	0	0	3	0	3.0
hsa-miR-6751-5p	0	0	3	0	3.0
hsa-miR-454-5p	0	0	0	3	3.0
hsa-miR-4675	0	0	3	0	3.0
hsa-miR-4674	0	0	3	0	3.0
hsa-miR-5586-3p	0	0	3	0	3.0
hsa-miR-4656	0	0	3	0	3.0
hsa-miR-548ay-3p	0	0	3	0	3.0
hsa-miR-526b-5p	0	0	3	0	3.0
hsa-miR-432-5p	0	0	3	0	3.0
hsa-miR-490-3p	0	0	3	0	3.0
hsa-miR-520d-5p	0	0	0	3	3.0
hsa-miR-5000-3p	0	0	3	0	3.0
hsa-miR-3682-3p	0	0	3	0	3.0
hsa-miR-3944-3p	0	0	3	0	3.0
hsa-miR-4690-3p	0	0	3	0	3.0
hsa-miR-4524a-3p	0	0	3	0	3.0
hsa-miR-597-5p	0	0	3	0	3.0
hsa-miR-6842-5p	0	0	3	0	3.0
hsa-miR-4762-5p	3	0	0	0	3.0
hsa-miR-412-5p	0	0	3	0	3.0
hsa-miR-7106-3p	0	0	3	0	3.0
hsa-miR-6130	1	0	1	0	2.33
	sumhsa-miR-4640-5p	0	0	16	2	18.0
hsa-miR-6505-5p	0	0	2	0	2.0
hsa-miR-138-2-3p	0	0	2	0	2.0
hsa-miR-600	2	0	0	0	2.0
hsa-miR-3661	2	0	0	0	2.0
hsa-miR-383-3p	0	0	0	2	2.0
hsa-miR-488-5p	0	0	0	2	2.0
hsa-miR-4734	0	0	2	0	2.0
hsa-miR-4786-5p	0	0	2	0	2.0
hsa-miR-6727-5p	0	0	2	0	2.0
hsa-miR-4740-5p	0	0	2	0	2.0
hsa-miR-526a-5p	0	0	0	2	2.0
hsa-miR-935	0	0	2	0	2.0
hsa-miR-3198	0	0	2	0	2.0
hsa-miR-6733-3p	0	0	2	0	2.0
hsa-miR-5010-5p	0	0	0	2	2.0
hsa-miR-3692-5p	2	0	0	0	2.0
hsa-miR-4706	0	0	2	0	2.0
hsa-miR-3176	0	0	2	0	2.0
hsa-miR-3609	0	0	2	0	2.0
hsa-miR-12129	0	0	0	2	2.0
hsa-miR-3675-5p	2	0	0	0	2.0
hsa-miR-5680	0	0	2	0	2.0
hsa-miR-3154	2	0	0	0	2.0
hsa-miR-891b	0	0	2	0	2.0
hsa-miR-6757-3p	2	0	0	0	2.0
hsa-miR-12117	0	0	2	0	2.0
hsa-miR-3148	0	0	2	0	2.0
hsa-miR-548c-3p	0	0	0	2	2.0
hsa-miR-6822-5p	0	0	2	0	2.0
hsa-miR-6874-3p	0	0	0	2	2.0
hsa-miR-1226-5p	0	0	2	0	2.0
hsa-miR-449b-5p	0	0	2	0	2.0
hsa-miR-3138	2	0	0	0	2.0
hsa-miR-95-5p	0	0	0	2	2.0
hsa-miR-6868-3p	0	0	2	0	2.0
hsa-miR-3929	0	0	2	0	2.0
hsa-miR-4799-3p	0	0	2	0	2.0
hsa-miR-6816-3p	2	0	0	0	2.0
hsa-miR-1226-3p	0	0	2	0	2.0
hsa-miR-380-3p	0	0	2	0	2.0
hsa-miR-485-5p	0	0	2	0	2.0
hsa-miR-9898	0	0	2	0	2.0
hsa-miR-5582-3p	0	0	0	2	2.0
hsa-miR-4520-2-3p	0	0	0	2	2.0
hsa-miR-758-3p	0	0	2	0	2.0
hsa-miR-6852-5p	0	0	2	0	2.0
hsa-miR-6782-3p	0	0	2	0	2.0
hsa-miR-6887-5p	0	0	2	0	2.0
hsa-miR-1286	0	0	0	2	2.0
hsa-miR-4731-5p	0	0	2	0	2.0
hsa-miR-514a-3p	0	0	2	0	2.0
hsa-miR-6846-3p	0	0	0	2	2.0
hsa-miR-5088-5p	0	0	2	0	2.0
hsa-miR-579-5p	0	0	2	0	2.0
hsa-miR-1273c	0	0	2	0	2.0
hsa-miR-4501	2	0	0	0	2.0
hsa-miR-4772-3p	2	0	0	0	2.0
hsa-miR-548y	0	0	2	0	2.0
hsa-miR-19a-5p	0	0	0	2	2.0
hsa-miR-4680-5p	0	0	2	0	2.0
hsa-miR-6813-5p	0	0	2	0	2.0
hsa-miR-6854-5p	0	0	2	0	2.0
hsa-miR-1537-3p	0	0	0	2	2.0
hsa-miR-6813-3p	0	0	2	0	2.0
hsa-miR-4482-3p	0	0	2	0	2.0
hsa-miR-5008-5p	0	0	2	0	2.0
hsa-miR-598-5p	0	0	2	0	2.0
hsa-miR-6773-5p	0	0	2	0	2.0
hsa-miR-7976	0	0	2	0	2.0
hsa-miR-627-3p	0	0	2	0	2.0
hsa-miR-6895-3p	0	0	2	0	2.0
hsa-miR-4768-5p	0	0	2	0	2.0
hsa-miR-6832-5p	0	0	2	0	2.0
hsa-miR-203a-5p	2	0	0	0	2.0
hsa-miR-4659a-5p	0	0	2	0	2.0
hsa-miR-4757-5p	0	0	2	0	2.0
hsa-miR-6844	0	0	0	2	2.0
hsa-miR-337-3p	0	0	2	0	2.0
hsa-miR-4659a-3p	2	0	0	0	2.0
hsa-miR-4306	0	0	2	0	2.0
hsa-miR-4676-5p	0	0	2	0	2.0
hsa-miR-6862-5p	0	0	2	0	2.0
hsa-miR-3663-5p	0	0	2	0	2.0
hsa-miR-6792-3p	0	0	2	0	2.0
hsa-miR-6810-5p	0	0	2	0	2.0
hsa-miR-548at-5p	0	0	2	0	2.0
hsa-miR-6804-5p	0	0	2	0	2.0
hsa-miR-6501-3p	0	0	2	0	2.0
hsa-miR-642a-5p	0	0	2	0	2.0
hsa-miR-6845-5p	0	0	2	0	2.0
hsa-miR-4433a-5p	0	0	2	0	2.0
hsa-miR-548ao-5p	0	0	2	0	2.0
hsa-miR-25-5p	0	0	2	0	2.0
hsa-miR-642a-3p	2	0	0	0	2.0
hsa-miR-6840-5p	0	0	2	0	2.0
hsa-miR-4724-5p	0	0	0	2	2.0
hsa-miR-548ao-3p	0	0	2	0	2.0
hsa-miR-3140-3p	0	0	2	0	2.0
hsa-miR-5000-5p	0	0	2	0	2.0
hsa-miR-11401	0	0	2	0	2.0
hsa-miR-4800-3p	0	0	2	0	2.0
hsa-miR-6715b-3p	0	0	2	0	2.0
hsa-miR-3158-5p	2	0	0	0	2.0
hsa-miR-129-1-3p	0	0	2	0	2.0
hsa-miR-194-3p	0	0	2	0	2.0
hsa-miR-212-5p	2	0	0	0	2.0
hsa-miR-4497	0	0	2	0	2.0
hsa-miR-136-3p	0	0	2	0	2.0
hsa-miR-487b-5p	0	0	0	2	2.0
hsa-miR-4632-3p	0	0	2	0	2.0
hsa-miR-6858-3p	0	0	2	0	2.0
hsa-miR-4790-5p	0	0	2	0	2.0
hsa-miR-4466	0	0	2	0	2.0
hsa-miR-548aq-5p	0	0	2	0	2.0
hsa-miR-4449	0	0	2	0	2.0
hsa-miR-4448	2	0	0	0	2.0
hsa-miR-4726-5p	2	0	0	0	2.0
hsa-miR-3177-5p	0	0	2	0	2.0
hsa-miR-6801-3p	2	0	0	0	2.0
hsa-miR-4435	0	0	0	2	2.0
hsa-miR-4794	0	0	2	0	2.0
hsa-miR-520a-5p	0	0	2	0	2.0
hsa-miR-4427	2	0	0	0	2.0
hsa-miR-4726-3p	0	0	2	0	2.0
hsa-miR-539-3p	0	0	2	0	2.0
hsa-miR-6825-5p	0	0	2	0	2.0
hsa-miR-6796-5p	0	0	2	0	2.0
hsa-miR-3179	0	0	0	2	1.9200000000000008
hsa-miR-523-5p	0	0	0	1	1.6600000000000001
hsa-miR-518e-5p	0	0	0	1	1.6600000000000001
hsa-miR-519c-5p	0	0	0	1	1.6600000000000001
hsa-miR-522-5p	0	0	0	1	1.6600000000000001
hsa-miR-519b-5p	0	0	0	1	1.6600000000000001
hsa-miR-6511a-5p	0	0	2	0	1.6000000000000003
hsa-miR-518a-5p	0	0	0	1	1.34
hsa-miR-6529-5p	1	0	0	0	1.0
hsa-miR-520c-5p	0	0	0	1	1.0
hsa-miR-526a-3p	0	0	1	0	1.0
hsa-miR-548ap-5p	0	0	1	0	1.0
hsa-miR-374c-3p	0	0	1	0	1.0
hsa-miR-518d-5p	0	0	0	1	1.0
hsa-miR-518f-5p	0	0	0	1	1.0
Hsa-Mir-6529_5p	1	0	0	0	1.0
hsa-miR-378h	0	0	0	1	0.8
hsa-miR-550b-2-5p	1	0	0	0	0.8
hsa-miR-527	0	0	0	1	0.67
hsa-miR-3180	0	0	1	0	0.62
hsa-miR-6511b-5p	0	0	0	0	0.4
