name	SRX098328	SRX098325	SRX098326	SRX098327
hsa-miR-4640-5p	0.0	0.0	0.8478738397641384	0.41884290459177476
hsa-miR-1287-3p	3.088825748142554	0.0	3.815432278938623	6.282643568876622
hsa-miR-98-5p	340.1279777728099	0.0	1313.4943572936124	331.2628532416347
hsa-miR-516a-5p	7.5290127610974755	0.0	4.186377083835434	14.659501660712117
hsa-miR-651-5p	108.30195279424831	0.0	41.492826033457526	363.1367982810687
hsa-miR-6505-5p	0.0	0.0	0.1059842299705173	0.0
hsa-miR-6866-5p	0.0	0.0	0.7418896097936212	0.0
hsa-miR-6130	0.25740214567854613	0.0	0.05299211498525865	0.0
hsa-miR-376a-3p	0.0	0.0	0.15897634495577595	0.41884290459177476
hsa-miR-148a-5p	2825.69640472266	0.0	735.4775638804049	2887.0841413511034
hsa-miR-618	0.38610321851781926	0.0	0.0	0.41884290459177476
hsa-miR-185-5p	100.57988842389192	0.0	171.85342889719382	193.9242648259917
hsa-miR-30b-3p	0.0	0.0	3.5504717040123297	0.0
hsa-miR-1468-5p	1.7374644833301867	0.0	8.743698972567678	1.675371618367099
hsa-miR-150-3p	0.38610321851781926	0.0	0.6888974948083625	0.0
hsa-miR-342-3p	876.8404092539676	0.0	244.61160277195395	385.96373658132046
hsa-miR-6129	1.7374644833301867	0.0	0.0	0.0
hsa-miR-7-5p	10.424786899981122	0.0	54.42290208986064	30.784953487495446
hsa-miR-548a-3p	0.0	0.0	0.3709448048968106	0.41884290459177476
hsa-miR-4754	0.0	0.0	0.2119684599410346	0.0
hsa-miR-138-2-3p	0.0	0.0	0.1059842299705173	0.0
hsa-miR-144-3p	0.0	0.0	0.47692903486732785	0.0
hsa-miR-331-5p	29.729947825872085	0.0	11.0223599169338	41.04660464999393
hsa-miR-4762-3p	0.0	0.0	0.26496057492629327	0.0
hsa-miR-523-5p	0.06435053641963653	0.0	0.01766403832841955	0.20942145229588738
hsa-miR-26b-5p	2690.495927705004	0.0	2573.685712527385	2482.2026669123875
hsa-miR-889-3p	6.563754714802927	0.0	3.073542669145002	2.7224788798465362
hsa-miR-15a-3p	0.38610321851781926	0.0	0.47692903486732785	3.141321784438311
hsa-miR-600	0.38610321851781926	0.0	0.0	0.0
hsa-miR-34c-3p	0.0	0.0	0.26496057492629327	0.0
hsa-miR-3120-3p	0.0	0.0	0.2119684599410346	0.0
hsa-miR-3622a-3p	0.0	0.0	0.2119684599410346	0.0
hsa-miR-181c-5p	6.756806324061837	0.0	31.848261106140452	15.916030374487441
hsa-miR-3661	0.38610321851781926	0.0	0.0	0.0
hsa-miR-191-3p	0.0	0.0	1.2718107596462076	0.41884290459177476
hsa-miR-1229-3p	0.38610321851781926	0.0	0.2119684599410346	0.0
hsa-miR-383-3p	0.0	0.0	0.0	0.41884290459177476
hsa-miR-4640-3p	2.3166193111069155	0.0	1.6427555645430183	0.41884290459177476
hsa-miR-93-5p	1421.6320505826104	0.0	1178.491645157167	1435.584055488308
hsa-miR-98-3p	6.949857933320747	0.0	2.75558997923345	23.2457812048435
hsa-miR-33b-5p	32.046567136979	0.0	154.52500729701424	136.3333654446227
hsa-miR-651-3p	0.0	0.0	0.15897634495577595	0.0
hsa-miR-296-5p	0.7722064370356385	0.0	2.8085820942187087	1.2565287137753243
hsa-miR-148a-3p	284537.02942222357	0.0	245647.44847558998	165077.05313301474
hsa-miR-488-5p	0.0	0.0	0.0	0.41884290459177476
hsa-miR-127-5p	0.7722064370356385	0.0	1.377794989616725	0.0
hsa-miR-185-3p	2.702722529624735	0.0	6.359053798231038	2.9319003321424235
hsa-miR-1271-5p	1.544412874071277	0.0	1.3248028746314664	2.3036359752547613
hsa-miR-6855-5p	0.0	0.0	0.3709448048968106	0.0
hsa-miR-3654	0.0	0.0	1.1128344146904317	0.0
hsa-miR-19b-3p	2218.613444139809	0.0	2522.7072979115665	4288.602307265946
hsa-miR-6820-3p	0.38610321851781926	0.0	0.0	0.41884290459177476
hsa-miR-4734	0.0	0.0	0.1059842299705173	0.0
hsa-miR-4797-3p	0.38610321851781926	0.0	0.2119684599410346	0.6282643568876621
hsa-miR-1260b	53.66834737397688	0.0	43.08258948301528	38.21941504399945
hsa-miR-1260a	72.2013018628322	0.0	44.67235293257304	60.41808898736351
hsa-miR-3074-5p	1.544412874071277	0.0	3.7624401639533644	2.5130574275506485
hsa-miR-18a-5p	50.676047430463775	0.0	35.61070127009381	102.51180089883688
hsa-miR-331-3p	17.37464483330187	0.0	207.57011439725815	32.25090365356666
hsa-miR-6733-5p	0.38610321851781926	0.0	0.2119684599410346	1.675371618367099
hsa-miR-499a-5p	904.8328925965094	0.0	375.18417409563125	1056.9500697373437
hsa-miR-523-3p	1.7374644833301867	0.0	1.9607082544545702	0.6282643568876621
hsa-miR-26b-3p	10.42478689998112	0.0	18.0703112099732	7.748593734947834
hsa-miR-944	0.38610321851781926	0.0	0.7418896097936212	0.41884290459177476
hsa-miR-4786-5p	0.0	0.0	0.1059842299705173	0.0
hsa-miR-941	27.992483342541885	0.0	48.01085617664435	4.816693402805409
hsa-miR-940	5.40544505924947	0.0	5.14023515357009	5.4449577596930725
hsa-miR-519a-5p	5.469795595669106	0.0	0.9185299930778166	4.188429045917748
hsa-miR-628-5p	3.2818773574014637	0.0	36.776527799769504	12.565287137753243
hsa-miR-494-3p	0.38610321851781926	0.0	0.1059842299705173	0.0
hsa-miR-181c-3p	1.7374644833301867	0.0	2.941062381681855	1.047107261479437
hsa-miR-512-5p	0.0	0.0	0.3179526899115519	0.8376858091835495
hsa-miR-3144-5p	0.0	0.0	0.15897634495577595	0.0
hsa-miR-873-5p	1.1583096555534578	0.0	0.15897634495577595	1.047107261479437
hsa-miR-6727-5p	0.0	0.0	0.1059842299705173	0.0
hsa-miR-570-3p	1.1583096555534578	0.0	0.6888974948083625	0.8376858091835495
hsa-miR-93-3p	6.756806324061837	0.0	3.5504717040123297	7.1203293780601715
hsa-miR-5009-5p	0.0	0.0	0.15897634495577595	0.8376858091835495
hsa-let-7c-5p	2110.684724456795	0.0	8700.906956515157	734.6818678718173
hsa-miR-4721	0.0	0.0	0.2119684599410346	0.0
hsa-miR-6861-3p	0.0	0.0	0.26496057492629327	0.0
hsa-miR-33b-3p	4.054083794437102	0.0	8.849683202538195	4.188429045917748
hsa-miR-4664-5p	0.0	0.0	0.47692903486732785	0.6282643568876621
hsa-miR-518e-5p	0.06435053641963653	0.0	0.01766403832841955	0.20942145229588738
hsa-miR-296-3p	0.38610321851781926	0.0	0.3709448048968106	1.675371618367099
hsa-miR-122-5p	3.4749289666603733	0.0	5.935116878348969	4.81669340280541
hsa-miR-4740-5p	0.0	0.0	0.1059842299705173	0.0
hsa-miR-488-3p	2.702722529624735	0.0	6.9419670630688834	6.073222116580734
hsa-miR-127-3p	1.3513612648123674	0.0	12.930076056403111	1.047107261479437
hsa-miR-6529-5p	0.19305160925890963	0.0	0.0	0.0
hsa-miR-323b-3p	1.1583096555534578	0.0	0.7948817247788798	0.0
hsa-miR-4745-3p	0.0	0.0	0.26496057492629327	0.0
hsa-miR-526a-5p	0.0	0.0	0.0	0.41884290459177476
hsa-miR-3191-5p	0.0	0.0	0.3179526899115519	0.0
hsa-miR-4286	9.266477244427662	0.0	0.7418896097936212	2.9319003321424235
hsa-miR-935	0.0	0.0	0.1059842299705173	0.0
hsa-miR-4284	0.0	0.0	0.2119684599410346	0.0
hsa-miR-934	0.5791548277767289	0.0	2.702597864248191	4.81669340280541
hsa-miR-450b-5p	1.1583096555534578	0.0	0.1059842299705173	1.4659501660712118
hsa-miR-200b-5p	141.89293280529859	0.0	387.213384197285	36.85817560407618
hsa-miR-130a-3p	38.22421863326411	0.0	6.9419670630688834	57.80032083366492
hsa-miR-4719	0.0	0.0	0.15897634495577595	0.0
hsa-miR-496	0.0	0.0	0.47692903486732785	0.0
hsa-miR-361-5p	545.7568993749376	0.0	112.60824434367464	333.60837350734863
hsa-miR-3199	0.0	0.0	0.5299211498525865	0.0
hsa-miR-492	0.0	0.0	0.3709448048968106	0.0
hsa-miR-3198	0.0	0.0	0.1059842299705173	0.0
hsa-miR-3196	0.0	0.0	1.059842299705173	0.0
hsa-miR-3074-3p	0.5791548277767289	0.0	0.47692903486732785	0.0
hsa-miR-18a-3p	8.687322416650934	0.0	8.425746282656126	14.659501660712117
hsa-miR-6849-3p	0.0	0.0	0.2119684599410346	0.0
hsv2-miR-H10	38.22421863326411	0.0	4.663306118702762	0.0
hsa-miR-6733-3p	0.0	0.0	0.1059842299705173	0.0
hsa-miR-499a-3p	0.0	0.0	1.5897634495577595	4.81669340280541
hsa-miR-5010-5p	0.0	0.0	0.0	0.41884290459177476
hsa-miR-3913-5p	3.088825748142554	0.0	6.041101108319486	1.4659501660712118
hsa-miR-365b-5p	13.706664257382585	0.0	11.817241641712679	5.4449577596930725
hsa-miR-4804-5p	0.0	0.0	0.3179526899115519	0.0
hsa-miR-4670-3p	0.0	0.0	0.15897634495577595	0.41884290459177476
hsa-miR-431-5p	0.0	0.0	0.15897634495577595	0.0
hsa-miR-519a-3p	10.682189045659667	0.0	7.259919752980435	59.126656698205544
hsa-miR-628-3p	0.0	0.0	2.3846451743366393	0.0
hsa-miR-3692-5p	0.38610321851781926	0.0	0.0	0.0
hsa-miR-3144-3p	0.7722064370356385	0.0	1.3248028746314664	3.769586141325973
hsa-miR-512-3p	7.915115979615295	0.0	7.630864557877246	11.518179876273805
hsa-miR-484	540.9306091434648	0.0	263.42380359172074	237.69334835583217
hsa-miR-4706	0.0	0.0	0.1059842299705173	0.0
hsa-miR-99a-5p	5993.0941578335905	0.0	4253.067660544381	5357.105460454947
hsa-let-7c-3p	3.667980575919283	0.0	1.7487397945135355	12.355865685457356
hsa-miR-6803-3p	2.3166193111069155	0.0	0.2119684599410346	0.0
hsa-miR-4664-3p	0.0	0.0	0.15897634495577595	0.41884290459177476
hsa-miR-425-5p	425.87185002515463	0.0	287.1112789901314	202.719965822419
hsa-miR-3182	0.38610321851781926	0.0	3.4444874740418125	7.958015187243721
hsa-miR-3181	0.0	0.0	0.2119684599410346	0.0
hsa-miR-518e-3p	6.370703105544018	0.0	1.0068501847199145	7.1203293780601715
hsa-miR-3180	0.0	0.0	0.03261053229862071	0.0
hsa-miR-520c-5p	0.0	0.0	0.0	0.20942145229588738
hsa-miR-501-5p	0.38610321851781926	0.0	8.63771474259716	1.047107261479437
hsa-miR-526a-3p	0.0	0.0	0.05299211498525865	0.0
hsa-miR-3191-3p	0.38610321851781926	0.0	0.47692903486732785	0.41884290459177476
hsa-miR-200b-3p	7742.720892547089	0.0	28519.110970364054	4285.286467604596
hsa-miR-3615	40.1547347258532	0.0	90.51053239482178	6.282643568876622
hsa-miR-3611	0.0	0.0	0.0	1.047107261479437
hsa-miR-3127-5p	1.7374644833301867	0.0	1.4307871046019836	5.863800664284847
hsa-miR-450a-2-3p	0.0	0.0	0.15897634495577595	0.0
hsa-miR-361-3p	76.0623340480104	0.0	398.3417283441893	24.921152823210598
hsa-miR-3179	0.0	0.0	0.0	0.4188429045917746
hsa-miR-3178	0.7722064370356385	0.0	2.172676714395605	0.0
hsa-miR-29b-3p	413.64524810542366	0.0	211.27956244622627	537.0962179881858
hsa-miR-3176	0.0	0.0	0.1059842299705173	0.0
hsa-miR-937-3p	1.1583096555534578	0.0	0.7948817247788798	0.0
hsa-miR-3174	16.988541614784047	0.0	3.232519014100778	23.664624109435273
hsa-miR-3170	0.38610321851781926	0.0	0.15897634495577595	0.0
hsa-miR-125b-1-3p	2.123567701848006	0.0	2.172676714395605	2.5130574275506485
hsa-miR-4536-3p	0.0	0.0	0.15897634495577595	0.41884290459177476
hsa-miR-4723-5p	0.0	0.0	0.26496057492629327	0.41884290459177476
hsa-miR-5010-3p	0.38610321851781926	0.0	0.5829132648378452	0.8376858091835495
hsa-miR-4728-3p	3.667980575919283	0.0	4.663306118702762	1.4659501660712118
hsa-miR-4781-3p	0.0	0.0	1.1658265296756904	0.0
hsa-miR-542-5p	1.7374644833301867	0.0	1.7487397945135355	1.8847930706629865
hsa-miR-3913-3p	0.38610321851781926	0.0	0.2119684599410346	0.6282643568876621
hsa-miR-6757-5p	0.38610321851781926	0.0	0.15897634495577595	0.0
hsa-miR-3609	0.0	0.0	0.1059842299705173	0.0
hsa-miR-365b-3p	999.6212327426341	0.0	561.6369306712638	1723.8526845735971
hsa-miR-4804-3p	0.0	0.0	0.2119684599410346	0.6282643568876621
hsa-miR-30d-5p	36918.417548236845	0.0	40662.46608769601	26778.511683622823
hsa-miR-6838-3p	0.7722064370356385	0.0	0.0	0.0
hsa-miR-5697	0.0	0.0	0.26496057492629327	0.41884290459177476
hsa-miR-29b-2-5p	15.83023195923059	0.0	27.767868252275534	13.821815851528568
hsa-miR-30c-2-3p	7.722064370356385	0.0	49.600619626202096	5.235536307397185
hsa-miR-107	470.65982337322083	0.0	87.43698972567687	403.3457171218797
hsa-miR-152-5p	10.42478689998112	0.0	0.7948817247788798	11.727601328569694
hsa-miR-12136	0.0	0.0	7.365903982950953	0.41884290459177476
hsa-miR-5690	3.088825748142554	0.0	2.861574209203967	0.41884290459177476
hsa-miR-99a-3p	38.22421863326411	0.0	29.88755285168588	49.842305646421195
hsa-miR-12135	0.0	0.0	3.1265347841302606	0.0
hsa-miR-3168	8.494270807392024	0.0	8.584722627611901	2.7224788798465362
hsa-miR-6511a-5p	0.0	0.0	0.08478738397641387	0.0
hsa-miR-3165	0.0	0.0	0.15897634495577595	0.0
hsa-miR-3164	0.0	0.0	0.15897634495577595	0.0
hsa-miR-425-3p	96.139701410937	0.0	93.10714602909945	62.198171331878555
hsa-miR-10393-5p	0.0	0.0	0.2119684599410346	0.0
hsa-miR-4662a-5p	0.0	0.0	0.15897634495577595	0.0
hsa-miR-520c-3p	0.12870107283927307	0.0	2.1638446952313948	3.5601646890300858
hsa-miR-501-3p	64.093134273958	0.0	30.099521311626916	35.531839739535556
hsa-miR-24-3p	10655.869676264036	0.0	4899.121030387162	24286.396401301765
hsa-miR-664b-5p	3.2818773574014637	0.0	7.577872442891987	5.026114855101297
hsa-miR-133a-3p	0.0	0.0	61.11757261633164	4.188429045917748
hsa-miR-338-5p	1.7374644833301867	0.0	0.5299211498525865	1.4659501660712118
hsa-miR-222-5p	0.0	0.0	0.47692903486732785	0.6282643568876621
hsa-miR-190b-5p	79.73031462392967	0.0	97.61147580284644	161.67336117242507
hsa-miR-6513-5p	1.3513612648123674	0.0	1.2718107596462076	1.047107261479437
hsa-miR-5684	3.2818773574014637	0.0	2.8085820942187087	3.5601646890300858
hsa-miR-12129	0.0	0.0	0.0	0.41884290459177476
hsa-miR-3675-5p	0.38610321851781926	0.0	0.0	0.0
hsa-miR-5683	0.38610321851781926	0.0	0.0	0.41884290459177476
hsa-miR-3180-3p	0.0	0.0	0.1793579276424139	0.0
hsa-miR-5680	0.0	0.0	0.1059842299705173	0.0
hsa-miR-3159	0.38610321851781926	0.0	0.0	0.41884290459177476
hsa-miR-12125	6.563754714802927	0.0	4.186377083835434	10.261651162498483
hsa-miR-3154	0.38610321851781926	0.0	0.0	0.0
hsa-miR-1307-5p	793.0560108356008	0.0	252.18947521484594	1272.4447441498119
hsa-miR-769-5p	33.59098001105028	0.0	47.1629823368802	22.617516847955837
hsa-miR-100-5p	1192.1902129783964	0.0	390.5783834988489	962.0821518473067
hsa-miR-653-5p	0.0	0.0	0.0	0.8376858091835495
hsa-miR-891b	0.0	0.0	0.1059842299705173	0.0
hsa-miR-376c-3p	0.0	0.0	0.7948817247788798	0.41884290459177476
hsa-miR-542-3p	3.667980575919283	0.0	1.2718107596462076	7.329750830356058
hsa-miR-6757-3p	0.38610321851781926	0.0	0.0	0.0
hsa-miR-187-5p	0.38610321851781926	0.0	0.8478738397641384	0.41884290459177476
hsa-miR-379-5p	3.088825748142554	0.0	5.988108993334228	3.769586141325973
hsa-miR-6833-3p	0.0	0.0	0.15897634495577595	0.0
hsa-miR-30d-3p	12.162251383311308	0.0	32.828615233367735	10.889915519386145
hsa-miR-551b-3p	0.0	0.0	0.7418896097936212	0.0
hsa-miR-455-5p	2.509670920365825	0.0	2.2256688293808633	5.4449577596930725
hsa-miR-448	0.0	0.0	0.47692903486732785	2.094214522958874
hsa-miR-301b-3p	3.2818773574014637	0.0	1.059842299705173	13.402972946936792
hsa-miR-152-3p	3700.027143056262	0.0	1343.3324508379785	750.4268707269298
hsa-miR-4717-3p	0.0	0.0	0.26496057492629327	0.0
hsa-miR-12117	0.0	0.0	0.1059842299705173	0.0
hsa-miR-3149	0.38610321851781926	0.0	0.9008659547493971	0.41884290459177476
hsa-miR-3148	0.0	0.0	0.1059842299705173	0.0
hsa-miR-9-5p	3.861032185178193	0.0	16.162595070503894	0.8376858091835495
hsa-miR-10a-5p	7277.176936819228	0.0	859.9560419807774	1974.0066093410346
hsa-miR-548c-3p	0.0	0.0	0.0	0.41884290459177476
hsa-miR-6511a-3p	1.1583096555534578	0.0	2.596613634277674	0.6282643568876621
hsa-miR-3146	0.5791548277767289	0.0	0.3709448048968106	0.41884290459177476
hsa-miR-6822-5p	0.0	0.0	0.1059842299705173	0.0
hsa-miR-4799-5p	0.0	0.0	0.15897634495577595	0.6282643568876621
hsa-miR-550a-5p	2.7284627441925897	0.0	2.967558439174485	2.8620931813771273
hsa-miR-10527-5p	32.625721964755726	0.0	10.333462422125438	12.355865685457356
hsa-miR-10393-3p	0.0	0.0	0.15897634495577595	0.0
hsa-miR-203b-3p	1.1583096555534578	0.0	0.9008659547493971	2.7224788798465362
hsa-miR-92b-5p	0.0	0.0	1.5897634495577595	0.0
hsa-miR-141-5p	152.1246680960208	0.0	402.36912908306897	117.27601328569693
hsa-miR-664b-3p	8.108167588874204	0.0	5.776140533393193	1.8847930706629865
hsa-miR-338-3p	0.0	0.0	0.4239369198820692	0.41884290459177476
hsa-miR-3157-5p	1.3513612648123674	0.0	0.9538580697346557	0.0
hsa-miR-6793-5p	0.0	0.0	0.2119684599410346	0.0
hsa-miR-3939	0.0	0.0	0.2119684599410346	0.0
hsa-miR-222-3p	100.96599164240973	0.0	92.25927218933532	172.98211959640298
hsa-miR-3936	1.1583096555534578	0.0	1.4837792195872423	0.0
hsa-miR-6874-3p	0.0	0.0	0.0	0.41884290459177476
hsa-miR-6513-3p	0.0	0.0	0.6359053798231038	0.0
hsa-miR-3617-5p	0.38610321851781926	0.0	0.0	2.5130574275506485
hsa-miR-4677-5p	0.0	0.0	0.26496057492629327	1.047107261479437
hsa-miR-1226-5p	0.0	0.0	0.1059842299705173	0.0
hsa-miR-449b-5p	0.0	0.0	0.1059842299705173	0.0
hsa-miR-3138	0.38610321851781926	0.0	0.0	0.0
hsa-miR-211-5p	0.0	0.0	0.26496057492629327	0.0
hsa-miR-95-5p	0.0	0.0	0.0	0.41884290459177476
hsa-miR-3133	0.0	0.0	0.0	2.094214522958874
hsa-miR-1307-3p	93.43697888131226	0.0	194.6930304558403	43.35024062524869
hsa-miR-769-3p	0.9652580462945481	0.0	1.0068501847199145	0.0
hsa-miR-100-3p	0.0	0.0	0.26496057492629327	0.0
hsa-miR-3131	0.0	0.0	0.47692903486732785	0.0
hsa-miR-6868-3p	0.0	0.0	0.1059842299705173	0.0
hsa-miR-3664-5p	0.0	0.0	0.6359053798231038	0.0
hsa-miR-182-5p	34236.54459241207	0.0	23757.160029616232	39106.52431592483
hsa-miR-187-3p	242.66587283844942	0.0	118.43737699205309	332.56126624586915
hsa-miR-3929	0.0	0.0	0.1059842299705173	0.0
hsa-miR-205-5p	1019.6986001055607	0.0	958.2564152784322	212.1439311757339
hsa-miR-3926	0.0	0.0	0.3179526899115519	0.0
hsa-miR-455-3p	2.3166193111069155	0.0	3.3914953590565537	0.41884290459177476
hsa-miR-429	3435.353386762297	0.0	3462.372312849337	4513.137007702521
hsa-miR-4520-3p	0.38610321851781926	0.0	0.0	1.047107261479437
hsa-miR-147b-5p	0.0	0.0	0.47692903486732785	2.094214522958874
hsa-miR-6746-3p	0.0	0.0	0.26496057492629327	0.0
hsa-miR-3128	0.0	0.0	0.0	1.047107261479437
hsa-miR-421	38.99642507029974	0.0	35.61070127009381	27.22478879846536
hsa-miR-9-3p	0.0	0.0	0.1059842299705173	1.4659501660712118
hsa-miR-10a-3p	114.86570750905123	0.0	5.4581878434816415	40.627761745402154
hsa-miR-4799-3p	0.0	0.0	0.1059842299705173	0.0
hsa-miR-550a-3p	1.3513612648123674	0.0	1.9077161394693114	3.1413217844383117
hsa-miR-193b-5p	17.181593224042956	0.0	22.203696178823375	33.08858946275021
hsa-miR-4701-5p	0.0	0.0	0.4239369198820692	0.0
hsa-miR-374a-5p	601.8383918646508	0.0	680.0478116058243	718.1061599225978
hsa-miR-141-3p	32430.6433135996	0.0	20500.132162334772	26442.494963414072
hsa-miR-92b-3p	244.78944054029742	0.0	193.1562591212678	123.55865685457356
hsa-miR-3152-5p	0.0	0.0	0.15897634495577595	0.0
hsa-miR-26a-1-3p	0.7722064370356385	0.0	0.5829132648378452	2.094214522958874
hsa-miR-6735-5p	0.0	0.0	0.2119684599410346	0.0
hsa-miR-525-3p	0.38610321851781926	0.0	1.466115181258823	0.8376858091835495
hsa-miR-3919	0.0	0.0	0.1059842299705173	2.5130574275506485
hsa-miR-6811-5p	0.38610321851781926	0.0	0.47692903486732785	0.0
hsa-miR-6816-3p	0.38610321851781926	0.0	0.0	0.0
hsa-miR-4485-3p	0.0	0.0	5.14023515357009	0.0
hsa-miR-10400-5p	10.61783850924003	0.0	0.7418896097936212	0.0
hsa-miR-4677-3p	1.7374644833301867	0.0	3.5504717040123297	0.6282643568876621
hsa-miR-519c-5p	0.06435053641963653	0.0	0.01766403832841955	0.20942145229588738
hsa-miR-491-5p	1.544412874071277	0.0	7.683856672862505	2.5130574275506485
hsa-miR-1226-3p	0.0	0.0	0.1059842299705173	0.0
hsa-miR-380-3p	0.0	0.0	0.1059842299705173	0.0
hsa-miR-3116	0.0	0.0	0.3179526899115519	0.0
hsa-miR-95-3p	0.0	0.0	1.377794989616725	0.0
hsa-let-7e-5p	279.2941981685065	0.0	936.2037466273167	138.23910066051528
hsa-miR-7-1-3p	46.71848944065613	0.0	19.34212196961941	22.826938300251726
hsa-miR-3664-3p	2.123567701848006	0.0	0.3179526899115519	2.094214522958874
hsa-miR-485-5p	0.0	0.0	0.1059842299705173	0.0
hsa-miR-9898	0.0	0.0	0.1059842299705173	0.0
hsa-miR-182-3p	0.0	0.0	0.7418896097936212	1.4659501660712118
hsa-miR-561-5p	0.0	0.0	0.6359053798231038	6.492065021172509
hsa-miR-5582-3p	0.0	0.0	0.0	0.41884290459177476
hsa-miR-4520-2-3p	0.0	0.0	0.0	0.41884290459177476
hsa-miR-3909	1.1583096555534578	0.0	3.815432278938623	4.6072719505095225
hsa-miR-205-3p	1.544412874071277	0.0	0.9538580697346557	5.654379211988959
hsa-miR-758-3p	0.0	0.0	0.1059842299705173	0.0
hsa-miR-6852-5p	0.0	0.0	0.1059842299705173	0.0
hsa-miR-518b	6.177651496285108	0.0	4.875274578643796	3.9790075936218603
hsa-miR-6741-3p	0.0	0.0	0.15897634495577595	0.0
hsa-miR-147b-3p	1.544412874071277	0.0	1.7487397945135355	6.910907925764284
hsa-miR-765	0.0	0.0	0.47692903486732785	0.0
hsa-miR-760	0.38610321851781926	0.0	3.232519014100778	2.7224788798465362
hsa-miR-193b-3p	6437.3059107383415	0.0	2192.071828480209	7213.521924331841
hsa-miR-939-5p	0.0	0.0	0.26496057492629327	0.0
hsa-miR-1343-3p	0.0	0.0	0.7418896097936212	0.0
hsa-miR-5193	0.0	0.0	0.26496057492629327	0.0
hsa-miR-374a-3p	133.78476521642438	0.0	174.13208984155995	274.3421025076125
hsa-miR-146a-5p	650.680449007155	0.0	547.4085477977219	1137.996171775852
hsa-miR-20a-5p	525.0360266478147	0.0	467.0725014800698	661.6321749534735
hsa-miR-1297	0.9652580462945481	0.0	0.05299211498525865	0.0
hsa-miR-1294	0.0	0.0	0.2119684599410346	0.0
hsa-miR-4433b-5p	0.0	0.0	2.2256688293808633	0.0
hsa-miR-548ap-5p	0.0	0.0	0.05299211498525865	0.0
hsa-miR-1291	0.0	0.0	0.2119684599410346	0.0
hsa-miR-3065-5p	27.606380124024078	0.0	6.994959178054142	15.706608922191554
hsa-miR-625-5p	0.38610321851781926	0.0	0.8478738397641384	0.0
hsa-miR-491-3p	1.7374644833301867	0.0	0.7418896097936212	5.235536307397185
hsa-miR-519c-3p	2.702722529624735	0.0	3.7624401639533644	8.79570099642727
hsa-miR-32-5p	532.6293899453317	0.0	140.0581599060386	752.2418566468275
hsa-miR-6729-3p	0.0	0.0	0.15897634495577595	0.0
hsa-miR-6782-3p	0.0	0.0	0.1059842299705173	0.0
hsa-let-7e-3p	3.8610321851781926	0.0	1.9607082544545702	10.889915519386145
hsa-miR-5188	0.5791548277767289	0.0	0.47692903486732785	0.0
hsa-miR-550a-3-5p	0.785076544319566	0.0	0.8478738397641383	0.2792286030611832
hsa-miR-4661-5p	2.8957741388836444	0.0	0.4239369198820692	1.2565287137753243
hsa-miR-2277-5p	0.0	0.0	1.8547240244840528	0.41884290459177476
hsa-miR-548j-5p	0.0	0.0	0.5299211498525865	0.0
hsa-miR-548o-3p	3.8610321851781926	0.0	2.2256688293808633	4.6072719505095225
hsa-miR-124-3p	0.0	0.0	6.094093223304745	0.0
hsa-miR-485-3p	0.38610321851781926	0.0	0.7418896097936212	0.0
hsa-miR-6887-5p	0.0	0.0	0.1059842299705173	0.0
hsa-miR-503-5p	0.0	0.0	1.1128344146904317	0.0
hsa-miR-4742-3p	0.5791548277767289	0.0	1.536771334572501	0.41884290459177476
hsa-miR-1286	0.0	0.0	0.0	0.41884290459177476
hsa-miR-6718-5p	0.0	0.0	0.2119684599410346	0.0
hsa-miR-508-3p	0.0	0.0	0.15897634495577595	0.41884290459177476
hsa-miR-4533	0.0	0.0	0.15897634495577595	0.0
hsa-miR-1283	9.459528853686573	0.0	1.2718107596462076	7.329750830356058
hsa-miR-6852-3p	0.0	0.0	0.26496057492629327	0.0
hsa-miR-196b-5p	37.452012196228466	0.0	74.61289789924419	82.72147365687552
hsa-miR-4731-5p	0.0	0.0	0.1059842299705173	0.0
hsa-miR-3129-5p	0.0	0.0	0.0	0.6282643568876621
hsa-miR-363-3p	1.1583096555534578	0.0	3.656455933982847	2.9319003321424235
hsa-miR-451a	23.166193111069155	0.0	178.63641961530692	87.53816705968093
hsa-miR-3187-3p	0.0	0.0	0.15897634495577595	0.0
hsa-miR-514a-3p	0.0	0.0	0.1059842299705173	0.0
hsa-miR-891a-5p	3.667980575919283	0.0	0.5829132648378452	2.5130574275506485
hsa-miR-6846-3p	0.0	0.0	0.0	0.41884290459177476
hsa-miR-146a-3p	0.0	0.0	0.1059842299705173	1.4659501660712118
hsa-miR-20a-3p	3.2818773574014637	0.0	3.497479589027071	0.8376858091835495
hsa-miR-1278	2.3166193111069155	0.0	0.9538580697346557	1.8847930706629865
hsa-miR-378j	0.0	0.0	0.0	0.6282643568876621
hsa-miR-4525	0.0	0.0	0.3709448048968106	0.0
hsa-miR-1276	6.949857933320747	0.0	1.536771334572501	4.81669340280541
hsa-miR-1251-5p	4.4401870129549215	0.0	1.4307871046019836	32.04148220127077
hsa-miR-378i	0.38610321851781926	0.0	0.26496057492629327	5.026114855101297
hsa-miR-378h	0.0	0.0	0.0	0.1675371618367099
hsa-miR-4783-3p	0.0	0.0	0.3179526899115519	0.0
hsa-miR-378g	42.66440564621903	0.0	16.21558718548915	467.63810297671654
hsa-miR-4521	0.0	0.0	0.4239369198820692	0.0
hsa-miR-378f	28.571638170318625	0.0	1.4307871046019836	31.343410693617816
hsa-miR-378e	1.081089011849894	0.0	1.7010468910268028	3.81147043178515
hsa-miR-1270	3.088825748142554	0.0	15.897634495577595	0.41884290459177476
hsa-miR-378d	281.21827920745363	0.0	87.72138074276432	1362.3912579108955
hsa-miR-9983-3p	4.633238622213831	0.0	37.35944106460735	46.282140957391114
hsa-miR-378c	4263.081466620798	0.0	1654.653177559125	17813.52834658971
hsa-miR-433-3p	0.0	0.0	0.15897634495577595	0.0
hsa-miR-3065-3p	15.83023195923059	0.0	21.779759258941308	2.7224788798465362
hsa-miR-378b	97.87716589426718	0.0	2.3846451743366393	377.79629994178083
hsa-miR-625-3p	0.7722064370356385	0.0	1.218818644660949	4.188429045917748
hsa-miR-32-3p	12.934457820346946	0.0	2.75558997923345	7.539172282651946
hsa-miR-154-5p	0.0	0.0	0.15897634495577595	0.0
hsa-miR-5001-5p	0.0	0.0	0.3179526899115519	0.0
hsa-miR-4772-5p	0.38610321851781926	0.0	0.1059842299705173	1.2565287137753243
hsa-miR-5006-3p	0.38610321851781926	0.0	1.0068501847199145	1.675371618367099
hsa-miR-4777-3p	0.0	0.0	0.2119684599410346	0.0
hsa-miR-548e-5p	0.0	0.0	0.2119684599410346	0.8376858091835495
hsa-miR-2277-3p	4.826290231472741	0.0	5.723148418407934	4.397850498213635
hsa-miR-548j-3p	0.0	0.0	0.2119684599410346	0.0
hsa-miR-5088-5p	0.0	0.0	0.1059842299705173	0.0
hsa-miR-125b-5p	584.9463760544961	0.0	1442.0744250938437	305.5458988996997
hsa-miR-6882-5p	1.9305160925890963	0.0	0.7948817247788798	2.3036359752547613
hsa-miR-3130-5p	0.0	0.0	0.3709448048968106	1.047107261479437
hsa-miR-21-5p	42355.716123014034	0.0	15385.730664819997	24327.233584499463
hsa-miR-4516	223.74681513107626	0.0	41.174873343545976	0.8376858091835495
hsa-miR-520e-3p	0.5791548277767289	0.0	0.7948817247788798	0.41884290459177476
hsa-miR-24-1-5p	0.0	0.0	2.702597864248191	1.4659501660712118
hsa-miR-4515	0.5791548277767289	0.0	0.0	0.0
hsa-miR-3688-3p	1.1583096555534578	0.0	1.377794989616725	4.397850498213635
hsa-miR-4766-5p	0.0	0.0	0.15897634495577595	0.0
hsa-miR-1273h-3p	0.0	0.0	0.6888974948083625	0.0
hsa-miR-1262	5.01934184073165	0.0	0.1059842299705173	0.0
hsa-miR-1261	0.0	0.0	1.1128344146904317	0.0
hsa-miR-1292-5p	1.9305160925890963	0.0	4.6103140037175026	1.675371618367099
hsa-miR-4510	5.830158599619071	0.0	0.3709448048968106	2.094214522958874
hsa-miR-224-5p	1005.4127810204013	0.0	935.2578373748299	465.7533099060536
hsa-miR-196b-3p	0.38610321851781926	0.0	0.6888974948083625	2.5130574275506485
hsa-miR-500b-5p	8.39774500276257	0.0	4.689802176195391	4.188429045917748
hsa-miR-6515-5p	0.38610321851781926	0.0	1.1658265296756904	0.6282643568876621
hsa-miR-3124-5p	0.0	0.0	0.7948817247788798	0.0
hsa-miR-208a-5p	0.0	0.0	0.3179526899115519	0.0
hsa-miR-3129-3p	0.0	0.0	0.5299211498525865	0.8376858091835495
hsa-miR-23a-5p	0.38610321851781926	0.0	0.0	0.41884290459177476
hsa-miR-3200-5p	0.0	0.0	0.15897634495577595	0.0
hsa-miR-195-5p	183.78513201448197	0.0	462.8507963195775	303.24226292444496
hsa-miR-579-5p	0.0	0.0	0.1059842299705173	0.0
hsa-miR-218-5p	32.046567136979	0.0	19.819051004486738	65.33949311631687
hsa-miR-4508	1.544412874071277	0.0	3.6299598764902177	0.0
hsa-miR-6509-5p	0.7722064370356385	0.0	2.75558997923345	0.0
hsa-miR-4725-3p	0.0	0.0	0.5299211498525865	0.0
hsa-miR-1273c	0.0	0.0	0.1059842299705173	0.0
hsa-miR-4501	0.38610321851781926	0.0	0.0	0.0
hsa-miR-30a-5p	11149.02001211592	0.0	12531.151414794083	31338.559096639623
hsa-miR-4638-5p	0.0	0.0	0.15897634495577595	0.0
hsa-miR-4999-5p	0.0	0.0	1.0068501847199145	0.0
hsa-miR-5001-3p	4.247135403696012	0.0	1.8017319094987942	5.026114855101297
hsa-miR-4772-3p	0.38610321851781926	0.0	0.0	0.0
hsa-miR-106b-5p	1758.314057130149	0.0	1036.896713916556	3565.400225337483
hsa-miR-548y	0.0	0.0	0.1059842299705173	0.0
hsa-miR-27b-5p	2.3166193111069155	0.0	12.61212336649156	1.2565287137753243
hsa-miR-548v	0.0	0.0	0.15897634495577595	0.0
hsa-miR-548e-3p	5.40544505924947	0.0	5.670156303422676	4.397850498213635
hsa-miR-548s	7.915115979615295	0.0	7.9488172477887975	9.005122448723158
hsa-miR-10395-3p	0.0	0.0	0.26496057492629327	0.0
hsa-miR-548q	0.0	0.0	0.9008659547493971	0.0
hsa-miR-3130-3p	0.0	0.0	0.3709448048968106	0.41884290459177476
hsa-miR-199b-5p	16.409386787007318	0.0	16.798500450326994	27.22478879846536
hsa-miR-21-3p	108.68805601276613	0.0	31.371332071273123	75.39172282651946
hsa-miR-548n	0.38610321851781926	0.0	0.0	1.3612394399232681
hsa-miR-143-5p	0.0	0.0	0.4239369198820692	1.2565287137753243
hsa-miR-1246	350.388670804921	0.0	2.596613634277674	2.9319003321424235
hsa-miR-548l	0.0	0.0	0.5299211498525865	0.0
hsa-miR-1244	1.3513612648123678	0.0	0.5829132648378453	0.8376858091835492
hsa-miR-335-5p	5087.875162018563	0.0	534.0015427064515	3155.771864646727
hsa-miR-548k	6.756806324061837	0.0	3.7094480489681056	10.680494067090256
hsa-miR-548i	8.301219198133115	0.0	5.5111799584669	4.397850498213635
hsa-miR-580-5p	0.5791548277767289	0.0	0.0	0.0
hsa-miR-411-5p	0.0	0.0	3.1265347841302606	0.0
hsa-miR-224-3p	21.42872862773897	0.0	28.403773632098638	33.926275271933754
hsa-miR-6818-5p	0.0	0.0	0.2119684599410346	0.41884290459177476
hsa-miR-219b-5p	0.0	0.0	0.26496057492629327	0.0
hsa-miR-517a-3p	7.915115979615295	0.0	7.683856672862505	23.978756287879104
hsa-miR-3619-5p	0.0	0.0	0.15897634495577595	0.0
hsa-miR-3124-3p	0.0	0.0	0.15897634495577595	0.0
hsa-miR-208a-3p	0.0	0.0	0.15897634495577595	0.0
hsa-miR-23a-3p	4039.315346328796	0.0	404.06487676259724	5496.580147684008
hsa-miR-3677-3p	0.7722064370356385	0.0	0.1059842299705173	0.0
hsa-miR-498-5p	0.0	0.0	0.3179526899115519	0.41884290459177476
hsa-miR-3200-3p	13.706664257382585	0.0	6.9419670630688834	10.47107261479437
hsa-miR-195-3p	0.0	0.0	8.425746282656126	0.41884290459177476
hsa-miR-382-5p	1.3513612648123674	0.0	1.536771334572501	0.0
hsa-miR-766-5p	0.0	0.0	0.15897634495577595	0.0
hsa-miR-1304-5p	0.0	0.0	0.26496057492629327	0.0
hsa-miR-579-3p	2.702722529624735	0.0	0.5829132648378452	1.675371618367099
hsa-miR-6865-5p	0.0	0.0	0.2119684599410346	0.0
hsa-miR-655-3p	0.5791548277767289	0.0	0.0	0.0
hsa-miR-6509-3p	0.0	0.0	0.3709448048968106	0.0
hsa-miR-6754-3p	0.0	0.0	0.5829132648378452	0.0
hsa-miR-4749-5p	0.0	0.0	0.2119684599410346	0.0
hsa-miR-30a-3p	1205.028144994114	0.0	2533.79148196265	1343.8574593827093
hsa-miR-3934-5p	1.7374644833301867	0.0	0.3179526899115519	0.0
hsa-miR-4446-3p	1.1583096555534578	0.0	5.829132648378452	0.41884290459177476
hsa-miR-4999-3p	0.0	0.0	0.15897634495577595	0.0
hsa-miR-4638-3p	0.0	0.0	0.3709448048968106	0.41884290459177476
hsa-miR-452-5p	186.6809061533656	0.0	323.03993295013674	322.9278794402584
hsa-miR-19a-5p	0.0	0.0	0.0	0.41884290459177476
hsa-miR-548aw	0.0	0.0	0.0	0.6282643568876621
hsa-miR-6859-5p	4.633238622213831	0.0	4.186377083835433	4.188429045917749
hsa-miR-320a-3p	1215.260799578214	0.0	684.4180208599774	1179.700708821809
hsa-miR-106b-3p	70.07773416098419	0.0	117.0065898874511	35.39222543800497
hsa-miR-27b-3p	1949.6282019057285	0.0	2893.042693486047	4103.054900531791
hsa-miR-4796-5p	0.38610321851781926	0.0	0.1059842299705173	0.0
hsa-miR-3928-5p	0.5791548277767289	0.0	0.15897634495577595	0.0
hsa-miR-4680-5p	0.0	0.0	0.1059842299705173	0.0
hsa-miR-4685-3p	0.0	0.0	0.4239369198820692	0.0
hsa-miR-199b-3p	24.710605985140432	0.0	18.988841203051024	31.3434106936178
hsa-miR-548ag	1.3513612648123674	0.0	0.5299211498525865	0.6282643568876621
hsa-miR-330-5p	1.7374644833301867	0.0	5.352203613511124	0.0
hsa-miR-143-3p	3760.259245145042	0.0	1613.0799801512733	1238.0996259732863
hsa-miR-374c-5p	5.01934184073165	0.0	1.1923225871683196	3.036611058290367
hsa-miR-1234-3p	0.0	0.0	0.26496057492629327	0.0
hsa-miR-522-5p	0.06435053641963653	0.0	0.01766403832841955	0.20942145229588738
hsa-miR-335-3p	633.0162267599646	0.0	545.6068158882231	468.0569458813083
hsa-miR-548ab	0.0	0.0	0.0	0.9423965353314933
hsa-miR-26a-5p	15348.24644144751	0.0	11204.900089019688	16552.531975165402
hsa-miR-580-3p	0.0	0.0	0.2119684599410346	0.6282643568876621
hsa-miR-135b-5p	3.088825748142554	0.0	7.153935523009918	3.2809360859689023
hsa-miR-411-3p	0.0	0.0	0.15897634495577595	0.0
hsa-miR-6813-5p	0.0	0.0	0.1059842299705173	0.0
hsa-miR-219b-3p	0.0	0.0	0.1059842299705173	0.6282643568876621
hsa-miR-6818-3p	0.38610321851781926	0.0	0.15897634495577595	0.0
hsa-miR-34b-3p	0.0	0.0	0.3709448048968106	0.0
hsa-miR-6510-3p	7.335961151838566	0.0	37.99534644443045	13.821815851528568
hsa-miR-3614-5p	1.3513612648123674	0.0	0.6888974948083625	0.6282643568876621
hsa-miR-3619-3p	0.0	0.0	1.0068501847199145	0.0
hsa-miR-23c	11.486570750905123	0.0	0.1854724024484053	4.711982676657466
hsa-miR-181b-5p	3141.979291225174	0.0	3752.919247294346	2639.7574061896603
hsa-miR-493-5p	0.7722064370356385	0.0	0.9008659547493971	1.047107261479437
hsa-miR-132-5p	0.5791548277767289	0.0	1.4307871046019836	0.6282643568876621
hsa-miR-498-3p	0.7722064370356385	0.0	0.6359053798231038	1.2565287137753243
hsa-miR-324-5p	12.741406211088036	0.0	44.566368702602524	9.423965353314932
hsa-miR-877-5p	8.687322416650934	0.0	25.22424673298312	21.151566681884628
hsa-miR-382-3p	0.0	0.0	0.26496057492629327	0.0
hsa-miR-3940-3p	2.702722529624735	0.0	1.4307871046019836	2.5130574275506485
hsa-miR-708-5p	3.4749289666603733	0.0	5.08724303858483	9.842808257906707
hsa-miR-574-3p	1899.241731889153	0.0	233.11231382015282	2060.707090591532
hsa-miR-1304-3p	5.598496668508379	0.0	1.1658265296756904	8.167436639539607
hsa-miR-766-3p	8.301219198133115	0.0	4.981258808614314	8.376858091835496
hsa-let-7g-5p	9463.38988587175	0.0	9587.826269802361	13695.534715794147
hsa-miR-33a-5p	7.722064370356385	0.0	35.34574069516752	94.65849643774109
hsa-miR-16-2-3p	15.251077131453862	0.0	13.883934126137767	7.329750830356058
hsa-miR-126-5p	7.335961151838566	0.0	17.858342750032165	0.6282643568876621
hsa-miR-202-5p	0.0	0.0	3.3914953590565537	0.0
hsa-miR-6778-5p	0.0	0.0	0.15897634495577595	0.0
hsa-miR-4633-3p	0.0	0.0	0.47692903486732785	0.41884290459177476
hsa-miR-6854-5p	0.0	0.0	0.1059842299705173	0.0
hsa-miR-19a-3p	454.1860860497947	0.0	721.5229736009534	1790.2741885267758
hsa-miR-6743-3p	0.38610321851781926	0.0	0.3179526899115519	0.41884290459177476
hsa-miR-181a-2-3p	577.9965181211754	0.0	698.1181228157975	343.8700246698471
hsa-miR-4796-3p	0.0	0.0	0.26496057492629327	0.0
hsa-miR-3928-3p	0.38610321851781926	0.0	1.4307871046019836	4.188429045917748
hsa-miR-3620-3p	0.38610321851781926	0.0	0.26496057492629327	0.0
hsa-miR-4680-3p	0.0	0.0	0.4239369198820692	0.0
hsa-miR-5100	601.9349176692803	0.0	9.644564927317075	1.047107261479437
hsa-miR-1537-3p	0.0	0.0	0.0	0.41884290459177476
hsa-miR-374c-3p	0.0	0.0	0.05299211498525865	0.0
hsa-miR-330-3p	134.7500232627189	0.0	48.85873001640848	52.14594162167596
hsa-miR-135a-2-3p	18.339902879596416	0.0	55.42975227458055	56.12494921529782
hsa-miR-522-3p	3.667980575919283	0.0	7.524880327906729	7.958015187243721
hsa-miR-6813-3p	0.0	0.0	0.1059842299705173	0.0
hsa-miR-4482-3p	0.0	0.0	0.1059842299705173	0.0
hsa-miR-544a	0.0	0.0	0.2119684599410346	0.0
hsa-miR-2116-5p	0.38610321851781926	0.0	0.2119684599410346	1.047107261479437
hsa-miR-627-5p	5.40544505924947	0.0	5.6171641884374175	29.528424773720122
hsa-miR-493-3p	0.0	0.0	0.3179526899115519	0.0
hsa-miR-519e-3p	0.0	0.0	0.3709448048968106	1.675371618367099
hsa-miR-181b-3p	2.123567701848006	0.0	1.6427555645430183	4.397850498213635
hsa-miR-132-3p	261.3918789365636	0.0	131.1024924735299	257.7978077762374
hsa-miR-511-5p	198.2640027089002	0.0	646.397818590185	516.2238799093624
hsa-miR-324-3p	115.63791394608687	0.0	164.75248548916915	52.56478452626774
hsa-miR-708-3p	3.2818773574014637	0.0	0.4239369198820692	5.4449577596930725
hsa-miR-5008-5p	0.0	0.0	0.1059842299705173	0.0
hsa-let-7b-5p	14055.354074026025	0.0	20023.368286225817	4283.139897718563
hsa-let-7f-2-3p	25.67586403143498	0.0	3.850760355595462	49.353655591064125
hsa-let-7g-3p	48.84205714250414	0.0	14.94377642584294	149.10807403467183
hsa-miR-588	0.0	0.0	0.2119684599410346	0.0
hsa-miR-33a-3p	58.30158599619071	0.0	8.743698972567678	145.12906644104996
hsa-miR-598-5p	0.0	0.0	0.1059842299705173	0.0
hsa-miR-586	0.0	0.0	0.15897634495577595	0.0
hsa-miR-518d-5p	0.0	0.0	0.0	0.20942145229588738
hsa-miR-126-3p	0.38610321851781926	0.0	48.487785211511664	0.8376858091835495
hsa-miR-581	0.0	0.0	0.0	1.047107261479437
hsa-miR-2355-5p	0.5791548277767289	0.0	0.0	0.0
hsa-miR-323a-3p	0.9652580462945481	0.0	0.3179526899115519	0.6282643568876621
hsa-miR-505-5p	0.38610321851781926	0.0	2.172676714395605	0.41884290459177476
hsa-miR-6773-5p	0.0	0.0	0.1059842299705173	0.0
hsa-miR-28-5p	296.5272718216852	0.0	1424.5870271487083	323.9749867017378
hsa-miR-450a-5p	0.38610321851781926	0.0	0.6359053798231038	1.2565287137753243
hsa-miR-942-5p	0.5791548277767289	0.0	2.0666924844250874	1.4659501660712118
hsa-miR-200a-5p	390.35035392151525	0.0	606.4947560062852	219.0548391014982
hsa-miR-7977	0.5791548277767289	0.0	4.133384968850175	0.41884290459177476
hsa-miR-7976	0.0	0.0	0.1059842299705173	0.0
hsa-miR-6499-5p	0.7722064370356385	0.0	4.504329773746986	1.8847930706629865
hsa-miR-1-3p	12.355302992570216	0.0	53.09809921522917	54.65899904922661
hsa-miR-744-5p	83.9774500276257	0.0	208.04704343212546	91.93601755789456
hsa-miR-29a-5p	30.502154262907723	0.0	21.99172771888234	80.20841622932487
hsa-miR-577	1.1583096555534578	0.0	8.955667432508712	6.701486473468396
hsa-miR-6848-3p	0.0	0.0	0.2119684599410346	0.0
hsa-miR-1911-5p	0.0	0.0	0.15897634495577595	0.0
hsa-miR-365a-5p	29.343844607354264	0.0	14.14889470106406	27.434210250761247
hsa-miR-548ar-3p	0.0	0.0	0.1059842299705173	0.6282643568876621
hsa-miR-519a-2-5p	0.0	0.0	0.2914566324189226	0.0
hsa-miR-2116-3p	0.0	0.0	0.6359053798231038	0.0
hsa-miR-627-3p	0.0	0.0	0.1059842299705173	0.0
hsa-miR-6895-3p	0.0	0.0	0.1059842299705173	0.0
hsa-miR-6721-5p	0.0	0.0	0.3179526899115519	0.0
hsa-miR-3691-5p	0.0	0.0	2.172676714395605	0.41884290459177476
hsa-miR-511-3p	6338.849590016298	0.0	1148.6040923054813	45165.29635229715
hsa-miR-196a-1-3p	19.112109316632054	0.0	3.232519014100778	28.06247460764891
hsa-miR-6726-3p	0.0	0.0	0.26496057492629327	0.0
hsa-let-7b-3p	643.054910441428	0.0	200.73413156415978	1171.398893417046
hsa-miR-598-3p	271.81666583654476	0.0	383.66291249327264	207.5366592252244
hsa-miR-424-5p	60.61820530729762	0.0	58.874239748622365	57.590899381369034
hsa-miR-206	0.7722064370356385	0.0	1.0068501847199145	5.026114855101297
hsa-miR-616-5p	1.9305160925890963	0.0	1.1128344146904317	1.2565287137753243
hsa-miR-7113-5p	0.0	0.0	0.15897634495577595	0.0
hsa-miR-518d-3p	1.30309836249764	0.0	0.8478738397641384	1.8847930706629865
hsa-miR-6884-5p	0.0	0.0	1.1658265296756904	0.0
hsa-miR-520b-5p	0.0	0.0	0.2914566324189226	0.0
hsa-miR-2355-3p	0.5791548277767289	0.0	0.9538580697346557	0.0
hsa-miR-505-3p	21.23567701848006	0.0	13.671965666196732	33.29801091504609
hsa-miR-520g-3p	2.6544596273100076	0.0	2.278660944366122	1.4659501660712118
hsa-miR-3190-3p	4.826290231472741	0.0	0.5829132648378452	3.5601646890300858
hsa-miR-28-3p	1305.9941366365238	0.0	1161.057239327017	1164.8021176697257
hsa-miR-4768-5p	0.0	0.0	0.1059842299705173	0.0
hsa-miR-942-3p	3.088825748142554	0.0	0.6359053798231038	6.282643568876622
hsa-miR-200a-3p	20113.17843644413	0.0	23203.81636494016	22371.656062960465
hsa-miR-450a-1-3p	0.0	0.0	0.15897634495577595	0.0
hsa-miR-151b	214.19076047276025	0.0	219.57282844141923	380.3093573693315
hsa-miR-6762-5p	0.0	0.0	0.15897634495577595	0.0
hsa-miR-17-5p	523.9742427968906	0.0	586.99365769171	662.7839929411009
hsa-miR-744-3p	0.5791548277767289	0.0	1.0068501847199145	4.81669340280541
hsa-miR-29a-3p	31882.151516426828	0.0	8453.69962331085	30265.553382226266
hsa-miR-197-5p	0.0	0.0	0.2119684599410346	0.0
hsa-miR-6843-3p	0.0	0.0	1.059842299705173	1.047107261479437
hsa-miR-4477a	0.38610321851781926	0.0	0.15897634495577595	0.0
hsa-miR-103a-2-5p	33.011825183273544	0.0	7.736848787847763	30.575532035199558
hsa-miR-181b-2-3p	0.38610321851781926	0.0	0.47692903486732785	0.41884290459177476
hsa-miR-3173-5p	0.0	0.0	0.3709448048968106	0.0
hsa-miR-548ah-5p	0.5791548277767289	0.0	1.059842299705173	0.0
hsa-miR-3912-3p	4.247135403696012	0.0	2.278660944366122	6.910907925764284
hsa-miR-365a-3p	999.6212327426341	0.0	561.6369306712638	1723.0149987644136
hsa-miR-6832-5p	0.0	0.0	0.1059842299705173	0.0
hsa-miR-30c-5p	7992.529674928119	0.0	6549.48979544973	15747.934755444607
hsa-miR-6837-3p	0.0	0.0	0.2119684599410346	0.0
hsa-miR-4698	0.5791548277767289	0.0	0.0	0.0
hsa-miR-29b-1-5p	0.0	0.0	1.218818644660949	0.0
hsa-miR-30c-1-3p	0.0	0.0	0.5299211498525865	0.0
hsa-miR-3691-3p	0.0	0.0	0.0	0.6282643568876621
hsa-miR-219a-2-3p	0.0	0.0	3.497479589027071	0.0
hsa-miR-424-3p	0.5791548277767289	0.0	0.0	0.0
hsa-miR-616-3p	0.0	0.0	0.5829132648378452	0.0
hsa-miR-203a-5p	0.38610321851781926	0.0	0.0	0.0
hsa-miR-543	0.0	0.0	0.15897634495577595	0.0
hsa-miR-3680-5p	0.0	0.0	0.3709448048968106	0.0
hsa-miR-520b-3p	0.12870107283927307	0.0	0.3886088432252301	0.0
hsa-miR-145-5p	4.4401870129549215	0.0	13.142044516344146	6.701486473468396
hsa-miR-664a-5p	75.29012761097475	0.0	90.40454816485126	89.42296013034391
hsa-miR-190a-5p	90.54120474242862	0.0	154.0480782621469	311.20027811168865
hsa-miR-582-5p	1.1583096555534578	0.0	1.6957476795282769	3.141321784438311
hsa-miR-221-5p	1.9305160925890963	0.0	2.0666924844250874	2.9319003321424235
hsa-miR-4659a-5p	0.0	0.0	0.1059842299705173	0.0
hsa-miR-15b-5p	163.90081626081428	0.0	466.6485645601877	24.502309918618824
hsa-miR-4688	0.5791548277767289	0.0	0.7948817247788798	0.0
hsa-miR-517c-3p	0.0	0.0	0.47692903486732785	2.094214522958874
hsa-miR-4326	3.088825748142554	0.0	3.656455933982847	2.9319003321424235
hsa-miR-3622b-5p	0.0	0.0	0.2119684599410346	0.0
hsa-miR-4683	0.0	0.0	0.26496057492629327	0.0
hsa-miR-6762-3p	0.0	0.0	0.5829132648378452	0.0
hsa-miR-1255a	0.38610321851781926	0.0	0.3709448048968106	0.0
hsa-miR-17-3p	2.123567701848006	0.0	8.054801477759316	3.350743236734198
hsa-miR-139-5p	1.7374644833301867	0.0	3.8684243939238816	0.0
hsa-miR-151a-5p	1214.0050448246532	0.0	1948.91750887035	1398.725879884232
hsa-miR-192-5p	256.5655887050909	0.0	98.03541272272851	479.784547209878
hsa-miR-4757-5p	0.0	0.0	0.1059842299705173	0.0
hsa-miR-197-3p	1275.1058791550981	0.0	271.79655775939165	1344.2763022873012
hsa-miR-3942-5p	0.0	0.0	1.1658265296756904	2.7224788798465362
hsa-miR-215-5p	20.65652219070333	0.0	10.015509732213886	30.784953487495446
hsa-miR-1288-3p	0.9652580462945481	0.0	0.4239369198820692	0.0
hsa-miR-576-5p	72.39435347209111	0.0	11.075352031919058	34.973382533413194
hsa-miR-1306-5p	1.544412874071277	0.0	0.9538580697346557	0.41884290459177476
hsa-miR-516b-5p	24.517554375881524	0.0	7.4718882129214705	23.664624109435273
hsa-miR-652-5p	0.0	0.0	1.1128344146904317	0.0
hsa-miR-10396b-3p	0.0	0.0	0.47692903486732785	0.0
hsa-miR-6751-5p	0.0	0.0	0.15897634495577595	0.0
hsa-miR-148b-5p	36.87285736845174	0.0	59.93408204832754	73.08808685126469
hsa-miR-548ah-3p	0.7722064370356385	0.0	0.7418896097936212	0.6282643568876621
hsa-miR-6844	0.0	0.0	0.0	0.41884290459177476
hsa-miR-186-5p	754.4456889838189	0.0	2257.941027406886	693.1850070993872
hsa-miR-4679	0.0	0.0	0.2119684599410346	0.8376858091835495
hsa-miR-454-5p	0.0	0.0	0.0	0.6282643568876621
hsa-miR-4675	0.0	0.0	0.15897634495577595	0.0
hsa-miR-301a-3p	1.9305160925890963	0.0	1.8017319094987942	14.031237303824454
hsa-miR-4674	0.0	0.0	0.15897634495577595	0.0
hsa-miR-548b-3p	3.667980575919283	0.0	1.1128344146904317	1.675371618367099
hsa-miR-6821-5p	0.0	0.0	5.14023515357009	0.0
hsa-miR-527	0.0	0.0	0.0	0.1396143015305916
hsa-miR-203a-3p	125.48354601829126	0.0	102.75171095641653	153.71534598518133
hsa-miR-3680-3p	0.0	0.0	0.3179526899115519	0.0
hsa-miR-521	4.247135403696012	0.0	3.7624401639533644	6.701486473468396
hsa-miR-140-5p	15.83023195923059	0.0	85.26431301128117	35.601646890300856
hsa-miR-145-3p	0.0	0.0	0.8478738397641384	0.41884290459177476
hsa-miR-664a-3p	540.1584027064291	0.0	288.80702666965965	196.64674370583825
hsa-miR-337-3p	0.0	0.0	0.1059842299705173	0.0
hsa-miR-885-5p	4111.806225605516	0.0	335.59906420164305	536.7471822343593
hsa-miR-524-5p	0.5791548277767289	0.0	0.4239369198820692	0.0
hsa-miR-6792-5p	0.0	0.0	0.3709448048968106	0.0
hsa-miR-190a-3p	2.123567701848006	0.0	0.3179526899115519	6.073222116580734
hsa-miR-582-3p	0.38610321851781926	0.0	0.6359053798231038	2.3036359752547613
hsa-miR-221-3p	251.35319525510033	0.0	188.0160239676977	300.93862694919017
hsa-miR-4659a-3p	0.38610321851781926	0.0	0.0	0.0
hsa-miR-15b-3p	36.87285736845174	0.0	19.872043119471996	51.30825581249241
hsa-miR-4306	0.0	0.0	0.1059842299705173	0.0
hsa-miR-3616-5p	0.0	0.0	0.7418896097936212	0.41884290459177476
hsa-miR-4676-5p	0.0	0.0	0.1059842299705173	0.0
hsa-miR-3121-3p	1.3513612648123674	0.0	0.0	0.41884290459177476
hsa-miR-3622b-3p	0.0	0.0	0.6359053798231038	0.0
hsa-miR-134-5p	0.5791548277767289	0.0	0.47692903486732785	0.41884290459177476
hsa-miR-320e	4.343661208325467	0.0	0.9671060984809704	1.8586153891260007
hsa-miR-181d-5p	12.29095245615058	0.0	10.474774728752793	11.727601328569694
hsa-miR-320d	71.19927208144071	0.0	13.07517351410084	43.5073067144706
hsa-miR-4660	0.0	0.0	1.2718107596462076	0.8376858091835495
hsa-miR-320c	49.744803239133894	0.0	16.406611142840767	26.446439067432312
hsa-miR-320b	155.21533243091824	0.0	38.09805021013999	79.98852370441419
hsa-miR-151a-3p	3118.3626443591675	0.0	6056.733782240138	1905.9446373448711
hsa-miR-192-3p	0.5791548277767289	0.0	2.543621519292415	3.5601646890300858
hsa-miR-210-5p	4.826290231472741	0.0	5.405195728496382	2.3036359752547613
hsa-miR-1306-3p	0.9652580462945481	0.0	0.47692903486732785	0.0
hsa-let-7i-5p	2872.511419967946	0.0	5489.347207092973	2513.895113359832
hsa-miR-6862-5p	0.0	0.0	0.1059842299705173	0.0
hsa-miR-652-3p	343.2457612623413	0.0	591.6039716954276	229.31649026399668
hsa-miR-3663-5p	0.0	0.0	0.1059842299705173	0.0
hsa-miR-148b-3p	4204.277946440534	0.0	3372.48002179601	2174.806878517408
hsa-miR-1843	75.67623082949258	0.0	90.66950873977756	85.02510963213028
hsa-miR-4746-5p	0.5791548277767289	0.0	0.15897634495577595	0.0
hsa-miR-186-3p	0.0	0.0	3.073542669145002	7.958015187243721
hsa-miR-204-5p	0.0	0.0	1.9607082544545702	0.0
hsa-miR-1277-3p	0.0	0.0	2.914566324189226	0.6282643568876621
hsa-miR-5586-3p	0.0	0.0	0.15897634495577595	0.0
hsa-miR-4657	0.38610321851781926	0.0	0.6359053798231038	0.0
hsa-miR-4656	0.0	0.0	0.15897634495577595	0.0
hsa-miR-454-3p	13.899715866641493	0.0	24.37637289321898	6.492065021172509
hsa-miR-130b-5p	2.3166193111069155	0.0	2.437637289321898	0.41884290459177476
hsa-miR-1266-5p	2.509670920365825	0.0	4.9282666936290545	3.141321784438311
hsa-miR-3925-5p	0.0	0.0	0.26496057492629327	0.8376858091835495
hsa-miR-193a-5p	186.29480293484778	0.0	331.51867134777814	200.835172751756
hsa-miR-18b-5p	0.28957741388836444	0.0	0.15897634495577595	0.5235536307397185
hsa-miR-92a-3p	5619.539293917601	0.0	3866.3577014394564	1932.7505832387446
hsa-miR-140-3p	3037.474020079684	0.0	782.1106250674325	3328.125719886242
hsa-miR-499b-5p	0.38610321851781926	0.0	0.1059842299705173	0.0
hsa-miR-6734-5p	0.38610321851781926	0.0	0.26496057492629327	0.41884290459177476
hsa-miR-885-3p	73.55266312764456	0.0	259.5023870828116	25.968260084690037
hsa-miR-524-3p	0.38610321851781926	0.0	0.6359053798231038	0.0
hsa-miR-6792-3p	0.0	0.0	0.1059842299705173	0.0
hsa-miR-6810-5p	0.0	0.0	0.1059842299705173	0.0
hsa-miR-376a-2-5p	0.0	0.0	0.15897634495577595	1.047107261479437
hsa-miR-548at-5p	0.0	0.0	0.1059842299705173	0.0
hsa-miR-4647	0.38610321851781926	0.0	0.6359053798231038	0.0
hsa-miR-548ay-3p	0.0	0.0	0.15897634495577595	0.0
hsa-miR-3616-3p	0.0	0.0	0.3709448048968106	0.8376858091835495
hsa-miR-519b-5p	0.06435053641963653	0.0	0.01766403832841955	0.20942145229588738
hsa-miR-629-5p	160.232835684895	0.0	44.93731350749934	264.49929424970577
hsa-miR-4642	0.0	0.0	0.26496057492629327	0.0
hsa-miR-9985	16.119809373118954	0.0	1.9783722927829894	4.258236196683044
hsa-miR-495-3p	0.9652580462945481	0.0	0.1059842299705173	0.0
hsa-miR-874-5p	0.0	0.0	2.3846451743366393	0.0
hsa-miR-210-3p	48.84205714250414	0.0	48.646761556467446	42.09371191147336
hsa-miR-1301-3p	2.509670920365825	0.0	26.6550338375851	7.748593734947834
hsa-miR-6804-5p	0.0	0.0	0.1059842299705173	0.0
hsa-let-7d-5p	1765.399051189951	0.0	3046.5829306462515	912.0304247485896
hsa-let-7i-3p	624.3289043433138	0.0	498.5498177813134	694.4415358131625
hsa-miR-6501-3p	0.0	0.0	0.1059842299705173	0.0
hsa-miR-3605-5p	9.652580462945481	0.0	2.9675584391744847	13.402972946936792
hsa-miR-2110	4.826290231472741	0.0	5.6171641884374175	7.539172282651946
hsa-miR-1827	0.5791548277767289	0.0	0.0353280766568391	0.1396143015305916
hsa-miR-518f-5p	0.0	0.0	0.0	0.20942145229588738
hsa-miR-128-3p	20.656522190703328	0.0	26.33708114767355	16.753716183670992
hsa-miR-378a-5p	9.266477244427662	0.0	35.08078012024123	11.308758423977919
hsa-miR-526b-5p	0.0	0.0	0.15897634495577595	0.0
hsa-miR-5581-3p	0.5791548277767289	0.0	0.3179526899115519	0.41884290459177476
hsa-miR-4637	0.38610321851781926	0.0	0.0	0.41884290459177476
hsa-miR-200c-5p	5.40544505924947	0.0	9.962517617228627	3.350743236734198
hsa-miR-642a-5p	0.0	0.0	0.1059842299705173	0.0
hsa-miR-130b-3p	371.43129621414215	0.0	57.60242898897616	234.34260511909798
hsa-miR-362-5p	3.088825748142554	0.0	5.5111799584669	3.350743236734198
hsa-miR-29c-5p	144.78870694418222	0.0	127.02209961966498	89.42296013034391
hsa-miR-193a-3p	1939.782569833524	0.0	329.61095520830884	4850.410256625048
hsa-miR-218-1-3p	0.5791548277767289	0.0	0.15897634495577595	0.41884290459177476
hsa-miR-6845-5p	0.0	0.0	0.1059842299705173	0.0
hsa-miR-92a-1-5p	0.7722064370356385	0.0	1.3248028746314664	1.047107261479437
hsa-miR-4433a-5p	0.0	0.0	0.1059842299705173	0.0
hsa-miR-548ao-5p	0.0	0.0	0.1059842299705173	0.0
hsa-miR-4787-3p	0.0	0.0	0.9538580697346557	0.0
hsa-miR-432-5p	0.0	0.0	0.15897634495577595	0.0
hsa-miR-3064-5p	0.0	0.0	6.359053798231038	0.0
hsa-miR-624-5p	0.5791548277767289	0.0	0.5829132648378452	0.0
hsa-miR-490-3p	0.0	0.0	0.15897634495577595	0.0
hsa-miR-6839-5p	4.247135403696012	0.0	3.7094480489681056	10.261651162498483
hsa-miR-519b-3p	1.287010728392731	0.0	1.2718107596462076	1.6055644676018033
hsa-miR-629-3p	0.9652580462945481	0.0	0.9008659547493971	0.6282643568876621
hsa-miR-874-3p	3.667980575919283	0.0	8.001809362774056	5.4449577596930725
hsa-miR-31-5p	1.3513612648123674	0.0	1.6427555645430183	1.047107261479437
hsa-miR-99b-5p	4043.9485849510097	0.0	2108.6622394934125	2936.1934719144892
hsa-let-7d-3p	2369.322400434598	0.0	1250.2959609621926	2489.811646345805
hsa-miR-2276-5p	0.0	0.0	0.2119684599410346	0.0
hsa-miR-3605-3p	3.8610321851781926	0.0	2.3846451743366393	1.2565287137753243
hsa-miR-518a-5p	0.0	0.0	0.0	0.2792286030611832
hsa-miR-10399-5p	122.78082348866653	0.0	33.173063980771914	252.3528500165443
hsa-miR-518f-3p	0.9652580462945481	0.0	1.996036331111409	2.3036359752547613
hsa-miR-671-5p	0.38610321851781926	0.0	12.18818644660949	1.4659501660712118
hsa-miR-520d-5p	0.0	0.0	0.0	0.6282643568876621
hsa-miR-676-3p	0.38610321851781926	0.0	1.4307871046019836	0.8376858091835495
hsa-miR-502-5p	0.38610321851781926	0.0	0.3709448048968106	0.41884290459177476
hsa-miR-6717-5p	0.0	0.0	0.5299211498525865	0.0
hsa-miR-378a-3p	27467.40227051859	0.0	12306.94265949337	105221.95881657334
hsa-miR-25-5p	0.0	0.0	0.1059842299705173	0.0
hsa-miR-526b-3p	0.12870107283927307	0.0	0.3886088432252301	0.0
hsa-miR-1296-5p	16.21633517774841	0.0	2.861574209203967	6.282643568876622
hsa-miR-200c-3p	11088.69138422251	0.0	54696.89782039192	7933.198745146658
hsa-miR-589-5p	35.32844449438046	0.0	16.5335398754007	34.34511817652553
hsa-miR-196a-5p	797.1100946300378	0.0	465.95966706537934	278.949374458122
hsa-miR-642a-3p	0.38610321851781926	0.0	0.0	0.0
hsa-miR-362-3p	8.880374025909843	0.0	2.649605749262933	53.1930488831554
hsa-miR-6764-5p	0.0	0.0	0.26496057492629327	0.0
hsa-miR-8072	0.0	0.0	0.26496057492629327	0.0
hsa-miR-29c-3p	12280.592019787016	0.0	1232.7820669595649	23662.006341281576
hsa-miR-6840-5p	0.0	0.0	0.1059842299705173	0.0
hsa-miR-125b-2-3p	458.8836752084282	0.0	336.0759932365104	808.3668058621253
hsa-miR-4724-5p	0.0	0.0	0.0	0.41884290459177476
Hsa-Mir-6529_5p	0.19305160925890963	0.0	0.0	0.0
hsa-miR-659-5p	0.7722064370356385	0.0	2.9675584391744847	4.81669340280541
hsa-miR-19b-1-5p	0.5791548277767289	0.0	2.013700369439829	7.748593734947834
hsa-miR-548ao-3p	0.0	0.0	0.1059842299705173	0.0
hsa-miR-3064-3p	3.2818773574014637	0.0	2.914566324189226	3.9790075936218603
hsa-miR-30e-5p	1283.6966757671196	0.0	1458.4754846817814	5383.283141991933
hsa-miR-624-3p	0.0	0.0	0.3179526899115519	0.0
hsa-miR-3140-3p	0.0	0.0	0.1059842299705173	0.0
hsa-miR-31-3p	0.0	0.0	0.3179526899115519	1.2565287137753243
hsa-miR-5000-5p	0.0	0.0	0.1059842299705173	0.0
hsa-miR-345-5p	318.5351552772009	0.0	167.66705181335837	1536.5251954949258
hsa-miR-99b-3p	98.263269112785	0.0	73.12911867965694	69.31850070993873
hsa-miR-1249-3p	0.0	0.0	0.6888974948083625	0.0
hsa-miR-11401	0.0	0.0	0.1059842299705173	0.0
hsa-miR-590-5p	2.3166193111069155	0.0	3.5504717040123297	42.303133363769255
hsa-miR-11400	0.0	0.0	0.3179526899115519	0.0
hsa-miR-6511b-5p	0.0	0.0	0.02119684599410346	0.0
hsa-miR-2276-3p	0.38610321851781926	0.0	1.059842299705173	0.0
hsa-miR-10394-5p	0.0	0.0	0.4239369198820692	0.0
hsa-miR-518a-3p	0.0	0.0	1.1128344146904317	0.0
hsa-miR-125a-5p	390.7364571400331	0.0	1078.1775714900725	256.12243615787025
hsa-miR-133b	0.0	0.0	0.353280766568391	0.0
hsa-miR-10399-3p	14.478870694418223	0.0	44.248416012690974	5.026114855101297
hsa-miR-671-3p	12.355302992570216	0.0	7.9488172477887975	9.005122448723158
hsa-miR-520d-3p	0.0	0.0	2.172676714395605	1.4659501660712118
hsa-miR-103a-3p	2230.711344986704	0.0	3288.2137269502873	1470.9762809263104
hsa-miR-502-3p	73.84224054153293	0.0	27.370427389886093	50.50547357869151
hsa-miR-25-3p	5902.746004700421	0.0	3471.9903817191616	4720.359534749302
hsa-miR-339-5p	65.05839232025255	0.0	67.61793872119004	15.078344565303892
hsa-miR-584-5p	16.79549000552514	0.0	21.938735603897083	20.313880872701077
hsa-miR-223-5p	1.7374644833301867	0.0	3.8684243939238816	6.073222116580734
hsa-miR-1296-3p	0.5791548277767289	0.0	1.0068501847199145	0.6282643568876621
hsa-miR-589-3p	0.7722064370356385	0.0	1.7487397945135355	1.675371618367099
hsa-miR-1180-3p	0.38610321851781926	0.0	5.670156303422676	0.0
hsa-miR-196a-3p	1.544412874071277	0.0	4.981258808614314	3.5601646890300858
hsa-miR-500a-5p	8.976899830539297	0.0	5.749644475900563	4.6072719505095225
hsa-miR-660-5p	109.26721084054284	0.0	25.754167882835706	93.82081062855755
hsa-miR-6514-5p	0.0	0.0	0.47692903486732785	0.8376858091835495
hsa-miR-6875-5p	0.38610321851781926	0.0	0.6359053798231038	0.0
hsa-miR-7109-3p	0.0	0.0	0.4239369198820692	0.0
hsa-miR-194-5p	30.502154262907723	0.0	93.58407506396678	32.25090365356665
hsa-miR-3944-5p	0.0	0.0	0.4239369198820692	0.0
hsa-miR-217-5p	0.0	0.0	3.6034638189975885	0.0
hsa-miR-101-5p	5.598496668508379	0.0	6.30606168324578	5.4449577596930725
hsa-miR-654-5p	0.0	0.0	0.3709448048968106	0.0
hsa-miR-4800-3p	0.0	0.0	0.1059842299705173	0.0
hsa-miR-188-5p	6.563754714802927	0.0	1.218818644660949	3.141321784438311
hsa-miR-5588-5p	1.1583096555534578	0.0	0.4239369198820692	0.8376858091835495
hsa-miR-30e-3p	922.786692257588	0.0	2750.290767734924	604.5997327782269
hsa-miR-6715b-3p	0.0	0.0	0.1059842299705173	0.0
hsa-miR-4690-5p	0.0	0.0	0.26496057492629327	0.0
hsa-miR-449a	0.0	0.0	1.2718107596462076	0.0
hsa-miR-153-3p	0.0	0.0	1.4307871046019836	0.6282643568876621
hsa-miR-340-5p	124.71133958125561	0.0	94.43194890373091	369.4194418499454
hsa-miR-5000-3p	0.0	0.0	0.15897634495577595	0.0
hsa-miR-532-5p	159.84673246637718	0.0	66.39912007652909	121.67386378391058
hsa-miR-106a-5p	6.3385278373342	0.0	2.8085820942187087	9.31925462716699
hsa-miR-27a-5p	17.37464483330187	0.0	5.776140533393193	30.994374939791335
hsa-miR-590-3p	20.0773673629266	0.0	18.282279669914235	32.04148220127077
hsa-miR-10b-5p	42.181776623071755	0.0	91.19942988963014	10.052229710202594
hsa-miR-6511b-3p	2.3166193111069155	0.0	3.073542669145002	1.675371618367099
hsa-miR-125a-3p	36.87285736845174	0.0	21.090861764132942	53.1930488831554
hsa-miR-199a-5p	0.7722064370356385	0.0	9.43259646737604	1.047107261479437
hsa-miR-3682-3p	0.0	0.0	0.15897634495577595	0.0
hsa-miR-142-5p	142.47208763307532	0.0	16.639524105371216	82.9308951091714
hsa-miR-550b-2-5p	0.1544412874071277	0.0	0.0	0.0
hsa-miR-3158-5p	0.38610321851781926	0.0	0.0	0.0
hsa-miR-339-3p	616.7998915822162	0.0	370.8918127818253	358.948369235151
hsa-miR-584-3p	0.38610321851781926	0.0	0.26496057492629327	0.0
hsa-miR-223-3p	413.5165470325844	0.0	112.29029165376309	309.3154850410257
hsa-miR-219a-5p	1.3513612648123674	0.0	0.15897634495577595	2.5130574275506485
hsa-miR-34a-5p	12.934457820346946	0.0	46.10314003717503	46.282140957391114
hsa-miR-500a-3p	52.22046030453505	0.0	24.77381375560842	42.96630129603956
hsa-miR-660-3p	4.247135403696012	0.0	0.4239369198820692	0.6282643568876621
hsa-miR-1323	1.1583096555534578	0.0	2.0666924844250874	2.094214522958874
hsa-miR-520h	0.14478870694418222	0.0	0.5299211498525865	1.047107261479437
hsa-miR-136-5p	0.0	0.0	1.059842299705173	1.047107261479437
hsa-miR-497-5p	198.84315753667693	0.0	247.15522429124636	340.93812433770466
hsa-miR-129-1-3p	0.0	0.0	0.1059842299705173	0.0
hsa-miR-194-3p	0.0	0.0	0.1059842299705173	0.0
hsa-miR-4498	0.0	0.0	0.4239369198820692	0.0
hsa-miR-212-5p	0.38610321851781926	0.0	0.0	0.0
hsa-miR-4497	0.0	0.0	0.1059842299705173	0.0
hsa-miR-3944-3p	0.0	0.0	0.15897634495577595	0.0
hsa-miR-96-5p	61.390411744333264	0.0	135.76579859223267	74.13519411274413
hsa-miR-409-3p	0.0	0.0	1.8017319094987942	0.41884290459177476
hsa-miR-101-3p	16019.036433085803	0.0	8523.357758458973	55949.87288117845
hsa-miR-6864-5p	0.0	0.0	0.3179526899115519	0.0
hsa-miR-6503-5p	0.38610321851781926	0.0	0.2119684599410346	0.41884290459177476
hsa-miR-4492	2.8957741388836444	0.0	92.70970516671001	0.0
hsa-miR-654-3p	1.1583096555534578	0.0	1.1128344146904317	0.6282643568876621
hsa-miR-6508-3p	0.0	0.0	0.26496057492629327	0.0
hsa-miR-3117-3p	0.7722064370356385	0.0	0.0	0.6282643568876621
hsa-miR-299-5p	0.0	0.0	0.6888974948083625	0.0
hsa-miR-5699-5p	0.0	0.0	0.2119684599410346	0.0
hsa-miR-183-5p	8257.78258604986	0.0	5336.199994785576	6757.192579779103
hsa-miR-5588-3p	0.0	0.0	0.8478738397641384	0.6282643568876621
hsa-miR-4690-3p	0.0	0.0	0.15897634495577595	0.0
hsa-miR-6858-5p	0.38610321851781926	0.0	1.9077161394693114	0.0
hsa-miR-9903	0.0	0.0	0.6359053798231038	0.6282643568876621
hsa-miR-340-3p	2.123567701848006	0.0	4.7692903486732785	0.0
hsa-miR-532-3p	2.8957741388836444	0.0	8.372754167670868	2.094214522958874
hsa-miR-6747-3p	0.0	0.0	0.3179526899115519	0.0
hsa-miR-27a-3p	4788.1625386441065	0.0	1005.7285182860597	4009.2340899032333
hsa-miR-4489	0.0	0.0	0.26496057492629327	0.0
hsa-miR-4488	31.08130909068445	0.0	16.798500450326994	0.0
hsa-miR-369-5p	0.0	0.0	0.4239369198820692	0.0
hsa-miR-4484	0.0	0.0	0.26496057492629327	0.0
hsa-miR-199a-3p	49.421211970280865	0.0	38.13665875105782	62.6868213872356
hsa-miR-374b-5p	3777.730415782973	0.0	1209.9954575159034	3033.9932901366687
hsa-miR-142-3p	58.49463760544962	0.0	130.25461863376577	124.39634266375711
hsa-miR-4707-3p	0.0	0.0	1.377794989616725	1.047107261479437
hsa-miR-26a-2-3p	11.390044946275669	0.0	8.425746282656126	18.63850925433398
hsa-miR-3158-3p	0.7722064370356385	0.0	3.020550554159743	2.094214522958874
hsa-miR-5187-5p	1.9305160925890963	0.0	1.9077161394693114	2.3036359752547613
hsa-miR-135a-5p	33.011825183273544	0.0	315.1441078173332	109.38780524921852
hsa-miR-4789-5p	0.0	0.0	0.15897634495577595	0.6282643568876621
hsa-miR-3613-5p	5.598496668508379	0.0	65.2332935468534	15.078344565303892
hsa-miR-34a-3p	3.088825748142554	0.0	0.3179526899115519	5.654379211988959
hsa-miR-181a-5p	8254.307657083198	0.0	12724.466650260307	4863.813229571984
hsa-miR-136-3p	0.0	0.0	0.1059842299705173	0.0
hsa-miR-497-3p	0.38610321851781926	0.0	1.4307871046019836	1.675371618367099
hsa-miR-876-5p	0.0	0.0	0.0	1.047107261479437
hsa-miR-515-5p	2.8957741388836444	0.0	0.4239369198820692	5.4449577596930725
hsa-miR-328-3p	6.563754714802927	0.0	23.422514823484324	7.329750830356058
hsa-miR-381-3p	1.1583096555534578	0.0	4.080392853864916	1.4659501660712118
hsa-miR-212-3p	6.949857933320747	0.0	1.218818644660949	4.188429045917748
hsa-miR-487b-5p	0.0	0.0	0.0	0.41884290459177476
hsa-miR-96-3p	2.8957741388836444	0.0	0.3709448048968106	0.0
hsa-let-7f-5p	38026.97136903063	0.0	98870.05884739038	17871.960422137803
hsa-miR-4473	0.0	0.0	0.2119684599410346	0.0
hsa-miR-6503-3p	0.38610321851781926	0.0	0.5299211498525865	0.0
hsa-miR-4667-5p	0.38610321851781926	0.0	0.15897634495577595	0.0
hsa-miR-16-1-3p	0.0	0.0	0.7418896097936212	0.8376858091835495
hsa-miR-299-3p	0.0	0.0	0.7418896097936212	0.0
hsa-miR-486-5p	6.756806324061837	0.0	54.31691785989012	2.5130574275506485
hsa-miR-4743-5p	0.0	0.0	0.5299211498525865	0.0
hsa-miR-5699-3p	0.0	0.0	1.377794989616725	5.654379211988959
hsa-miR-183-3p	3.2818773574014637	0.0	5.723148418407934	3.5601646890300858
hsa-miR-326	158.10926798304698	0.0	154.9489442168963	115.60064166732984
hsa-miR-375-3p	14311.10884597223	0.0	18502.673876137927	7855.608097071032
hsa-miR-6777-5p	0.7722064370356385	0.0	0.7948817247788798	0.0
hsa-miR-4632-3p	0.0	0.0	0.1059842299705173	0.0
hsa-miR-4524a-3p	0.0	0.0	0.15897634495577595	0.0
hsa-miR-6858-3p	0.0	0.0	0.1059842299705173	0.0
hsa-miR-4790-5p	0.0	0.0	0.1059842299705173	0.0
hsa-miR-556-5p	0.0	0.0	1.1128344146904317	0.0
hsa-miR-369-3p	0.38610321851781926	0.0	0.6888974948083625	1.675371618367099
hsa-miR-4466	0.0	0.0	0.1059842299705173	0.0
hsa-miR-6847-5p	0.0	0.0	0.6888974948083625	0.0
hsa-miR-374b-3p	1.1583096555534578	0.0	5.193227268555348	0.0
hsa-miR-20b-5p	1.6087634104909134	0.0	1.6427555645430183	2.1640216737241698
hsa-miR-146b-5p	15099.435092380987	0.0	77898.99194159506	17213.60569291276
hsa-miR-5187-3p	0.5791548277767289	0.0	0.0	0.6282643568876621
hsa-miR-4423-5p	0.0	0.0	0.5829132648378452	1.047107261479437
hsa-miR-548aq-5p	0.0	0.0	0.1059842299705173	0.0
hsa-miR-4789-3p	0.38610321851781926	0.0	0.1059842299705173	0.0
hsa-miR-3613-3p	2.3166193111069155	0.0	1.1128344146904317	6.701486473468396
hsa-miR-10401-3p	3.2818773574014632	0.0	5.564172073452157	2.303635975254761
hsa-miR-2115-5p	4.4401870129549215	0.0	8.478738397641385	2.5130574275506485
hsa-miR-181a-3p	153.86213257935097	0.0	132.7187519805803	92.14543901019044
hsa-miR-519d-3p	1.9305160925890963	0.0	2.702597864248191	0.6282643568876621
hsa-miR-6894-5p	0.0	0.0	0.26496057492629327	0.0
hsa-miR-515-3p	1.3513612648123674	0.0	3.7094480489681056	26.5965244415777
hsa-miR-487b-3p	0.0	0.0	0.26496057492629327	0.0
hsa-let-7a-5p	36626.12775923828	0.0	85565.6182282698	9762.254296281077
hsa-let-7f-1-3p	43.95141637461176	0.0	15.261729115754491	55.18255267996633
hsa-miR-7706	4.4401870129549215	0.0	13.936926241123025	6.910907925764284
hsa-miR-7705	0.9652580462945481	0.0	0.7418896097936212	0.6282643568876621
hsa-miR-6806-3p	0.0	0.0	0.7948817247788798	0.0
hsa-miR-7704	2.3166193111069155	0.0	37.306448949622094	1.8847930706629865
hsa-miR-4454	26.0619672499528	0.0	8.478738397641385	9.63338680561082
hsa-miR-597-5p	0.0	0.0	0.15897634495577595	0.0
hsa-miR-1268b	0.0	0.0	0.6888974948083625	0.0
hsa-miR-4450	0.0	0.0	0.2119684599410346	0.0
hsa-miR-3136-5p	0.38610321851781926	0.0	0.1059842299705173	0.6282643568876621
hsa-miR-504-5p	1.3513612648123674	0.0	1.9607082544545702	3.5601646890300858
hsa-miR-509-3p	0.0	0.0	0.6359053798231038	0.0
hsa-miR-6777-3p	0.0	0.0	0.2119684599410346	0.0
hsa-miR-4732-5p	0.0	0.0	0.26496057492629327	0.6282643568876621
hsa-miR-4449	0.0	0.0	0.1059842299705173	0.0
hsa-miR-551a	0.0	0.0	0.3179526899115519	0.0
hsa-miR-4448	0.38610321851781926	0.0	0.0	0.0
hsa-miR-556-3p	0.0	0.0	0.5299211498525865	0.0
hsa-miR-6842-5p	0.0	0.0	0.15897634495577595	0.0
hsa-miR-4443	1.544412874071277	0.0	3.815432278938623	0.0
hsa-miR-146b-3p	36.48675414993392	0.0	181.2330332495846	34.135696724229646
hsa-miR-2278	0.7722064370356385	0.0	0.9538580697346557	1.047107261479437
hsa-miR-4726-5p	0.38610321851781926	0.0	0.0	0.0
hsa-miR-3177-5p	0.0	0.0	0.1059842299705173	0.0
hsa-miR-545-5p	1.9305160925890963	0.0	4.027400738879658	3.141321784438311
hsa-miR-4423-3p	0.9652580462945481	0.0	0.5299211498525865	7.1203293780601715
hsa-miR-4802-5p	0.7722064370356385	0.0	0.26496057492629327	1.675371618367099
hsa-miR-2115-3p	7.722064370356385	0.0	2.861574209203967	1.675371618367099
hsa-miR-155-5p	49.03510875176305	0.0	29.410623816818553	27.643631703057135
hsa-miR-6801-3p	0.38610321851781926	0.0	0.0	0.0
hsa-let-7a-3p	312.6149059265943	0.0	50.201196929368365	540.3771540741548
hsa-miR-4435	0.0	0.0	0.0	0.41884290459177476
hsa-miR-4794	0.0	0.0	0.1059842299705173	0.0
hsa-miR-597-3p	0.38610321851781926	0.0	0.2119684599410346	0.0
hsa-miR-423-5p	931.28096306498	0.0	234.59609303974005	308.26837777954626
hsa-miR-615-5p	0.0	0.0	0.26496057492629327	0.0
hsa-miR-4791	0.0	0.0	0.26496057492629327	0.0
hsa-miR-518c-3p	4.054083794437102	0.0	4.910602655300635	6.073222116580734
hsa-miR-520a-5p	0.0	0.0	0.1059842299705173	0.0
hsa-miR-22-5p	1939.975621442783	0.0	410.7948753657251	2110.130553333361
hsa-miR-520f-3p	0.5791548277767289	0.0	3.9479125664017696	6.282643568876622
hsa-miR-24-2-5p	2.702722529624735	0.0	4.133384968850175	6.701486473468396
hsa-miR-149-5p	4.4401870129549215	0.0	3.6034638189975885	3.141321784438311
hsa-miR-643	0.0	0.0	1.1128344146904317	0.0
hsa-miR-641	0.38610321851781926	0.0	1.377794989616725	0.41884290459177476
hsa-miR-6516-5p	0.38610321851781926	0.0	3.7624401639533644	0.6282643568876621
hsa-miR-6877-5p	0.5791548277767289	0.0	0.47692903486732785	0.0
hsa-miR-23b-5p	0.0	0.0	1.377794989616725	1.047107261479437
hsa-miR-6761-5p	0.7722064370356385	0.0	0.0	0.0
hsa-miR-16-5p	1669.5103168710505	0.0	2460.7241874171423	771.0897873534573
hsa-miR-6766-3p	0.0	0.0	0.26496057492629327	0.0
hsa-miR-1179	0.0	0.0	2.596613634277674	1.2565287137753243
hsa-miR-4427	0.38610321851781926	0.0	0.0	0.0
hsa-miR-1287-5p	60.61820530729762	0.0	51.084398845789345	65.96775747320453
hsa-miR-4785	2.509670920365825	0.0	0.1059842299705173	0.0
hsa-miR-6842-3p	0.0	0.0	1.059842299705173	0.6282643568876621
hsa-miR-103a-1-5p	4.633238622213831	0.0	3.179526899115519	8.167436639539607
hsa-miR-4780	0.38610321851781926	0.0	1.8547240244840528	1.4659501660712118
hsa-miR-376a-5p	0.0	0.0	0.3709448048968106	0.0
hsa-miR-4726-3p	0.0	0.0	0.1059842299705173	0.0
hsa-miR-6755-5p	5.791548277767289	0.0	1.218818644660949	2.094214522958874
hsa-miR-545-3p	0.0	0.0	1.3248028746314664	0.0
hsa-miR-3177-3p	4.247135403696012	0.0	2.278660944366122	0.41884290459177476
hsa-miR-4802-3p	1.544412874071277	0.0	2.543621519292415	3.141321784438311
hsa-miR-30b-5p	44864.80788855207	0.0	12246.866381936501	50674.89553359888
hsa-miR-219a-1-3p	2.702722529624735	0.0	1.8547240244840528	3.769586141325973
hsa-miR-150-5p	14.864973912936042	0.0	15.685666035636562	3.350743236734198
hsa-miR-342-5p	2.8957741388836444	0.0	6.571022258172073	4.6072719505095225
hsa-miR-3690	2.702722529624735	0.0	2.278660944366122	0.6282643568876621
hsa-miR-539-3p	0.0	0.0	0.1059842299705173	0.0
hsa-miR-4775	0.38610321851781926	0.0	1.1128344146904317	2.3036359752547613
hsa-miR-423-3p	1165.2595134867786	0.0	1052.635372067178	1264.696150414864
hsa-miR-6825-5p	0.0	0.0	0.1059842299705173	0.0
hsa-miR-615-3p	1.544412874071277	0.0	2.9675584391744847	0.41884290459177476
hsa-miR-6883-3p	0.0	0.0	0.4239369198820692	0.0
hsa-miR-520a-3p	1.6892015810154593	0.0	4.239369198820692	5.235536307397185
hsa-miR-22-3p	29426.27764450782	0.0	7994.655427251047	23692.686584042924
hsa-miR-144-5p	0.0	0.0	0.5829132648378452	0.0
hsa-miR-4762-5p	0.5791548277767289	0.0	0.0	0.0
hsa-miR-6796-5p	0.0	0.0	0.1059842299705173	0.0
hsa-miR-412-5p	0.0	0.0	0.15897634495577595	0.0
hsa-miR-15a-5p	357.1454771289828	0.0	183.03476515908338	344.91713193132654
hsa-miR-517b-3p	7.915115979615295	0.0	7.683856672862505	23.978756287879104
hsa-miR-34c-5p	0.0	0.0	2.649605749262933	1.047107261479437
hsa-miR-7106-3p	0.0	0.0	0.15897634495577595	0.0
hsa-miR-6516-3p	3.667980575919283	0.0	0.5299211498525865	5.4449577596930725
hsa-miR-3684	1.544412874071277	0.0	0.1059842299705173	0.0
hsa-miR-3622a-5p	0.38610321851781926	0.0	4.822282463658538	0.0
hsa-miR-208b-3p	0.0	0.0	2.119684599410346	0.0
hsa-miR-23b-3p	953.0957949112368	0.0	253.9647110668521	940.7211637131261
hsa-miR-138-5p	0.0	0.0	0.2119684599410346	0.0
hsa-miR-191-5p	8888.868296717235	0.0	5486.697601343711	12505.602023848915
hsa-miR-184	4.633238622213831	0.0	429.8720367604182	51.5176772647883
hsa-miR-4767	0.0	0.0	0.3179526899115519	0.0
hsa-miR-383-5p	0.0	0.0	2.119684599410346	0.0
