name	SRX590714	SRX590715	SRX590712	SRX590713	SRX590710	SRX590711	SRX590705	SRX590704	SRX590707	SRX590706	SRX590701	SRX590700	SRX590703	SRX590702	SRX590709	SRX590708	SRX590693	SRX590697	SRX590696	SRX590695	SRX590694	SRX590699	SRX590698
hsa-miR-214-5p	2	3	0	2	3	2	3	0	2	0	2	2	0	2	2	2	0	0	5	0	6	2	3
hsa-miR-98-5p	348	344	177	114	509	486	412	422	356	301	284	165	263	352	383	263	286	412	92	354	225	511	429
hsa-miR-767-5p	661	863	978	526	1014	1057	1307	899	746	793	940	713	648	845	984	1029	1067	1190	1206	1110	1240	944	1165
hsa-miR-6132	0	0	2	2	0	0	0	0	0	0	0	0	0	0	0	0	2	0	0	0	0	0	0
hsa-miR-651-5p	3	3	0	2	0	8	3	3	12	0	2	0	6	0	0	2	0	4	0	5	2	0	2
hsa-miR-6131	15	13	13	6	10	16	34	13	16	13	12	19	8	27	27	10	26	28	19	50	21	21	56
hsa-miR-6866-5p	0	2	0	0	0	0	0	0	0	0	0	0	0	0	0	0	0	0	0	0	0	0	0
hsa-miR-6130	0	0	0	0	0	0	0	0	0	1	0	1	0	1	1	1	0	0	0	0	0	1	0
hsa-miR-656-3p	3646	3781	1861	1054	3958	4683	3126	3276	3715	2652	2612	2575	2797	3512	4435	2828	2790	3628	1655	2873	3163	5051	2964
hsa-miR-376a-3p	30	42	33	12	75	66	74	66	29	55	53	17	31	64	50	48	36	39	30	53	44	50	46
hsa-miR-148a-5p	16	17	41	33	53	25	34	24	31	17	32	27	10	26	18	30	30	55	52	48	40	24	40
hsa-miR-618	0	0	0	0	0	0	0	0	0	0	0	0	0	2	0	0	0	2	0	3	0	0	2
hsa-miR-185-5p	2500	3000	4826	2369	4627	4342	6031	5182	5648	4053	4565	2635	4233	4210	3901	4416	5051	4282	5731	5634	6173	3922	4148
hsa-miR-377-5p	142	144	285	150	169	171	280	193	137	183	202	127	178	167	201	205	244	235	365	219	286	165	196
hsa-miR-30b-3p	2	6	3	0	0	2	2	2	2	4	0	2	5	2	4	4	2	8	8	2	6	4	3
hsa-miR-1468-5p	0	0	0	0	4	0	0	0	2	0	0	2	0	0	0	2	0	0	2	0	2	4	0
hsa-miR-610	0	0	0	0	0	0	0	0	4	0	0	0	0	0	0	0	0	0	0	0	0	0	0
hsa-miR-150-3p	2	0	0	0	0	0	0	2	0	0	0	2	0	0	0	0	4	0	5	4	0	2	4
hsa-miR-342-3p	107	103	51	27	73	62	78	51	75	48	54	79	45	64	44	52	70	63	56	66	69	66	111
hsa-miR-7-5p	965	955	1055	545	1423	1228	1660	1501	1138	1113	1151	738	1065	1163	1305	1152	1462	1756	1076	1687	1465	1389	1403
hsa-miR-6125	0	2	0	0	0	0	0	0	0	0	0	0	0	0	0	0	0	0	0	0	0	0	0
hsa-miR-138-2-3p	109	122	69	44	183	244	240	171	102	167	166	75	128	146	152	160	78	134	70	102	72	94	112
hsa-miR-144-3p	159	192	87	88	62	220	100	191	1661	115	70	88	487	163	89	53	150	103	83	123	216	215	115
hsa-miR-331-5p	70	96	67	40	115	118	76	70	76	66	92	101	65	62	85	58	98	167	96	51	73	93	98
hsa-miR-26b-5p	328	389	161	110	363	423	351	350	413	227	286	203	323	358	294	228	256	327	161	345	287	433	311
hsa-miR-889-3p	2550	3014	1634	924	4596	5780	4120	4029	2663	3175	3304	1841	3128	4277	5043	3502	2206	5695	1534	3251	2819	4216	3327
hsa-miR-5189-5p	0	0	0	0	0	0	0	2	0	0	0	0	0	0	0	0	0	0	0	2	0	0	0
hsa-miR-15a-3p	0	0	0	0	0	0	0	2	0	0	0	0	0	0	0	0	0	0	0	0	0	0	0
hsa-miR-34c-3p	88	102	128	77	187	273	258	129	97	151	115	97	104	157	189	176	116	189	108	135	128	113	189
hsa-miR-3120-3p	2	5	3	3	4	6	2	3	4	3	3	2	3	2	0	6	14	6	0	4	9	8	5
hsa-miR-181c-5p	198	249	375	144	261	274	324	261	273	222	269	224	222	229	239	277	391	230	345	380	427	258	271
hsa-miR-3661	0	0	0	0	0	0	0	0	0	0	0	0	0	0	0	0	0	0	0	2	2	0	0
hsa-miR-1224-5p	7677	10005	19749	10908	5945	7023	10737	7094	10528	6661	8304	9799	6145	6982	7494	7937	18200	15455	23659	15547	19005	11217	11347
hsa-miR-191-3p	218	252	240	133	207	195	268	135	217	171	186	159	126	190	170	160	325	220	361	306	366	254	249
hsa-miR-383-3p	0	0	0	0	0	0	2	0	0	0	0	0	0	2	0	0	2	0	2	3	4	0	0
hsa-miR-214-3p	15	22	4	5	4	12	3	12	8	15	6	9	6	3	5	10	14	6	9	13	7	19	13
hsa-miR-93-5p	290	380	427	148	596	593	574	506	805	381	488	309	544	412	417	451	420	427	364	368	383	501	518
hsa-miR-98-3p	32	37	40	23	76	71	55	47	31	36	36	29	35	47	59	51	35	53	21	55	55	80	38
hsa-miR-767-3p	2	0	2	0	0	0	0	0	2	0	0	0	0	0	0	0	0	0	0	3	0	2	0
hsa-miR-4741	0	0	0	0	6	0	0	0	0	0	0	0	0	0	0	0	0	0	0	0	0	0	0
hsa-miR-33b-5p	0	0	2	0	0	0	2	2	0	0	0	0	0	0	0	3	0	0	2	0	3	0	0
hsa-miR-296-5p	0	0	0	0	0	0	0	0	5	0	0	0	0	0	0	0	0	0	0	0	0	0	2
hsa-miR-148a-3p	18085	24717	16978	9600	32810	36003	32232	29036	24422	21913	21942	21238	22141	29063	31398	25268	22592	52644	17108	28210	24913	31043	32272
hsa-miR-127-5p	588	668	1191	592	810	794	1218	989	699	786	936	640	662	789	810	924	1195	1126	1518	1198	1455	883	856
hsa-miR-323b-5p	0	0	0	0	0	0	1	0	0	0	0	0	0	0	0	0	0	0	0	0	0	0	0
hsa-miR-185-3p	223	226	361	201	236	274	382	243	287	205	243	226	200	207	223	238	376	392	475	390	403	251	326
hsa-miR-377-3p	203	326	380	183	423	358	453	503	295	381	448	220	332	352	378	360	481	318	375	458	511	369	314
hsa-let-7a-2-3p	14	11	4	6	4	10	8	2	10	9	2	10	4	10	4	4	12	10	9	16	7	11	9
hsa-miR-3085-3p	12	12	19	5	18	22	17	11	10	10	23	19	11	12	15	19	16	28	13	15	18	16	21
hsa-miR-19b-3p	289	402	449	205	628	543	523	611	837	430	585	251	639	431	397	469	461	516	441	479	558	442	502
hsa-miR-3651	0	0	0	0	0	0	0	0	0	0	0	0	0	0	0	0	2	0	0	0	0	0	0
hsa-miR-1260b	7	14	14	8	15	15	13	8	10	11	12	8	15	10	5	7	18	11	13	15	15	13	12
hsa-miR-1260a	0	3	5	1	0	1	5	2	2	4	0	3	3	1	0	0	3	3	6	3	6	2	1
hsa-miR-3074-5p	72	81	121	64	41	62	86	51	87	57	66	72	53	59	62	55	95	104	166	102	148	95	89
hsa-miR-18a-5p	1	5	1	1	2	8	2	3	10	6	0	4	6	2	4	2	5	3	0	2	7	2	4
hsa-miR-331-3p	21	23	23	10	37	35	46	23	22	29	25	24	24	33	22	23	28	19	34	41	36	27	34
hsa-miR-499a-5p	202	191	199	91	504	289	301	311	197	192	232	156	188	220	274	245	287	284	137	246	285	283	173
hsa-miR-26b-3p	6	11	0	5	12	5	4	8	9	5	3	6	0	10	12	2	16	4	8	3	9	6	2
hsa-miR-941	7	12	3	3	2	17	12	6	43	0	6	17	14	0	2	5	10	20	2	16	4	18	11
hsa-miR-940	0	0	0	0	0	0	0	0	0	0	2	0	0	0	0	0	0	0	0	0	0	0	0
hsa-miR-628-5p	13	43	18	10	37	41	47	32	24	33	10	10	32	32	47	24	35	31	18	46	29	54	31
hsa-miR-181c-3p	214	227	382	209	262	381	449	337	240	255	325	248	240	295	338	383	471	438	518	516	515	294	451
hsa-miR-494-3p	0	2	2	0	0	0	0	0	0	0	7	0	0	4	0	0	0	2	0	0	2	0	0
hsa-miR-1224-3p	11	5	13	0	2	2	6	2	6	0	2	6	0	8	3	5	12	3	14	8	6	6	3
hsa-miR-873-5p	488	577	809	394	753	722	1019	869	743	667	687	529	660	676	895	739	926	845	1048	889	1045	876	688
hsa-miR-93-3p	0	10	0	4	6	4	4	6	6	0	2	0	4	2	3	0	5	8	5	8	2	7	0
hsa-miR-5009-5p	0	0	0	0	0	0	0	0	3	0	0	0	0	0	0	0	0	0	0	0	0	0	0
hsa-let-7c-5p	4717	5550	3391	1769	4431	5902	5545	3863	4071	3177	3351	3025	2741	3953	4455	3665	4527	6877	2527	5751	3975	5634	7035
hsa-miR-33b-3p	0	0	0	0	0	0	0	0	0	0	0	0	2	0	0	0	0	0	0	0	0	0	0
hsa-miR-6500-3p	0	0	0	0	89	0	0	0	0	0	4	0	0	0	0	0	0	0	0	0	0	0	0
hsa-miR-483-5p	6	27	95	30	4	6	8	12	15	25	31	10	3	22	2	6	28	13	26	22	16	17	115
hsa-miR-296-3p	4	0	0	0	0	0	0	0	0	0	0	0	0	0	0	0	0	0	0	2	0	0	0
hsa-miR-122-5p	2236	3873	11489	2356	9898	6222	9259	16757	3704	4695	10040	2759	850	22458	1414	2541	2460	5066	2066	4121	1965	2029	51249
hsa-miR-675-5p	0	0	0	0	4	0	0	0	0	0	0	0	0	0	0	0	0	0	0	0	0	0	2
hsa-miR-127-3p	23137	28925	47696	26807	22511	29967	39913	26711	29667	24791	27198	28915	20938	26725	28728	29128	44020	49899	49549	38914	46676	32047	35990
hsa-miR-323b-3p	27	47	32	28	14	22	17	19	33	11	14	27	11	18	16	10	36	21	24	21	41	34	31
hsa-miR-6529-5p	14385	17373	22532	12600	8609	10663	15061	8843	16663	9118	11214	14729	7617	9464	10001	10543	22477	15744	27976	21336	26273	18839	18193
hsa-miR-4286	0	2	2	2	2	0	2	3	2	3	0	0	0	0	0	3	2	2	0	2	3	2	4
hsa-miR-935	74	88	83	55	84	96	110	92	80	73	78	52	72	67	88	96	87	89	82	112	95	89	103
hsa-miR-450b-5p	247	249	145	101	270	339	273	314	257	199	194	156	193	277	339	250	238	315	106	237	253	350	188
hsa-miR-6850-5p	0	0	0	0	0	0	0	0	2	0	0	0	0	0	0	0	0	0	0	0	0	0	0
hsa-miR-200b-5p	4	8	9	6	11	9	11	10	14	3	24	2	2	10	2	7	9	10	9	13	8	7	10
hsa-miR-130a-3p	605	716	760	489	680	676	774	750	774	549	669	622	567	542	672	596	825	820	828	684	911	797	655
hsa-miR-496	22	32	16	8	23	21	23	22	22	24	17	21	20	11	21	21	19	22	14	22	11	26	23
hsa-miR-361-5p	1124	1509	900	453	2135	2805	1773	1323	953	1226	1394	1092	1121	1349	2038	1606	959	1979	814	1274	1120	1327	1556
hsa-miR-3199	0	0	0	0	0	0	0	0	2	0	0	0	0	0	0	0	0	0	0	0	0	0	0
hsa-miR-3196	0	0	0	2	0	0	0	0	0	0	0	0	0	0	0	0	0	0	0	0	0	0	0
hsa-miR-3195	0	0	2	0	0	0	0	0	0	2	0	4	0	2	2	0	2	0	2	3	0	0	0
hsa-miR-3074-3p	0	0	4	0	0	0	0	2	0	0	4	0	0	0	0	0	0	0	0	0	4	0	0
hsa-miR-18a-3p	0	0	0	0	2	0	0	0	12	0	0	0	3	4	0	2	0	0	0	0	0	2	0
hsv2-miR-H10	19	42	78	42	2	2	14	14	74	11	7	51	5	10	4	8	79	23	94	75	68	36	25
hsa-miR-1912-5p	8	0	4	0	6	7	6	8	2	4	0	3	2	5	5	2	4	6	8	9	9	2	9
hsa-miR-5010-5p	0	0	0	0	0	0	0	2	0	0	0	0	0	0	0	0	0	0	0	0	0	0	0
Hsa-Mir-3059_5p	2	2	0	4	2	2	0	0	0	2	1	0	0	0	0	3	3	2	2	2	1	4	3
hsa-miR-3913-5p	0	0	0	0	0	0	0	0	6	0	0	0	0	0	0	0	0	0	0	2	0	0	0
hsa-miR-365b-5p	0	0	0	0	0	0	0	0	0	0	0	0	0	0	0	0	0	0	0	0	2	0	0
hsa-miR-431-5p	11	8	15	15	12	16	9	13	8	7	13	15	11	7	20	14	5	26	24	15	19	9	28
hsa-miR-6891-5p	0	0	0	0	0	0	0	0	0	0	0	2	0	0	0	0	0	0	0	0	0	0	0
hsa-miR-628-3p	248	281	232	124	380	374	408	245	338	257	236	204	195	286	359	298	333	299	200	376	336	340	302
hsa-miR-3144-3p	0	0	0	0	0	0	0	0	0	0	2	0	0	0	0	0	0	0	0	0	0	0	0
hsa-miR-512-3p	0	0	0	2	0	0	0	0	0	0	0	0	0	0	0	0	0	0	0	0	0	0	0
hsa-miR-873-3p	779	859	1775	1007	646	646	1041	722	997	723	864	968	567	647	714	860	1417	1518	2105	1344	1790	859	1055
hsa-miR-484	663	820	586	450	569	715	635	394	1626	347	500	680	654	466	478	404	675	626	786	796	788	651	781
hsa-miR-99a-5p	366527	426108	443747	235200	353618	414807	500125	328141	392137	322530	314657	398539	274196	326671	383015	369389	498202	427835	479911	503001	554394	431515	419138
hsa-let-7c-3p	43	49	25	22	36	45	44	25	45	26	23	48	24	34	40	34	38	52	25	53	45	61	56
hsa-miR-4664-3p	0	0	2	0	0	0	0	0	2	0	0	0	0	0	0	0	0	2	0	0	0	0	0
hsa-miR-425-5p	687	912	1081	526	590	837	910	644	1159	618	610	634	462	596	616	607	989	660	891	899	1011	817	836
hsa-miR-3182	0	2	6	2	2	6	0	0	3	2	0	3	9	2	0	0	7	3	0	7	4	6	4
hsa-miR-483-3p	0	0	0	0	0	0	0	0	0	0	0	0	0	0	0	0	0	0	0	0	0	0	2
hsa-miR-122-3p	0	0	0	0	0	0	0	0	4	0	0	0	0	8	0	0	0	0	0	0	0	0	0
hsa-miR-3180	0	0	0	0	0	0	0	0	1	0	0	0	0	0	0	0	0	0	0	0	0	0	0
hsa-miR-501-5p	11	6	9	6	2	0	9	5	5	2	4	4	4	4	2	2	10	9	17	7	13	9	13
hsa-miR-6529-3p	144	213	93	36	106	130	166	94	126	80	79	103	69	110	110	114	130	79	111	163	124	137	146
hsa-miR-3191-3p	0	0	2	0	0	0	0	0	0	0	0	0	0	0	0	0	0	0	0	0	0	0	0
hsa-miR-133a-5p	0	0	0	0	2	0	2	0	0	0	4	0	0	0	0	0	2	0	2	4	0	0	0
hsa-miR-200b-3p	4	19	28	27	71	42	32	30	19	20	84	16	17	29	38	31	21	39	8	33	16	15	49
hsa-miR-3615	43	92	50	89	85	83	29	58	719	36	44	119	127	41	26	28	58	66	45	91	41	77	59
hsa-miR-361-3p	725	901	1001	434	837	771	1166	641	739	658	726	614	530	706	741	760	1020	961	1069	1119	1111	792	1015
hsa-miR-450a-2-3p	2	0	0	0	2	0	0	0	0	0	0	2	0	2	4	4	0	0	0	0	0	2	2
hsa-miR-3178	0	0	0	0	0	0	0	0	4	0	0	0	2	0	0	0	0	0	0	0	0	0	0
hsa-miR-29b-3p	128	130	86	73	196	219	146	183	123	132	141	77	132	140	171	133	124	153	91	132	142	175	144
hsa-miR-3176	0	0	0	2	2	0	0	2	0	0	0	0	0	2	0	0	0	0	2	0	0	0	0
hsa-miR-1912-3p	10	16	18	11	16	29	16	14	8	10	9	19	10	14	16	19	20	24	14	17	11	11	9
hsa-miR-125b-1-3p	3386	3858	3181	2257	2990	3857	3824	2476	2858	2511	2875	2983	2277	2679	3538	3104	3450	5766	3345	4017	3995	3874	4303
hsa-miR-105-5p	1689	2212	2467	1327	1451	1841	2263	1242	1814	1227	1249	1782	1017	1409	1655	1516	2469	2387	2414	2608	2702	1975	2518
hsa-miR-376c-5p	0	0	0	0	0	1	0	0	0	0	0	0	0	0	0	0	0	0	0	0	0	0	0
hsa-miR-5010-3p	0	2	0	0	0	0	0	0	0	0	0	0	0	0	0	0	0	0	0	0	0	0	0
hsa-miR-542-5p	0	0	0	0	0	0	0	0	0	0	0	0	0	2	0	0	0	0	0	0	2	0	0
hsa-miR-4781-3p	0	0	0	0	0	0	0	0	2	0	0	0	0	0	0	0	0	0	0	0	0	0	0
hsa-miR-365b-3p	60	53	42	27	53	62	59	50	44	47	42	47	26	42	56	54	47	64	32	53	46	44	63
kshv-miR-K12-3-5p	0	0	0	0	0	0	0	0	0	0	0	0	0	0	0	0	0	0	3	0	0	0	0
hsa-miR-431-3p	128	171	188	92	154	199	194	193	153	158	167	131	139	153	183	185	205	199	222	151	228	162	178
hsa-miR-30d-5p	45294	53120	51606	33011	45966	52384	60754	38077	48414	38015	38167	41796	32792	41816	46110	42892	60097	60040	48615	62105	60656	49584	62072
hsa-miR-551b-5p	13	12	11	10	9	18	25	16	17	13	11	15	9	14	8	8	13	8	21	15	25	15	15
hsa-miR-5697	0	0	0	0	0	0	0	0	0	0	0	0	0	0	0	0	0	0	0	0	2	0	0
hsa-miR-29b-2-5p	8	11	12	9	6	12	25	14	7	8	7	5	14	11	7	7	26	2	13	18	10	11	19
hsa-miR-5695	0	0	0	0	0	0	0	0	2	0	0	0	0	0	0	0	0	0	0	0	0	0	0
hsa-miR-30c-2-3p	20	22	20	5	14	11	28	17	11	19	11	13	9	12	12	17	22	20	38	24	17	20	22
hsa-miR-107	762	923	971	592	888	957	956	921	1928	716	926	748	934	760	848	714	1064	962	1031	933	1158	1050	860
hsa-miR-152-5p	0	3	2	2	0	0	0	0	0	0	0	5	0	0	0	0	3	2	2	0	0	0	2
hsa-miR-12136	0	0	0	0	0	0	0	0	0	0	0	0	0	0	0	0	0	0	2	0	0	0	0
hsa-miR-99a-3p	50	48	50	18	66	74	73	57	34	59	50	47	46	55	75	38	52	64	37	64	53	54	97
hsa-miR-12135	0	0	0	0	0	0	0	0	0	0	0	0	0	0	0	0	0	0	0	0	0	0	2
hsa-miR-3168	253	179	378	214	109	166	284	192	532	125	355	218	248	193	168	200	412	127	849	346	472	276	69
hsa-miR-3164	0	0	0	0	0	0	0	0	2	0	0	0	2	0	0	0	0	0	0	0	0	0	0
hsa-miR-425-3p	283	344	520	236	450	441	509	417	490	467	451	400	382	376	422	463	458	653	584	466	565	463	527
hsa-miR-670-3p	0	0	0	0	0	0	0	0	0	0	2	0	2	3	0	0	0	2	2	0	0	2	3
hsa-miR-501-3p	852	1127	1051	674	695	879	1076	654	1127	602	668	756	619	639	738	719	1111	1025	1226	1018	1228	932	867
hsa-miR-6716-3p	0	0	0	2	0	0	0	0	0	0	0	0	0	0	0	0	0	0	0	0	0	0	0
hsa-miR-24-3p	28833	38732	28387	18984	36074	43373	38855	32978	33544	29502	34060	28705	29991	33199	40831	33662	31368	51778	34179	36134	41315	41097	35777
hsa-miR-664b-5p	0	0	0	0	0	0	0	0	2	0	0	0	0	0	0	0	0	0	0	0	0	0	0
hsa-miR-133a-3p	154	169	234	105	177	155	156	127	166	116	172	142	147	102	145	134	221	221	223	216	248	193	196
hsa-miR-338-5p	9	29	16	15	31	16	13	16	19	3	16	46	9	7	5	6	33	18	14	12	11	18	16
hsa-miR-222-5p	0	0	0	0	0	0	0	4	0	0	0	0	0	0	0	2	0	0	0	0	0	4	0
hsa-miR-190b-5p	54	40	44	20	73	89	67	46	44	56	73	26	57	69	63	62	61	79	46	62	63	68	60
hsa-miR-371a-5p	0	0	0	0	0	0	0	0	0	0	0	0	0	0	0	0	0	0	2	0	0	0	0
hsa-miR-5684	0	0	0	0	0	0	2	0	0	0	0	0	0	0	0	0	0	0	0	0	0	0	0
hsa-miR-5683	0	0	0	0	0	0	0	0	0	0	0	0	0	0	0	0	0	0	0	3	2	0	0
hsa-miR-3675-5p	0	2	0	0	0	0	0	0	0	0	0	0	0	0	0	0	0	0	0	2	0	0	0
hsa-miR-3180-3p	0	0	0	0	0	0	0	0	3	0	0	0	0	0	0	0	0	0	0	0	0	0	0
hsa-miR-422a	0	0	0	0	0	0	0	0	0	0	0	0	0	0	2	0	0	0	1	0	0	0	0
hsa-miR-12124	0	0	0	0	0	0	0	2	0	0	0	0	0	0	0	0	0	0	0	0	0	0	0
hsa-miR-1307-5p	157	159	351	210	173	189	223	218	250	169	249	214	170	200	186	171	314	263	452	341	419	208	229
hsa-miR-769-5p	5	9	6	5	15	17	8	10	16	0	14	15	3	2	0	4	19	30	9	5	11	4	12
hsa-miR-100-5p	99100	102826	136897	73019	88194	105934	134488	92295	109020	85971	82310	100178	70106	81866	100784	100879	154117	157901	143027	144551	158552	118203	123386
hsa-miR-653-5p	0	0	0	0	0	0	0	0	0	0	0	0	0	0	0	0	0	0	0	0	2	0	0
hsa-miR-105-3p	62	76	87	52	87	112	146	105	57	108	90	54	59	95	90	107	106	140	159	132	118	82	83
hsa-miR-6507-5p	0	0	0	0	0	0	0	0	3	0	0	0	0	0	0	0	0	0	0	0	0	0	0
hsa-miR-542-3p	147	201	280	161	248	236	278	415	222	222	234	150	173	220	280	236	316	322	253	306	407	348	172
hsa-miR-187-5p	37	25	32	25	17	23	31	21	18	24	15	29	15	16	13	23	38	27	30	34	44	27	30
hsa-miR-379-5p	4011	5023	4521	2576	4816	6052	6297	5382	4465	4260	4137	3509	3833	4948	6058	4956	5266	8768	4565	5345	5807	6352	5083
hsa-miR-5587-5p	0	0	0	0	0	0	0	0	0	0	0	0	0	0	0	0	0	0	0	0	2	0	0
hsa-miR-30d-3p	118	152	165	105	195	239	258	217	134	161	142	127	150	152	221	185	246	216	227	240	275	187	201
hsa-miR-6715a-3p	0	0	0	0	0	0	0	0	0	0	0	0	0	0	0	0	0	0	0	2	0	0	0
hsa-miR-551b-3p	4	2	4	2	3	2	10	3	7	2	0	4	0	8	4	4	2	2	6	2	10	3	0
hsa-miR-455-5p	468	559	552	235	543	698	683	557	537	432	474	448	376	521	592	475	597	695	606	660	697	625	706
hsa-miR-301b-3p	0	0	0	0	2	0	0	0	0	0	0	0	0	0	0	0	0	0	0	0	0	0	0
hsa-miR-448	0	2	0	0	0	6	0	2	5	0	0	0	3	0	2	3	0	7	2	2	2	2	0
hsa-miR-152-3p	669	811	1198	848	956	1080	1231	1240	946	933	1074	682	920	993	1122	1048	1304	1658	1295	1138	1329	996	964
hsa-miR-9-5p	64026	70772	38081	19206	88147	102463	89453	86534	57365	60453	52285	36793	53125	72438	94734	63302	56159	94495	33748	72577	65343	101643	65699
hsa-miR-10a-5p	1908	1943	1375	877	1755	1544	1842	1179	1556	1091	2579	1341	1042	1295	1327	1176	1718	1994	1203	1886	1757	1914	1658
hsa-miR-3146	0	0	0	0	0	0	0	0	0	0	0	0	0	0	0	0	0	0	0	0	4	0	0
hsa-miR-550a-5p	7	9	7	3	5	11	1	2	40	0	5	16	27	5	0	0	2	7	2	2	0	15	4
hsa-miR-10527-5p	53	52	90	50	54	74	71	53	100	46	46	52	46	57	55	56	81	109	92	104	87	56	51
hsa-miR-3143	0	0	0	0	0	2	0	2	12	0	0	0	7	0	0	0	0	0	0	0	0	0	0
hsa-miR-203b-3p	0	0	0	0	0	0	0	0	0	0	0	0	0	0	0	0	0	0	3	0	6	0	3
hsa-miR-7854-3p	2	0	0	0	0	0	0	0	0	0	0	0	0	0	0	0	0	0	0	0	0	0	0
hsa-miR-92b-5p	43	30	55	40	15	17	22	19	56	20	22	45	19	24	12	19	57	47	59	60	52	32	39
hsa-miR-338-3p	117	121	152	65	161	170	157	163	122	133	125	113	133	131	166	139	163	129	133	166	179	159	125
hsa-miR-3939	0	0	0	0	0	0	0	0	2	0	0	0	0	0	0	0	0	0	0	0	0	0	0
hsa-miR-222-3p	6607	7657	5714	3756	5330	6253	6706	4377	6050	4350	4505	5779	4023	5149	5527	5142	6684	7376	5969	7819	7504	6278	7305
hsa-miR-4659b-3p	0	2	0	0	0	0	0	0	0	0	0	0	0	0	0	0	0	0	0	0	0	0	0
hsa-miR-3617-5p	0	0	0	0	0	0	0	0	0	0	0	0	0	0	0	0	0	0	0	2	0	0	0
hsa-miR-6513-3p	0	0	0	0	0	0	0	0	2	0	0	0	2	0	0	0	0	0	0	0	0	0	0
hsa-miR-3138	0	2	0	0	0	0	0	0	0	0	0	0	0	0	0	0	0	0	0	0	0	0	0
hsa-miR-211-5p	2	1	1	0	0	0	0	0	0	0	0	0	0	0	1	0	2	0	0	3	0	0	0
hsa-miR-95-5p	0	0	0	0	0	0	0	0	0	0	0	0	0	0	0	2	0	0	0	0	0	0	0
hsa-miR-1307-3p	231	350	471	276	320	320	367	227	381	247	406	342	268	271	263	349	404	469	622	442	550	285	425
hsa-miR-3131	0	0	0	0	0	0	0	0	2	0	24	0	0	0	0	0	0	5	0	0	0	0	0
hsa-miR-129-5p	131799	146776	213833	137796	114625	129432	184115	120231	133844	121052	130506	142091	100254	115523	135885	139191	194396	252281	245278	185042	225512	146811	161192
hsa-miR-182-5p	49	71	32	44	155	74	36	76	310	49	57	45	104	43	62	42	48	97	20	32	67	50	36
hsa-miR-187-3p	84	92	184	72	115	128	169	133	130	99	131	82	92	124	101	143	144	147	176	166	168	126	156
hsa-miR-379-3p	6	21	6	0	23	26	21	4	7	8	9	6	9	13	7	10	5	26	0	8	8	18	4
hsa-miR-205-5p	0	2	0	5	0	0	0	0	0	0	2	0	0	2	0	2	0	2	0	0	8	2	2
hsa-miR-758-5p	4	14	5	4	7	9	5	7	8	7	9	4	9	8	13	6	11	18	7	15	8	6	10
hsa-miR-429	0	0	0	4	28	0	0	0	0	2	48	0	0	0	0	0	0	8	0	2	0	2	7
hsa-miR-455-3p	0	0	5	0	0	0	0	0	2	0	0	0	0	2	0	0	0	5	2	0	2	0	4
hsa-miR-6741-5p	0	0	0	0	0	0	0	0	7	0	0	0	0	0	0	0	0	0	0	0	0	0	0
hsa-miR-421	401	439	289	168	549	595	617	389	364	371	407	304	342	424	538	484	388	501	310	503	437	427	433
hsa-miR-9-3p	142772	158747	112422	83580	119285	134802	131133	123624	150762	96878	112238	114879	104263	112676	134490	104777	140853	157419	116908	131184	164955	169362	128630
hsa-miR-10a-3p	41	57	57	26	63	40	31	45	61	28	119	41	36	29	55	26	78	68	41	68	66	72	43
hsa-miR-550a-3p	0	0	0	0	0	0	0	0	2	0	0	0	3	0	0	0	0	0	0	0	0	0	0
hsa-miR-193b-5p	87	75	140	98	31	32	39	36	76	38	34	114	24	25	40	21	132	80	198	119	167	75	90
hsa-miR-141-3p	0	0	2	5	12	0	5	3	0	2	12	0	0	0	2	0	2	0	0	2	0	0	4
hsa-miR-374a-5p	4	8	4	0	2	5	3	4	10	4	12	4	12	0	3	3	3	9	0	6	6	0	3
hsa-miR-92b-3p	5840	6778	3822	2220	4652	5858	5152	3379	5081	3457	3423	4157	2767	3850	4334	3617	4532	5520	3511	5044	4947	5786	6870
hsa-miR-26a-1-3p	526	656	610	371	840	922	950	833	620	619	691	486	688	759	947	801	782	999	779	931	928	851	757
hsa-miR-6735-5p	0	0	0	0	0	0	0	0	0	0	0	0	0	0	2	0	0	0	0	0	2	0	0
hsa-miR-3917	2	0	0	0	0	0	0	0	0	0	0	0	0	0	0	0	0	0	0	0	0	0	2
hsa-miR-10400-5p	0	0	2	0	0	0	0	0	0	0	0	2	0	0	0	0	0	0	0	4	0	0	0
hsa-miR-4485-3p	2	2	2	0	0	2	0	0	0	3	0	2	0	0	0	2	4	4	0	3	2	4	2
hsa-miR-3617-3p	0	0	0	0	0	0	0	0	0	0	0	0	0	0	0	0	0	0	0	2	0	0	0
hsa-miR-4677-3p	0	0	0	0	0	0	0	0	2	0	0	2	0	0	0	0	0	0	3	0	0	3	0
hsa-miR-491-5p	0	3	3	0	0	3	0	2	2	3	0	3	0	0	0	0	7	3	4	2	2	0	0
hsa-miR-6729-5p	0	0	0	0	0	0	0	0	0	0	0	0	0	0	0	0	0	0	0	0	2	0	0
hsa-miR-211-3p	0	0	0	0	0	0	0	0	0	0	0	0	0	0	2	2	2	0	0	0	0	0	0
hsa-miR-487a-5p	58	71	56	40	53	77	83	46	60	49	56	51	31	65	49	73	82	58	76	91	90	61	91
hsa-miR-95-3p	7	2	6	5	67	5	8	8	6	4	14	6	2	6	4	5	2	9	0	4	6	3	16
hsa-miR-6805-5p	0	0	2	0	0	0	0	0	4	0	0	0	4	0	0	0	0	0	0	0	0	0	0
hsa-let-7e-5p	955	1250	512	339	878	946	912	679	834	647	475	560	477	747	816	578	848	1094	396	1022	799	1187	1167
hsa-miR-7-1-3p	45	49	27	16	55	56	64	34	34	38	42	21	31	35	48	52	64	64	28	42	50	45	59
hsa-miR-124-5p	174	184	296	180	149	184	255	182	201	152	185	161	167	169	197	180	297	238	325	231	265	224	224
hsa-miR-485-5p	0	3	0	0	0	2	0	0	0	0	6	0	0	0	0	0	2	3	0	0	3	0	4
hsa-miR-182-3p	0	0	0	0	9	0	2	2	5	0	0	0	3	0	0	0	0	0	4	2	0	0	0
hsa-miR-508-5p	0	2	0	0	0	0	0	0	0	0	0	0	0	0	0	0	0	0	0	0	0	0	0
hsa-miR-3909	0	0	0	0	0	0	0	0	0	0	0	2	0	0	0	0	0	0	0	0	0	0	0
hsa-miR-758-3p	49	37	54	20	39	54	38	32	47	30	33	25	29	44	36	34	71	57	38	68	60	56	69
hsa-miR-122b-5p	6	6	4	3	5	18	4	5	16	5	5	4	7	2	8	3	5	9	4	10	7	10	7
hsa-miR-6852-5p	0	3	2	0	0	0	0	2	0	0	2	0	0	0	2	0	0	0	0	2	2	0	4
hsa-miR-128-2-5p	17	24	15	11	13	9	9	9	27	2	7	16	2	4	6	7	25	17	24	33	25	20	26
hsa-miR-147b-3p	0	0	0	4	0	3	0	0	2	0	0	0	0	0	0	2	0	0	0	2	5	0	0
hsa-miR-764	4	0	0	3	0	3	4	4	4	4	2	2	4	2	3	4	3	2	5	2	0	0	3
hsa-miR-363-5p	0	0	0	0	0	0	0	2	2	0	0	0	0	2	0	0	0	0	2	0	0	2	0
hsa-miR-760	20961	24730	34870	22660	15291	17886	24336	16014	22636	16249	19788	24744	14517	16116	17972	18763	32329	36148	41369	29601	36475	22739	27219
hsa-miR-193b-3p	56	43	104	31	120	129	114	102	67	102	95	58	92	109	124	135	101	124	108	96	143	61	86
hsa-miR-218-2-3p	7	8	12	2	8	8	14	12	0	6	2	4	9	3	0	0	10	11	12	13	14	6	4
hsa-miR-939-5p	0	2	0	0	0	0	0	0	4	0	0	0	0	0	0	0	0	0	0	0	0	0	0
hsa-miR-1343-3p	212	278	184	154	131	153	266	130	211	129	126	113	82	161	124	122	291	99	218	251	249	241	165
hsa-miR-5193	0	0	0	0	0	0	0	0	0	0	3	0	0	0	0	0	0	0	0	0	0	0	0
hsa-miR-374a-3p	2	0	0	0	9	4	6	3	6	0	4	2	0	0	7	0	2	4	0	5	0	5	2
hsa-miR-146a-5p	2955	3753	4313	2293	4353	4829	5339	4475	3572	3593	4684	3216	3455	3760	4487	4176	4575	5542	4829	4694	5235	3629	4345
hsa-miR-20a-5p	249	272	109	56	454	521	305	339	913	238	284	133	588	346	296	270	202	197	118	254	204	377	309
hsa-miR-1297	0	2	0	0	0	0	0	0	2	1	0	2	0	1	0	2	2	0	0	0	1	1	2
hsa-miR-1294	0	0	0	0	0	2	0	0	32	0	0	0	5	0	0	0	0	0	0	2	0	3	0
hsa-miR-4433b-5p	2	5	2	2	0	0	0	3	3	0	5	5	0	0	2	2	6	3	6	10	2	0	4
hsa-miR-1291	12	12	38	13	22	21	30	16	19	20	29	15	12	13	25	20	23	15	36	23	28	16	15
hsa-miR-433-5p	0	0	0	0	0	0	0	0	0	0	0	0	0	0	0	0	0	2	2	0	0	0	0
hsa-miR-625-5p	3	0	0	0	0	0	0	0	0	0	0	0	0	0	0	0	0	0	0	4	0	0	2
hsa-miR-491-3p	0	0	0	0	0	3	0	0	0	0	0	0	0	0	0	0	2	0	0	0	0	0	0
hsa-miR-1908-5p	0	7	2	3	8	0	2	0	31	0	2	0	5	0	0	0	2	2	2	2	0	3	0
hsa-miR-32-5p	189	218	151	93	200	187	151	232	284	164	138	166	161	159	230	171	181	246	120	179	188	296	173
hsa-miR-487a-3p	7	10	13	2	17	18	7	16	11	10	10	4	4	11	6	10	8	7	5	7	10	8	17
hsa-let-7e-3p	144	181	82	48	116	168	166	106	133	89	89	104	72	115	105	99	110	89	86	135	108	157	126
hsa-miR-550a-3-5p	0	1	0	0	0	1	1	0	9	0	0	1	2	1	0	0	0	0	0	0	0	2	0
hsa-miR-2277-5p	0	0	0	0	0	0	0	0	0	0	0	3	0	0	0	0	0	0	0	0	0	0	0
hsa-miR-548j-5p	2	5	2	0	0	0	0	0	0	0	0	0	0	0	0	0	0	0	0	0	2	0	8
hsa-miR-3059-5p	2	2	0	4	2	2	0	0	0	2	1	0	0	0	0	3	3	2	2	2	1	4	3
hsa-miR-548o-3p	3	0	0	0	0	5	0	2	27	0	3	7	7	2	0	0	3	3	0	4	2	5	2
hsa-miR-124-3p	31788	42244	46736	27630	37398	47659	52246	38773	38495	36245	35627	36030	32033	36534	45138	38573	50229	53420	48011	47140	55098	43045	46137
hsa-miR-485-3p	3	0	3	0	0	3	0	4	2	0	0	0	0	0	0	0	2	0	0	4	3	4	0
hsa-miR-4742-3p	0	0	0	0	0	2	0	0	2	0	0	0	0	0	0	0	0	0	0	0	0	0	0
hsa-miR-503-5p	23	14	24	24	20	25	15	15	164	17	12	21	30	22	26	10	25	23	18	29	15	36	18
hsa-miR-1284	0	0	0	0	0	0	0	0	8	0	0	2	2	0	0	0	0	0	0	0	0	0	0
ebv-miR-BART13-5p	0	0	0	0	0	2	0	0	0	0	0	0	0	0	0	0	0	0	0	0	0	0	0
hsa-miR-196b-5p	0	0	0	0	2	4	0	0	5	0	0	0	3	0	0	0	0	0	0	0	0	2	0
hsa-miR-363-3p	523	560	550	329	492	770	695	595	2750	423	473	492	1198	558	521	516	591	590	531	610	697	598	537
hsa-miR-6765-5p	0	0	0	2	0	0	0	0	0	0	0	0	0	0	0	0	0	0	0	0	0	0	0
hsa-miR-451a	12514	15425	5851	1841	3975	36018	6577	12437	220839	5390	3746	7216	75331	14612	5124	4590	6749	8490	6504	11638	5736	9338	10896
hsa-miR-3187-3p	0	3	0	2	3	0	0	0	3	0	0	0	0	0	0	0	2	0	0	0	2	2	0
hsa-miR-514a-3p	17	19	19	7	20	27	27	25	22	15	13	9	19	21	18	19	23	35	17	34	24	20	27
hsa-miR-216b-5p	47	63	60	27	280	79	74	57	47	58	48	48	38	67	74	58	85	61	72	95	100	67	67
Hsa-Mir-599_5p	0	0	0	0	2	0	0	0	0	0	0	0	0	0	0	0	0	0	0	0	0	0	0
hsa-miR-146a-3p	0	0	0	0	0	0	0	0	0	0	0	0	0	0	0	0	2	0	0	4	0	0	0
hsa-miR-1278	0	0	0	0	0	0	0	0	0	0	0	0	0	0	0	0	0	0	0	2	0	0	0
hsa-miR-1251-5p	48	44	82	41	70	45	74	64	57	54	79	44	66	44	57	75	79	84	112	61	122	62	44
hsa-miR-378i	8	6	9	0	8	5	15	2	4	10	7	5	4	12	9	0	6	5	7	6	7	4	10
hsa-miR-378h	0	0	0	0	0	0	0	0	0	0	0	0	0	0	0	2	0	2	0	0	0	0	0
hsa-miR-4433b-3p	7	0	5	0	0	0	0	0	11	0	8	0	0	0	0	2	6	8	10	0	13	3	9
hsa-miR-378g	188	238	404	216	233	243	357	280	270	240	329	219	222	236	232	289	381	441	500	303	431	231	280
hsa-miR-378f	0	2	6	3	0	0	2	0	3	2	4	0	0	2	5	2	3	2	6	2	3	2	2
hsa-miR-378e	8	2	22	8	13	14	10	17	11	5	11	8	12	15	17	10	24	12	16	14	19	16	10
hsa-miR-1270	0	0	0	0	0	0	0	0	0	0	2	0	0	0	0	0	0	0	2	0	0	0	0
hsa-miR-378d	406	420	1029	477	394	542	808	704	626	515	650	384	468	502	515	561	867	624	1167	683	1025	626	488
hsa-miR-9983-3p	2	0	0	0	2	2	2	2	0	0	0	0	2	4	0	2	0	2	2	2	0	4	3
hsa-miR-378c	544	552	1362	676	613	713	1053	999	959	700	905	606	654	692	724	830	1214	921	1650	969	1415	850	727
hsa-miR-433-3p	36381	42855	51270	27801	26093	30448	41952	24444	36842	24911	29695	30489	19196	25444	27425	29823	53991	32613	57100	49694	58192	41653	40273
hsa-miR-378b	29	27	43	16	27	25	31	32	37	22	26	12	18	24	25	38	34	22	42	28	46	31	25
hsv1-miR-H15	0	0	0	0	0	0	2	0	0	0	0	0	0	0	0	0	0	0	0	0	0	0	0
hsa-miR-625-3p	13	29	2	10	11	18	0	0	44	0	9	2	15	4	2	0	21	10	2	2	2	6	0
hsa-miR-32-3p	0	4	0	0	0	0	2	0	2	0	0	2	0	0	0	0	0	2	0	2	2	3	2
hsa-miR-154-5p	214	267	241	142	329	405	297	299	220	267	265	217	254	239	334	298	205	285	205	199	220	213	277
hsa-miR-4772-5p	0	0	0	0	0	0	0	0	0	0	0	0	0	0	0	0	2	0	0	2	0	0	0
hsa-miR-548j-3p	0	0	0	0	0	0	0	2	0	0	0	0	0	2	0	0	0	0	0	0	0	0	0
hsa-miR-3059-3p	4	0	2	6	8	2	11	6	3	7	2	2	0	2	4	5	6	7	3	6	5	4	15
hsa-miR-125b-5p	37346	46845	42708	25373	19059	25102	31094	17765	39039	18765	16561	35903	14338	18162	20102	19443	47860	23967	38515	42293	46047	38924	37538
hsa-miR-4516	0	0	2	10	2	0	0	0	17	0	0	0	3	0	0	0	0	0	0	0	0	0	2
hsa-miR-21-5p	41277	50760	47957	31188	62564	64344	65692	68739	59197	50051	52425	36640	49781	52810	68066	53904	59112	60689	43296	61910	64371	61884	53862
hsa-miR-24-1-5p	57	68	43	22	92	64	74	40	63	52	34	56	33	49	71	82	47	65	42	73	54	82	80
hsa-miR-3688-3p	0	0	0	0	0	0	0	0	5	0	0	0	0	0	0	0	0	0	0	0	0	0	0
hsa-miR-4513	0	0	0	0	0	0	0	0	9	13	0	0	0	0	0	0	0	0	0	0	0	0	0
hsa-miR-1264	48	48	47	26	114	123	100	87	47	62	74	42	71	73	108	84	69	72	60	75	84	59	66
hsa-miR-1262	0	0	0	0	0	0	0	0	0	0	0	2	0	0	0	0	0	0	0	0	0	0	0
hsa-miR-1273h-3p	0	4	0	2	0	0	4	0	0	0	0	4	0	0	0	0	0	0	0	3	2	0	0
hsa-miR-4511	0	2	0	0	0	0	0	0	0	0	0	0	0	0	0	0	0	0	0	0	0	0	0
hsa-miR-4510	9	7	3	3	8	9	10	9	6	3	6	1	6	6	5	6	8	11	3	8	3	9	9
hsa-miR-224-5p	17	28	4	33	17	25	21	6	18	13	21	6	4	9	10	11	18	7	18	21	24	12	44
hsa-miR-196b-3p	0	0	0	0	0	0	0	0	0	0	0	0	3	0	0	0	0	0	0	0	0	0	0
hsa-miR-500b-5p	1	3	1	0	1	1	3	3	2	3	1	0	1	0	2	2	1	2	0	1	0	1	4
hsa-miR-6515-5p	0	0	0	0	2	0	0	0	0	0	0	0	0	0	0	0	0	2	0	0	0	0	0
hsa-miR-3124-5p	0	0	0	0	0	0	0	0	3	0	0	0	0	0	0	0	0	0	0	0	0	0	0
hsa-miR-23a-5p	0	5	0	0	5	3	2	3	2	0	0	5	0	3	0	4	2	6	13	0	4	3	5
hsa-miR-195-5p	160	216	124	75	294	279	243	213	178	219	163	125	198	235	240	206	223	244	108	257	211	272	246
hsa-miR-216b-3p	2	0	0	2	10	4	0	0	0	0	0	2	0	0	0	2	0	0	0	2	2	0	4
hsa-miR-218-5p	5255	6462	6099	2791	11565	11713	10225	10760	6877	7518	8778	5091	7764	9032	11336	9528	7172	14034	6532	9670	9311	10232	10764
hsa-miR-4508	33	53	69	39	8	30	35	17	206	25	25	52	48	26	21	21	50	45	96	57	65	59	42
hsa-miR-1258	0	0	0	0	0	0	0	0	0	0	0	0	0	0	0	0	0	2	0	0	0	0	0
hsa-miR-655-5p	0	0	0	0	0	0	2	0	0	0	0	0	0	0	0	0	0	0	0	0	0	0	0
hsa-miR-4504	0	0	0	0	0	0	0	0	2	0	0	0	0	0	0	0	0	0	0	0	0	0	0
hsa-miR-1251-3p	3	2	2	0	2	2	2	0	7	5	0	4	0	0	0	0	0	4	4	0	0	2	3
hsa-miR-1273c	0	0	0	0	0	0	0	0	7	0	0	0	0	0	0	0	0	0	0	0	0	2	2
hsa-miR-30a-5p	28362	31877	36406	21622	40090	42403	49956	36050	28742	32571	37497	25430	29209	36552	40318	37195	42243	53134	35290	44209	44114	35198	45383
hsa-miR-320a-5p	0	0	0	2	0	0	0	0	0	0	0	0	0	0	0	0	0	0	0	0	0	0	0
hsa-miR-154-3p	40	63	32	15	49	81	75	49	45	51	33	43	24	32	51	50	40	39	19	54	37	40	60
hsa-miR-5001-3p	2	0	0	0	0	0	0	0	2	0	0	0	0	0	0	0	0	0	0	0	0	0	0
hsa-miR-106b-5p	36	58	70	31	61	76	87	81	175	48	73	27	105	64	63	47	79	85	71	98	91	97	73
hsa-miR-4772-3p	0	2	0	0	0	0	0	2	0	0	0	0	0	0	0	0	0	0	0	0	0	0	0
hsa-miR-27b-5p	5	11	8	2	10	7	5	9	3	8	14	3	7	2	5	6	9	9	23	10	9	12	10
hsa-miR-548e-3p	2	2	0	3	0	4	2	2	16	0	2	5	6	3	0	2	2	5	3	2	7	7	2
hsa-miR-10395-3p	0	0	2	0	0	2	0	2	3	0	0	0	4	0	0	3	0	0	0	0	0	2	5
hsa-miR-1248	0	2	0	0	0	0	0	0	2	2	0	0	0	0	0	0	0	0	0	0	0	3	0
hsa-miR-199b-5p	28	26	27	10	41	77	67	61	43	42	44	38	35	49	58	39	45	44	37	71	55	41	66
hsa-miR-548n	0	0	0	0	0	0	0	0	2	0	0	0	0	0	0	0	3	0	0	2	0	0	0
hsa-miR-21-3p	19	19	56	58	30	19	32	28	49	20	44	31	25	17	6	20	42	41	20	30	26	32	43
hsa-miR-143-5p	36	35	75	26	74	71	92	57	45	80	62	45	41	66	78	72	52	50	79	77	85	60	51
hsa-miR-1246	4	17	16	132	238	2	11	6	31	21	158	25	0	7	4	12	12	220	13	11	13	5	56
hsa-miR-548l	0	0	0	0	0	0	0	0	0	0	0	0	0	0	0	0	0	0	0	0	2	0	0
hsa-miR-335-5p	591	806	607	489	800	633	740	857	699	606	712	500	642	757	849	623	802	1085	646	684	875	789	601
hsa-miR-548k	2	0	2	0	0	0	0	3	6	0	2	0	7	0	0	0	0	0	0	4	0	0	2
hsa-miR-224-3p	0	2	0	0	2	0	0	0	0	0	0	0	0	0	0	0	0	0	0	0	0	0	0
hsa-miR-411-5p	1349	1575	982	499	1904	2330	1810	1506	1244	1351	1334	1009	1296	1586	1961	1478	1373	2081	975	1649	1468	1999	1737
hsa-miR-517a-3p	0	0	0	0	0	0	0	0	0	0	0	0	0	0	0	0	0	0	0	0	0	0	1
hsa-miR-219b-5p	0	0	0	0	0	2	0	0	0	0	0	0	0	0	0	0	0	0	3	2	0	0	0
hsa-miR-34b-5p	5	3	9	1	10	5	9	2	0	7	8	5	3	4	13	3	4	5	5	7	11	5	4
hsa-miR-500b-3p	1	3	0	0	1	0	3	3	1	2	0	2	1	0	2	1	1	0	2	2	2	2	0
hsa-miR-208a-3p	0	0	0	0	0	0	0	0	0	0	0	0	2	0	0	0	0	0	0	0	0	0	0
hsa-miR-3677-3p	0	0	0	0	0	0	0	2	0	0	0	0	0	0	0	0	0	0	0	0	2	0	0
hsa-miR-23a-3p	3609	4412	2810	1840	5446	7758	5565	4347	3848	3873	4379	3957	3586	4326	5584	4631	3434	6510	2804	4227	4052	4476	4633
hsa-miR-137-5p	259	291	360	227	145	197	286	164	263	167	183	230	142	173	176	189	419	368	426	368	420	307	257
hsa-miR-4755-5p	0	0	0	0	0	0	0	0	0	0	0	0	0	0	0	0	2	0	0	0	0	0	0
hsa-miR-3200-3p	0	0	0	0	0	0	0	0	2	0	0	0	0	0	0	0	0	0	0	0	0	0	0
hsa-miR-329-5p	4	0	0	0	0	0	0	0	0	0	0	0	3	0	0	0	0	0	0	0	3	0	0
hsa-miR-382-5p	1739	2236	3366	1765	2102	2218	2958	2079	2190	2107	2368	1935	1772	2153	2365	2298	2918	4217	3408	2928	3638	2278	3148
hsa-miR-195-3p	77	85	59	51	117	112	108	58	67	73	61	39	58	93	112	99	64	136	72	117	85	83	109
hsa-miR-129-2-3p	917	1123	1205	717	1221	1329	1435	1170	908	1058	953	821	824	908	1246	1188	1119	983	1153	1036	1196	990	990
hsa-miR-766-5p	0	0	0	0	0	0	0	0	2	0	0	0	0	0	0	0	0	0	0	0	0	0	3
hsa-miR-1304-5p	2	0	0	0	0	0	0	0	11	0	0	2	0	0	0	0	0	0	0	0	0	0	0
hsa-miR-655-3p	151	172	129	34	406	402	288	316	163	210	261	112	273	260	359	255	144	180	110	182	173	248	189
hsa-miR-3934-5p	0	0	0	0	0	0	0	0	0	0	0	0	3	0	0	0	0	0	0	0	0	0	0
hsa-miR-30a-3p	539	663	684	327	646	852	808	659	672	580	613	508	489	674	788	690	772	876	618	830	905	834	824
hsa-miR-4446-3p	2	2	0	0	0	0	0	0	0	2	4	2	0	0	0	0	0	0	2	0	4	0	3
hsa-miR-452-5p	41	72	114	77	84	63	118	91	104	80	109	51	59	85	96	92	119	107	156	124	164	83	85
hsa-miR-6859-5p	0	0	0	0	0	0	0	0	0	0	0	0	0	0	0	0	0	0	0	0	0	2	0
hsa-miR-320a-3p	91498	103739	196836	129567	78144	74431	117390	87806	120377	80324	114774	104779	77300	73979	82483	92848	163616	161050	242747	140687	195169	100939	110570
hsa-miR-106b-3p	131	177	233	95	230	290	292	214	449	157	178	173	293	162	160	210	219	303	259	250	256	151	250
hsa-miR-27b-3p	27835	33186	26155	13588	47400	56901	48647	49853	34491	34622	34479	23164	33259	44742	54880	41287	35525	49906	25432	43276	42172	52973	38624
hsa-miR-4685-3p	0	0	0	0	0	0	0	0	3	0	0	0	6	0	0	0	0	0	0	0	0	0	0
hsa-miR-199b-3p	269	296	287	224	362	382	391	374	320	260	266	242	249	287	395	303	356	381	261	379	372	373	328
hsa-miR-138-1-3p	58	67	75	64	146	155	173	103	71	110	113	50	88	130	101	128	76	114	104	80	85	57	112
hsa-miR-330-5p	1151	1467	2286	1198	1191	1433	1994	1272	1441	1195	1336	1344	967	1218	1391	1445	2169	1893	2676	1949	2451	1478	1717
hsa-miR-143-3p	16172	20842	22923	8281	45613	43225	48173	36602	19614	32944	32402	13798	25079	36212	40188	39463	28211	37702	24547	36909	31151	32278	32102
hsa-miR-548ac	0	0	0	0	0	0	0	0	0	0	0	0	0	0	0	0	0	0	0	0	0	2	0
hsa-miR-335-3p	53	76	31	11	46	61	62	26	51	25	32	43	34	29	47	44	48	54	16	85	61	84	86
hsa-miR-548ab	0	0	0	0	0	0	0	0	2	0	0	0	0	0	0	0	0	0	0	0	0	0	0
hsa-miR-26a-5p	11152	12428	8017	4901	7851	9762	8853	7050	11012	6187	7638	8932	6021	7595	7662	6271	9820	12398	7179	11130	10043	12434	12815
hsa-miR-580-3p	0	0	0	0	0	0	0	0	0	0	0	0	0	0	0	0	0	0	0	0	3	0	0
hsa-miR-135b-5p	20	22	19	11	33	42	23	25	18	23	29	25	20	24	31	27	18	30	17	22	19	38	23
hsa-miR-411-3p	85	109	44	34	86	149	100	52	62	68	57	45	56	90	76	64	70	69	50	95	72	107	111
hsa-miR-219b-3p	0	2	2	2	0	0	3	0	2	0	0	0	2	0	0	0	0	0	4	0	0	0	0
hsa-miR-34b-3p	28	24	22	15	37	30	32	26	17	29	32	16	21	37	25	35	21	33	27	26	29	22	31
hsa-miR-3614-5p	0	0	3	0	0	0	0	0	0	0	0	0	0	0	0	0	0	0	0	0	0	0	0
hsa-miR-23c	0	0	1	0	0	1	0	1	0	0	0	0	0	0	0	0	0	0	0	0	0	0	0
hsa-miR-181b-5p	100082	110651	130169	79916	78375	95122	112024	87712	124965	77325	79072	115169	72200	80329	98488	85718	152198	139587	143386	144571	170691	136620	122166
hsa-miR-493-5p	4	5	0	0	4	0	0	2	4	0	19	0	0	0	0	3	2	3	4	0	2	0	3
hsa-miR-132-5p	910	1248	1444	731	983	1099	1340	826	1158	916	800	1145	727	908	975	962	1636	1374	1533	1551	1722	1368	1430
hsa-miR-324-5p	25	19	21	11	39	44	30	25	31	24	29	19	31	12	27	24	36	45	37	39	42	19	33
hsa-miR-137-3p	413	461	495	213	606	565	520	583	488	434	563	371	443	517	541	506	585	499	490	546	602	639	453
hsa-miR-877-5p	0	0	0	0	4	0	0	0	13	0	2	0	0	0	0	0	4	2	2	0	0	2	0
hsa-miR-329-3p	2022	2301	1938	1074	1303	1717	1655	1149	1996	1102	1073	1896	959	1090	1408	1306	2118	1365	1759	1904	2118	2110	2111
hsa-miR-382-3p	98	107	87	58	186	153	144	163	96	117	149	41	105	132	154	102	95	112	87	82	110	161	142
hsa-miR-708-5p	196	206	273	117	207	169	243	258	239	176	189	170	130	165	173	160	258	203	273	289	285	260	271
hsa-miR-574-3p	20	22	21	7	27	21	22	15	16	5	13	14	8	13	18	11	13	22	12	23	15	15	25
hsa-miR-766-3p	0	0	0	0	0	0	0	0	0	0	0	0	0	0	0	0	6	2	0	0	0	2	0
hsa-miR-1304-3p	0	0	2	0	0	0	0	0	4	0	0	0	0	0	0	0	2	2	3	4	0	0	0
hsa-miR-6807-5p	0	0	0	0	0	0	0	0	0	0	0	0	0	0	0	0	0	0	0	2	0	0	0
hsa-let-7g-5p	8561	8862	5353	2801	12425	14237	12381	12660	9905	9149	8758	5042	8580	10614	12600	10049	7911	13267	5642	11236	10169	13012	9185
hsa-miR-33a-5p	54	73	101	52	88	89	90	127	120	93	94	50	75	74	79	88	137	104	139	103	164	156	58
hsa-miR-4668-5p	0	0	0	0	0	0	0	0	2	0	0	0	0	0	0	0	0	0	0	0	0	0	0
hsa-miR-16-2-3p	115	160	35	10	62	250	54	99	1592	21	35	90	651	127	37	24	55	44	36	73	80	106	92
hsa-miR-126-5p	2914	3271	2105	1129	4277	5339	3837	3213	3022	2694	2846	2692	2710	3436	4609	3358	2775	3244	1915	3345	3489	3823	3570
hsa-miR-323a-5p	98	148	177	108	49	57	88	35	143	50	57	117	45	54	53	54	176	77	230	155	186	135	90
hsa-miR-19a-3p	41	62	56	30	83	77	65	70	176	48	69	41	103	58	52	52	63	48	53	67	76	74	41
hsa-miR-181a-2-3p	173	262	173	132	118	157	193	114	232	88	98	170	85	84	125	123	207	177	199	226	264	196	185
hsa-miR-3928-3p	0	0	4	0	0	0	0	0	0	0	0	0	0	0	0	0	0	0	2	0	0	0	0
hsa-miR-5100	7	8	6	4	4	3	10	0	8	4	0	2	4	3	9	2	7	4	16	3	19	7	3
hsa-miR-330-3p	3805	4463	5602	3078	3051	3303	4764	3077	4267	3047	3735	3688	2502	3141	2905	3295	5390	5707	6217	5556	6268	4571	5058
hsa-miR-592	79	118	83	49	143	137	121	140	109	87	111	76	121	136	158	119	125	110	101	137	114	139	110
hsa-miR-135a-2-3p	57	96	60	39	84	63	86	61	58	49	56	34	32	58	55	57	62	150	61	81	83	51	83
hsa-miR-135b-3p	7	0	0	2	2	0	5	3	6	0	0	2	3	3	2	0	0	5	7	9	6	4	6
hsa-miR-627-5p	0	0	0	0	0	0	0	0	0	0	0	0	0	0	0	0	2	0	0	0	0	0	0
hsa-miR-181b-3p	37	34	38	44	46	68	36	58	52	26	45	44	31	36	56	43	78	81	74	58	93	71	64
hsa-miR-493-3p	0	2	0	0	0	2	2	3	0	0	13	0	0	0	0	0	0	4	3	0	3	2	0
hsa-miR-132-3p	4420	5223	4522	2009	6447	7457	7295	5690	4487	5313	4935	4590	4630	5637	6413	5710	4744	6072	3775	5634	4893	5052	6510
hsa-miR-511-5p	3	8	11	2	2	0	6	7	7	3	8	8	3	3	2	2	3	5	2	11	6	6	14
hsa-miR-324-3p	197	245	412	177	227	229	364	216	238	192	209	230	194	197	213	257	350	289	472	369	381	225	326
hsa-miR-708-3p	2592	2928	4106	2253	2931	3188	4044	3827	3326	2922	3244	2787	2542	2964	3663	3451	4461	5843	5410	4369	5547	4083	3439
hsa-let-7b-5p	53723	64318	59719	35783	45629	58930	59937	37917	64868	37849	37952	57729	33475	40279	52675	47215	73935	96408	62346	83007	78143	70315	88629
hsa-let-7f-2-3p	104	105	97	36	195	153	171	229	118	130	147	64	108	163	191	161	123	156	80	125	137	173	155
hsa-let-7g-3p	25	39	35	36	28	31	27	38	43	37	23	35	22	22	32	33	46	59	48	46	41	28	43
hsa-miR-33a-3p	2	0	0	0	2	4	2	0	3	4	2	3	3	5	2	2	0	0	0	0	0	0	4
hsa-miR-126-3p	3247	4373	2773	1671	4433	5198	4741	3670	3796	2951	4375	2364	3318	4632	3657	3428	3826	4640	2638	4924	4354	3509	5178
hsa-miR-323a-3p	25257	27381	17837	11483	12815	17802	16492	11026	21667	10281	10081	21106	9197	12537	14218	11752	20386	17614	16221	21621	22492	25605	25003
hsa-miR-505-5p	52	100	36	9	14	34	28	7	54	14	20	39	13	28	18	20	58	26	45	65	44	55	72
hsa-miR-28-5p	67	92	86	43	76	87	91	74	106	61	76	55	49	94	93	78	112	100	83	140	123	99	113
hsa-miR-450a-5p	39	54	59	26	103	127	104	130	65	74	71	37	60	101	131	89	89	90	75	103	90	116	61
hsa-miR-942-5p	0	6	0	2	0	4	2	0	44	0	0	3	7	0	0	0	3	0	0	7	2	2	0
hsa-miR-200a-5p	10	4	15	11	21	10	7	6	4	9	25	8	2	7	4	5	6	21	10	5	6	13	10
hsa-miR-7977	12	10	6	7	4	9	6	2	4	3	0	5	2	2	2	7	12	2	16	12	14	12	6
hsa-miR-7976	2	4	0	0	0	5	3	0	53	0	2	3	11	0	0	0	2	3	0	0	0	2	2
hsa-miR-1-3p	64	92	26	30	286	110	111	144	74	94	78	37	62	89	98	70	91	138	69	99	66	125	68
hsa-miR-4738-3p	0	0	0	2	0	0	0	0	2	0	0	0	0	0	0	0	2	0	0	0	0	0	0
hsa-miR-3184-5p	0	0	0	0	0	0	0	0	2	0	0	0	0	0	0	0	0	0	0	0	0	2	0
hsa-miR-744-5p	3035	3815	4997	2702	3416	3926	5118	3282	3518	3274	3866	2963	2531	3578	3336	3639	4838	4713	5643	5538	5435	4137	4527
hsa-miR-29a-5p	2	0	8	2	0	4	0	2	2	0	0	0	0	0	0	0	0	0	0	0	0	0	2
hsa-miR-1911-5p	6	19	8	10	42	36	53	25	9	20	17	23	21	20	30	27	23	32	8	30	33	23	31
hsa-miR-365a-5p	2	4	7	6	0	8	3	0	7	0	3	0	2	0	4	2	5	10	17	7	11	4	9
hsa-miR-2116-3p	0	0	0	0	0	0	0	0	0	0	0	0	0	0	0	0	0	0	2	0	0	0	0
hsa-miR-6085	0	0	0	0	0	0	0	0	0	0	0	0	0	0	0	0	0	0	0	2	0	0	0
hsa-miR-1247-5p	0	5	5	3	0	6	5	3	0	9	0	6	0	3	2	4	0	3	7	10	9	0	4
hsa-let-7b-3p	803	930	513	330	716	946	849	573	713	611	513	734	551	607	802	684	599	811	540	709	756	788	933
hsa-miR-598-3p	0	3	0	0	2	3	0	0	12	0	0	0	2	0	0	0	0	0	0	2	0	2	0
hsa-miR-424-5p	60	55	52	42	51	66	59	84	116	48	63	53	50	55	64	39	76	45	46	71	81	85	53
hsa-miR-206	1279	1599	1754	744	1762	2059	2618	1490	1267	1444	1734	1079	1249	1538	2092	2009	2258	2549	2015	3004	2489	1741	2242
hsa-miR-2355-3p	3	2	0	0	3	0	2	2	4	0	3	2	0	2	0	0	2	2	0	2	2	0	2
hsa-miR-505-3p	64	93	55	25	110	130	119	125	74	76	89	60	81	94	107	114	66	123	60	56	75	77	105
hsa-miR-28-3p	666	842	757	451	825	889	959	645	742	592	750	741	571	744	813	778	858	1317	780	1117	1123	794	1148
hsa-miR-200a-3p	740	865	701	438	1459	1458	1316	960	627	801	1235	653	772	964	1292	1078	956	1284	802	1233	1133	934	1247
hsa-miR-450a-1-3p	0	0	2	0	0	2	0	0	0	3	0	0	0	0	0	5	0	0	0	0	0	0	0
hsa-miR-151b	17	23	28	17	25	27	27	21	30	23	21	18	14	28	23	26	33	26	29	22	29	26	20
hsa-miR-3679-5p	0	0	2	2	0	0	0	0	0	0	6	4	0	0	0	0	0	4	0	0	0	0	0
hsa-miR-17-5p	54	91	45	42	60	92	69	72	168	78	93	44	127	79	33	47	56	62	58	71	72	59	95
hsa-miR-744-3p	45	33	39	27	48	38	61	55	50	50	52	26	23	43	37	63	57	75	68	65	72	61	76
hsa-miR-29a-3p	9649	11327	11593	5941	12082	13803	14043	12368	12603	9812	11541	10612	9473	11557	12393	10468	14259	12000	12560	14455	16164	14822	13389
hsa-miR-197-5p	0	0	0	0	0	0	0	0	3	0	0	0	0	0	0	0	0	0	0	0	0	0	0
hsa-miR-103a-2-5p	0	0	0	0	0	2	2	0	3	5	0	0	2	0	2	0	0	0	0	0	0	0	2
hsa-miR-1911-3p	11	11	17	9	14	22	28	18	23	12	20	7	16	29	22	13	24	24	41	30	31	14	23
hsa-miR-181b-2-3p	9	3	7	5	14	0	10	5	4	2	3	3	2	2	2	5	8	20	9	5	18	2	4
hsa-miR-376b-5p	0	0	0	0	0	1	0	0	0	0	0	0	0	0	0	0	0	0	0	0	0	0	0
hsa-miR-541-5p	37	54	80	45	47	54	53	47	61	33	62	66	49	60	47	61	81	118	96	82	92	44	71
hsa-miR-3912-3p	0	0	0	0	4	0	0	2	6	0	0	0	4	2	0	0	0	0	0	0	0	0	0
hsa-miR-365a-3p	60	53	42	27	53	62	59	50	44	47	42	47	26	42	56	54	47	64	32	53	46	44	63
hsa-miR-6832-5p	0	0	0	0	0	0	0	0	0	0	0	0	0	0	0	0	0	2	0	0	0	0	0
hsa-miR-30c-5p	808	934	681	361	653	818	696	532	973	489	514	670	503	556	645	585	740	697	522	757	754	941	981
hsa-miR-29b-1-5p	2	0	0	0	0	0	0	2	0	0	0	0	0	0	0	0	0	0	0	4	0	0	2
hsa-miR-30c-1-3p	20	15	23	9	12	23	28	30	17	13	21	26	17	11	21	20	36	21	28	22	27	24	17
hsa-miR-301a-5p	19	31	20	11	56	47	38	25	27	23	34	20	28	29	39	36	19	26	23	32	29	33	35
hsa-miR-219a-2-3p	11384	12808	22767	11221	14564	15226	21729	17105	15180	14472	18618	11507	12212	15553	14512	16910	22047	21312	29072	21456	27071	17199	15561
hsa-miR-1247-3p	14	8	19	15	6	6	12	9	13	10	4	10	8	9	9	8	19	21	20	24	20	18	5
hsa-miR-6780b-5p	0	0	0	0	0	0	0	0	0	0	0	0	0	0	0	0	0	0	2	0	0	0	0
hsa-miR-424-3p	35	58	33	29	30	50	29	29	127	13	28	49	21	22	21	19	41	43	31	46	52	44	28
hsa-miR-6826-5p	0	0	0	0	0	0	0	0	0	0	0	0	0	0	0	0	0	0	0	0	2	0	0
hsa-miR-543	1341	1747	1327	670	1087	1165	1501	699	1527	813	903	1009	562	918	787	921	1601	964	1317	1913	1709	1763	1707
hsa-miR-145-5p	278	352	403	204	467	490	481	458	285	412	421	318	373	392	500	468	355	416	347	298	373	315	370
hsa-miR-664a-5p	4	7	0	7	4	2	2	3	25	0	4	5	2	0	0	0	11	11	3	9	6	3	5
hsa-miR-337-5p	101	108	101	58	61	72	76	86	93	71	66	89	72	63	57	78	108	111	137	85	144	108	83
hsa-miR-582-5p	11	6	12	3	18	22	11	17	7	21	20	5	9	8	17	9	8	15	9	15	22	12	11
hsa-miR-221-5p	113	106	114	45	163	183	189	156	110	144	124	88	105	157	127	123	146	143	116	167	139	148	162
hsa-miR-4689	0	0	0	0	0	0	0	0	0	0	2	0	0	0	0	0	0	0	0	0	0	0	0
hsa-miR-15b-5p	21	41	15	3	28	96	15	44	226	30	21	27	119	20	32	22	27	25	19	29	22	50	26
hsa-miR-4326	0	0	0	0	2	0	0	0	2	0	0	0	0	0	0	0	3	2	0	0	0	0	0
hsa-miR-4324	0	0	3	4	0	0	1	0	3	0	0	0	0	0	0	0	1	0	1	0	0	0	1
hsa-miR-4683	0	0	0	0	0	0	0	0	0	0	0	0	0	0	0	0	0	2	2	0	0	0	3
hsa-miR-1255a	0	0	0	0	0	0	0	0	0	0	0	0	0	0	0	0	0	2	0	0	0	0	2
hsa-miR-17-3p	2	4	2	2	3	0	2	0	7	2	4	0	4	2	3	4	2	4	5	11	12	4	3
hsa-miR-139-5p	2468	3208	2001	1183	3033	3816	3554	2309	2580	2129	2071	2165	1817	2469	2923	2587	2655	2727	2268	3110	3169	3201	3187
hsa-miR-151a-5p	61	59	65	32	87	93	95	60	77	64	54	52	60	57	75	81	87	71	72	70	84	77	77
hsa-miR-192-5p	341	470	646	288	817	706	620	1197	1238	418	1197	308	555	1171	389	394	417	578	504	749	737	713	1966
hsa-miR-197-3p	11	21	14	21	41	29	28	26	31	15	17	16	11	29	30	17	20	19	14	25	24	22	37
hsa-miR-1288-3p	0	0	2	0	0	0	0	0	0	0	0	0	0	0	0	0	0	0	0	0	0	0	0
hsa-miR-215-5p	4	25	15	20	12	21	9	60	16	13	15	8	16	42	9	7	11	19	10	41	37	43	28
hsa-miR-576-5p	0	6	0	0	0	0	2	0	23	0	0	0	6	0	0	0	0	0	0	0	0	0	0
hsa-miR-1306-5p	44	52	40	35	50	49	67	39	57	54	39	39	39	49	50	43	40	47	61	64	66	51	69
hsa-miR-376b-3p	0	0	0	2	0	0	0	0	0	0	0	0	0	2	0	0	0	2	6	0	0	4	0
hsa-miR-148b-5p	10	18	6	8	14	15	12	18	8	10	3	4	5	11	20	13	15	12	13	14	18	12	4
hsa-miR-541-3p	2	0	5	0	0	0	8	7	4	2	3	2	0	0	4	0	5	4	5	5	6	2	2
hsa-miR-186-5p	1261	1400	2088	1051	1869	1805	2419	1600	1856	1565	1885	1195	1442	1724	1522	1729	2454	1997	2146	2583	2374	1710	2328
hsa-miR-454-5p	0	0	0	0	0	0	0	2	5	0	0	5	6	0	0	0	0	0	0	0	0	3	5
hsa-miR-301a-3p	0	0	0	0	0	0	2	0	0	0	3	2	0	0	0	0	0	0	0	2	2	0	0
hsa-miR-203a-3p	108	150	117	110	121	145	186	130	111	90	125	59	81	138	159	138	157	162	106	146	7556	127	114
hsa-miR-140-5p	487	696	449	178	1163	1151	878	759	596	604	810	499	634	710	971	817	633	823	509	767	670	819	852
hsa-miR-145-3p	579	714	680	346	950	980	1004	938	690	714	830	571	668	885	939	840	850	886	751	1000	1026	996	799
hsa-miR-664a-3p	2	0	0	0	0	0	0	0	2	0	0	0	0	0	0	0	0	0	0	0	0	0	0
hsa-miR-885-5p	1740	1889	1207	570	1477	1851	1856	1444	1612	1365	971	1512	981	1315	1505	1279	1471	1504	994	1520	1441	1680	1676
hsa-miR-337-3p	38	54	36	2	47	60	41	29	32	34	40	34	22	39	43	36	35	44	14	30	36	69	43
hsa-miR-582-3p	0	3	9	0	0	5	5	14	0	0	4	16	0	2	5	0	9	21	7	8	2	3	0
hsa-miR-221-3p	9488	11270	12120	6617	13790	14965	16662	11916	10287	11332	11257	9888	10207	11062	14279	12750	13079	14483	11971	12286	13046	10918	12683
hsa-miR-6815-5p	0	0	0	0	0	0	0	0	3	0	0	0	0	0	0	0	0	0	0	2	0	0	0
hsa-miR-4669	0	0	0	0	0	2	0	0	7	0	0	0	0	0	0	0	0	0	0	0	0	0	0
hsa-miR-15b-3p	23	25	18	11	35	65	21	33	170	17	31	17	115	39	34	21	19	31	26	27	17	47	31
hsa-miR-4306	6	10	7	10	7	10	11	7	29	5	6	6	9	15	9	4	12	10	12	7	12	10	12
hsa-miR-495-5p	0	0	0	0	0	3	2	0	0	2	0	0	0	0	0	0	0	0	0	0	0	0	0
hsa-miR-134-5p	2077	2420	4525	2384	2274	2520	3520	2701	2570	2330	3264	2319	2201	2293	2641	2903	3723	4267	5214	3256	4513	2597	3015
hsa-miR-320e	96	132	246	153	89	83	130	94	163	87	112	113	86	82	79	89	167	175	275	133	208	104	108
hsa-miR-181d-5p	4327	4809	6948	4037	5079	5215	6581	6071	5626	4778	5044	4851	4370	4965	6127	5467	7785	8270	7385	7311	8660	6599	6109
hsa-miR-320d	822	1115	1978	1551	797	818	709	566	1252	463	732	1091	390	481	825	915	1774	1290	2042	1134	1822	1071	965
hsa-miR-320c	1629	1973	3596	2788	743	770	1247	863	2201	799	1233	1986	740	820	810	920	3000	2193	3808	2141	3153	1859	1828
hsa-miR-139-3p	950	1146	1627	1024	430	581	797	427	981	447	512	786	370	544	478	537	1683	839	1771	1502	1719	1027	1079
hsa-miR-1225-5p	2	2	4	6	2	0	0	0	0	0	0	0	0	0	0	0	0	2	0	0	2	0	0
hsa-miR-320b	5412	6430	11856	9075	3096	3040	4918	3306	7146	3296	5054	6703	2997	3178	3180	3658	10110	9492	13183	7332	10906	6214	6256
hsa-miR-151a-3p	11530	15306	16374	10350	13330	16182	21032	12325	12476	12165	13007	10251	10332	13961	14837	13896	18076	31939	16230	20509	19528	15251	18353
hsa-miR-1306-3p	129	150	260	125	131	137	214	124	169	131	159	169	122	124	131	172	279	238	315	237	301	145	231
hsa-let-7i-5p	69025	75133	80709	40959	94134	102569	118642	104401	81253	77675	84922	52873	72046	83860	99898	87282	103286	138061	79075	113058	100672	99479	104817
hsa-miR-652-3p	297	381	496	247	518	692	676	478	569	430	399	397	460	462	579	494	437	720	402	538	457	343	611
hsa-miR-148b-3p	3975	4878	3777	2173	5701	6517	6633	6124	5387	4684	4508	3514	5095	6097	6575	5205	4834	9777	3976	5916	5728	6033	5264
hsa-miR-1843	0	11	7	0	6	0	2	6	25	0	4	8	6	3	2	0	5	3	6	6	2	10	4
hsa-miR-4746-5p	0	0	0	2	0	0	0	0	5	0	0	0	0	0	0	0	0	0	0	0	0	0	0
hsa-miR-186-3p	0	0	3	2	5	7	3	8	11	7	6	0	0	2	4	0	10	3	15	12	6	2	5
hsa-miR-1277-3p	0	0	0	0	0	0	2	0	2	0	0	0	0	0	0	0	0	2	0	0	4	2	0
hsa-miR-204-5p	251	268	192	122	288	334	325	169	180	170	139	122	140	185	240	211	190	159	102	231	159	211	272
hsa-miR-4657	0	0	0	2	0	0	0	0	0	0	0	2	0	0	0	0	0	0	0	0	0	0	0
hsa-miR-4656	0	0	0	0	0	0	0	0	0	0	2	0	0	0	0	0	0	0	0	0	0	0	0
Hsa-Mir-9851_3p	14	19	19	14	11	18	22	12	24	15	14	17	16	12	24	16	34	25	30	20	20	17	20
hsa-miR-6740-5p	0	0	0	0	0	0	0	0	0	0	0	0	0	0	0	0	0	0	2	0	0	0	0
hsa-miR-130b-5p	13	23	21	7	7	10	14	0	15	5	7	14	9	4	5	4	17	9	14	25	28	21	18
hsa-miR-193a-5p	79	131	260	290	119	81	135	116	191	96	122	164	67	96	59	80	176	164	186	166	167	107	233
hsa-miR-18b-5p	1	0	1	1	0	0	0	1	3	0	0	2	0	0	0	0	1	1	0	0	2	0	1
hsa-miR-92a-3p	33813	36825	19888	13248	20150	25967	20371	15246	63661	13682	13609	24059	19578	16266	18760	14649	26210	24128	17812	28448	26764	33912	31946
hsa-miR-140-3p	7745	9424	12024	6067	12259	14276	15890	12592	13627	10501	12882	8181	10624	11322	12054	12919	12003	16072	14807	14240	15441	10489	13083
hsa-miR-6734-5p	0	0	0	0	0	0	0	0	7	0	0	0	0	0	0	0	0	0	0	0	0	0	0
hsa-miR-885-3p	336	463	474	278	285	390	413	244	342	250	249	270	200	235	326	314	521	523	438	499	501	403	543
hsa-miR-376a-2-5p	0	0	0	0	0	1	0	0	0	0	0	0	0	0	0	0	0	0	0	0	0	0	0
hsa-miR-1185-1-3p	0	2	3	0	0	0	0	3	2	0	4	0	0	2	0	0	2	0	4	0	4	0	0
hsa-miR-548ay-3p	0	0	0	0	0	0	0	0	2	0	0	0	0	0	0	0	0	0	0	0	0	0	0
hsa-miR-4676-3p	0	0	0	0	0	0	0	0	3	0	0	0	0	0	0	0	0	0	0	0	0	0	0
hsa-miR-490-5p	142	189	253	122	194	239	217	182	176	203	192	220	179	149	220	236	291	302	317	240	271	199	257
hsa-miR-629-5p	71	166	110	246	68	158	42	129	1477	35	121	307	547	82	25	55	164	376	124	133	117	168	85
hsa-miR-134-3p	0	0	0	0	0	2	0	0	0	0	0	0	0	0	0	0	2	0	0	0	0	0	2
hsa-miR-9985	37	35	25	22	39	61	60	51	38	35	28	25	30	53	60	43	42	51	28	45	63	69	40
hsa-miR-495-3p	780	1020	666	351	1718	1639	1527	1524	902	1193	1117	548	1024	1379	1454	1314	878	1129	657	1064	901	1221	913
hsa-miR-874-5p	0	5	2	0	0	2	3	2	0	2	0	0	2	0	2	0	2	0	10	0	3	0	5
hsa-miR-210-3p	165	179	365	185	270	221	267	234	321	178	249	190	164	199	194	194	259	285	475	304	407	202	287
hsa-miR-1301-3p	6	0	2	9	10	0	0	0	2	2	11	0	2	0	0	0	7	13	2	2	4	0	6
hsa-let-7d-5p	1253	1628	930	488	1448	1878	1616	1392	1757	1070	1100	850	1034	1242	1409	1137	1154	1476	774	1477	1176	1617	1558
hsa-miR-2113	47	46	69	45	79	69	83	46	46	40	58	38	56	63	62	83	57	107	99	93	84	55	71
hsa-let-7i-3p	556	589	704	479	463	496	632	547	779	474	495	589	520	427	556	467	741	846	858	698	994	725	652
hsa-miR-3605-5p	0	3	0	0	2	0	0	0	10	0	0	0	3	0	0	0	0	0	0	0	0	0	0
hsa-miR-4665-5p	0	0	0	0	0	0	2	0	0	0	0	0	0	0	0	0	0	0	0	3	0	0	0
hsa-miR-2110	9	16	12	18	9	4	3	0	91	0	2	13	30	7	0	3	11	15	7	5	11	9	14
hsa-miR-1827	0	0	0	0	0	0	0	0	0	0	0	0	0	0	0	0	0	0	0	0	0	1	0
hsa-miR-489-3p	0	0	0	0	0	0	0	0	0	0	0	0	0	2	0	0	0	0	0	0	0	0	0
hsa-miR-128-3p	197433	246432	150934	85958	136561	171476	184788	103710	202105	102972	106411	146823	85757	141059	123381	117530	206035	111645	153615	220814	213205	257111	208184
hsa-miR-676-5p	2	6	2	3	0	4	5	0	6	3	0	3	4	2	0	0	11	0	6	3	2	0	3
hsa-miR-378a-5p	16	23	19	13	22	23	24	21	19	9	14	21	18	13	18	20	18	30	17	34	22	8	14
hsa-miR-204-3p	1340	1664	2406	1501	1085	1355	1726	1153	1708	1177	1362	1711	1021	1113	1300	1367	2131	2294	2865	1752	2428	1479	1555
hsa-miR-128-1-5p	67	59	127	59	53	55	101	56	75	40	34	57	55	66	71	70	83	90	102	98	97	59	77
hsa-miR-130b-3p	56	62	71	78	56	37	40	35	87	20	89	50	30	38	44	35	86	123	72	46	86	47	45
hsa-miR-362-5p	0	0	2	0	0	2	2	0	0	0	4	0	0	0	2	0	0	0	6	2	0	0	0
hsa-miR-3186-5p	0	0	0	0	0	0	0	0	0	0	0	2	0	0	0	0	2	0	0	0	0	0	0
hsa-miR-29c-5p	40	54	68	27	54	48	85	52	48	53	50	41	41	44	50	65	65	59	44	58	59	46	52
hsa-miR-193a-3p	0	0	0	0	3	0	2	1	0	0	0	0	0	0	0	0	0	5	2	0	2	2	2
hsa-miR-218-1-3p	0	0	0	0	0	0	3	2	0	0	0	3	0	0	0	0	0	0	0	0	0	3	0
hsa-miR-18b-3p	0	0	0	0	0	0	0	0	2	0	0	0	0	0	0	0	0	0	2	0	3	0	0
hsa-miR-92a-1-5p	3	0	2	2	3	7	0	2	0	6	0	0	3	0	4	3	0	2	0	2	5	4	2
hsa-miR-3064-5p	6	5	13	2	6	8	9	7	7	4	7	6	6	9	14	13	9	14	7	6	12	5	8
hsa-miR-432-5p	10294	12459	10564	6091	9470	11565	11517	7555	10099	7274	8761	9693	6644	8867	10276	9315	12602	17866	10785	15643	14784	13627	16084
hsa-miR-624-5p	2	0	0	0	0	0	0	2	0	0	0	0	5	0	0	0	0	0	0	0	0	0	0
hsa-miR-6839-5p	0	0	0	0	0	0	0	0	0	0	0	0	0	0	0	0	0	2	0	0	0	0	0
hsa-miR-490-3p	272	334	630	288	446	378	712	420	280	404	423	259	277	391	357	488	595	369	690	592	637	334	492
hsa-miR-874-3p	655	848	1341	854	765	830	996	714	891	774	1007	934	701	674	700	807	1102	1220	2004	1313	1662	828	1101
hsa-miR-31-5p	7	7	12	8	10	13	7	9	12	4	6	4	8	6	4	7	18	14	3	16	83	9	9
hsa-miR-99b-5p	42329	48992	54547	32034	30398	37870	43579	28176	42047	27894	28484	44809	23232	27775	33457	32172	55220	48186	56561	55178	60946	46598	54164
hsa-miR-1249-5p	0	0	0	0	0	0	0	0	0	0	0	0	0	0	2	0	0	0	0	0	0	0	0
hsa-let-7d-3p	3685	4099	2670	1405	2505	3420	3207	2118	3517	2081	1779	3063	1923	2353	2636	2198	3215	2695	2441	3523	3319	3570	3101
hsa-miR-5703	0	0	2	0	0	0	0	0	2	0	0	0	0	0	0	0	0	0	2	0	0	0	0
hsa-miR-3605-3p	0	0	0	0	0	0	0	0	4	0	0	0	0	0	0	0	0	0	2	0	0	0	0
hsa-miR-10399-5p	0	0	0	0	2	0	0	0	0	0	0	0	2	0	0	0	0	0	0	0	0	0	0
hsa-miR-671-5p	40	50	113	88	49	41	76	65	66	49	71	71	58	43	47	53	121	98	180	112	91	78	71
hsa-miR-502-5p	0	0	0	0	0	0	0	4	0	0	0	0	0	0	0	2	0	4	0	0	0	0	0
hsa-miR-676-3p	1652	1892	1558	927	1696	2064	2201	1339	1527	1398	1381	1554	1295	1601	1688	1538	1825	2124	1592	1949	2101	1859	1859
hsa-miR-378a-3p	24840	27295	49262	26691	29275	30751	41526	34389	33775	28879	37893	27315	25575	28082	31008	34062	46149	49555	57383	40000	51969	34049	35010
hsa-miR-25-5p	17	16	23	12	12	9	18	7	41	9	17	11	9	10	4	16	20	26	36	24	20	19	10
hsa-miR-6775-3p	0	0	0	0	0	0	0	0	2	0	0	0	0	0	0	0	0	0	0	0	0	0	0
hsa-miR-1296-5p	482	542	478	274	568	645	532	431	498	435	502	575	425	451	577	472	510	767	531	599	618	588	716
hsa-miR-200c-3p	3	25	3	25	36	14	9	5	12	9	20	5	7	10	0	4	4	8	8	8	3	7	18
hsa-miR-589-5p	5	7	3	8	7	10	7	0	56	3	8	16	22	3	4	2	9	18	8	10	2	2	7
hsa-miR-196a-5p	0	0	0	0	2	0	0	0	0	0	3	0	0	0	0	0	0	2	0	0	0	2	0
hsa-miR-642a-3p	2	0	2	4	0	0	0	0	0	0	4	0	0	0	0	0	0	8	0	4	4	0	4
hsa-miR-362-3p	0	2	0	0	0	4	0	0	0	0	5	0	0	0	2	0	0	0	0	0	0	0	0
hsa-miR-8072	0	0	0	0	0	0	0	0	0	0	0	0	0	0	0	0	0	0	0	2	0	0	0
hsa-miR-29c-3p	449	482	594	271	636	627	624	672	628	513	565	484	546	542	623	484	686	604	666	659	760	632	596
hsa-miR-216a-5p	10	15	18	13	157	18	26	22	26	17	27	9	4	20	28	28	31	6	18	28	20	16	24
hsa-miR-125b-2-3p	6405	7060	9314	5357	7702	8450	10647	7693	6975	6971	7609	6545	5777	7041	8238	8031	9671	12317	9849	9498	11092	7661	9046
hsa-miR-4724-5p	0	0	0	0	0	0	0	0	0	0	2	0	0	0	0	0	0	0	0	0	0	0	0
Hsa-Mir-6529_5p	14385	17371	22532	12600	8609	10663	15061	8843	16663	9118	11214	14729	7617	9464	10001	10541	22477	15744	27972	21336	26273	18839	18193
hsa-miR-1250-5p	0	0	0	0	2	0	0	0	0	0	3	0	0	0	0	0	0	0	0	0	0	0	0
hsa-miR-4800-5p	2	0	0	0	3	0	0	0	4	0	0	0	0	0	0	0	2	0	0	0	0	0	0
hsa-miR-3064-3p	0	0	0	0	0	0	0	0	0	0	0	2	0	0	0	0	0	0	0	0	0	0	0
hsa-miR-384	22	27	13	7	35	25	14	43	17	28	32	14	16	31	24	15	20	35	21	22	14	40	19
hsa-miR-432-3p	3	2	3	9	4	6	3	5	5	3	0	0	0	0	2	2	5	7	3	6	3	3	4
hsa-miR-30e-5p	20052	22177	26636	13908	31064	29546	34685	27198	25923	24292	27901	18797	24552	26535	28860	26340	30280	30141	27571	30565	31875	25142	28004
hsa-miR-3140-3p	0	0	0	0	0	0	0	0	0	0	0	0	0	0	0	0	0	0	0	2	0	0	0
hsa-miR-31-3p	0	0	0	0	0	2	0	0	0	0	0	0	0	0	0	0	0	0	0	0	0	0	0
hsa-miR-153-5p	0	0	0	0	0	0	0	0	0	0	0	0	0	0	0	2	0	0	0	2	0	0	0
hsa-miR-345-5p	7	18	13	36	110	28	10	19	144	11	89	32	28	25	7	15	35	52	11	17	6	26	24
hsa-miR-99b-3p	848	1092	1488	741	1137	1276	1614	1099	1034	1009	1119	999	822	1059	1146	1251	1559	1802	1681	1555	1674	1186	1317
hsa-miR-1249-3p	47	58	75	29	81	66	66	56	56	62	32	38	33	48	59	49	86	57	51	43	35	52	54
hsa-miR-11401	0	0	0	0	0	0	0	0	0	0	0	0	0	0	0	0	0	0	0	0	0	0	2
hsa-miR-11400	2	11	0	2	6	14	2	9	11	0	7	0	2	0	0	3	5	14	5	11	8	5	8
hsa-miR-7110-5p	0	0	0	0	0	0	0	0	0	0	0	0	0	0	0	0	0	0	0	2	0	0	0
hsa-miR-125a-5p	4148	4963	3601	2001	3445	3791	4476	2587	4507	2581	2478	2926	2080	3176	2695	2867	4757	1989	3292	5385	4494	4910	4755
hsa-miR-10399-3p	2	0	2	0	0	0	2	0	0	0	0	0	2	0	0	0	3	0	0	4	0	0	0
hsa-miR-671-3p	28	26	21	26	10	21	14	7	27	6	9	35	4	14	8	6	38	16	35	54	41	26	25
hsa-miR-133b	3	1	4	1	5	0	1	2	4	1	0	1	1	1	2	1	2	2	1	1	2	0	4
hsa-miR-103a-3p	2130	2468	2609	1565	2343	2595	2630	2473	4559	1933	2508	1972	2344	1997	2214	1962	2841	2548	2654	2585	2932	2707	2330
hsa-miR-502-3p	1059	1285	1556	805	1433	1603	1956	1495	1245	1264	1420	981	1072	1293	1608	1448	1673	1772	1858	1553	1937	1412	1333
hsa-miR-25-3p	2391	3046	2319	1248	2406	3608	2972	2138	11649	1860	1877	2186	4213	2484	2093	2126	2573	3554	2235	2911	2650	3010	3221
hsa-miR-339-5p	256	325	318	190	319	376	348	297	280	258	308	297	233	282	348	289	300	386	380	348	353	286	332
hsa-miR-584-5p	37	74	18	28	19	82	25	44	485	14	36	29	100	29	11	16	55	43	22	78	58	58	42
hsa-miR-223-5p	37	105	50	63	50	240	75	156	102	46	64	273	50	55	63	74	126	260	58	177	62	123	78
hsa-miR-1296-3p	2	4	10	0	2	0	7	6	4	3	3	2	0	2	0	0	6	2	6	4	7	4	0
hsa-miR-196a-3p	0	0	0	0	0	0	0	0	0	0	0	0	0	0	0	0	0	0	2	0	0	2	0
hsa-miR-1180-3p	7	17	0	30	63	16	4	5	209	7	29	8	42	6	0	0	6	28	8	11	8	11	6
hsa-miR-500a-5p	1	6	1	0	3	1	7	3	4	3	1	5	1	4	2	2	1	5	0	3	0	1	6
hsa-miR-660-5p	3601	3800	3678	1813	4747	5305	4981	3955	3952	3281	3526	3818	3436	3536	4957	3987	4283	5179	3302	4166	4229	4301	4751
hsa-miR-194-5p	58	96	75	42	96	129	111	116	205	69	111	61	104	148	82	79	74	123	67	96	75	83	177
hsa-miR-216a-3p	0	2	2	2	72	3	2	0	0	0	2	5	2	3	2	2	0	5	0	2	3	3	0
hsa-miR-217-5p	51	73	81	39	768	86	99	78	78	82	96	43	67	76	104	67	73	93	59	91	124	62	66
hsa-miR-409-5p	146	212	236	119	176	203	230	173	201	157	208	179	162	186	213	202	219	301	219	210	287	208	229
hsa-miR-101-5p	6	2	3	6	4	3	2	3	0	4	4	0	2	2	0	2	5	5	0	2	2	0	2
hsa-miR-654-5p	0	0	3	0	0	2	0	0	0	0	6	0	0	0	0	0	0	3	0	0	0	0	2
hsa-miR-188-5p	115	146	153	100	138	103	146	133	141	114	104	132	117	80	137	125	173	189	190	169	204	145	175
hsa-miR-30e-3p	230	260	180	97	280	362	337	317	275	235	212	213	212	296	312	276	235	442	188	320	311	335	385
hsa-miR-6715b-3p	0	0	0	2	0	0	0	0	0	0	0	0	0	0	0	0	4	0	0	0	0	0	0
hsa-miR-449a	72	75	75	28	95	101	114	93	82	86	77	61	56	76	101	98	106	88	74	107	123	89	95
hsa-miR-340-5p	4334	5212	4176	2716	7149	6674	7659	8279	4449	5458	5244	2673	5046	6530	7309	5695	6200	6474	3844	7278	6651	7118	4858
hsa-miR-153-3p	43	49	47	15	51	48	47	67	35	29	24	23	36	47	52	45	42	45	19	39	55	58	45
hsa-miR-532-5p	14933	16221	20398	10247	26631	26407	30750	27459	18343	21607	26023	13557	20709	22696	27110	26252	23726	32750	24771	25814	28718	22818	21031
hsa-miR-106a-5p	10	8	6	3	12	11	10	10	37	5	8	3	18	16	2	9	11	2	4	3	8	10	8
hsa-miR-27a-5p	5	10	6	5	6	6	0	0	7	0	2	2	4	0	0	0	10	7	4	13	13	0	9
hsa-miR-10b-5p	2043	2311	1479	1139	2717	1775	2136	1401	1663	1271	1977	1402	1093	1622	1450	1349	1928	2704	1303	2104	1949	2177	2142
hsa-miR-6511b-3p	0	0	0	0	0	0	0	0	0	0	0	0	0	0	0	0	0	0	0	0	0	0	2
hsa-miR-125a-3p	1613	1960	2361	1711	1269	1490	1610	1080	1749	1163	1420	1854	1047	1149	1454	1414	2234	3091	2559	2003	2556	1905	2238
hsa-miR-199a-5p	118	148	104	74	83	145	137	93	105	78	125	79	75	86	84	75	162	135	115	180	155	102	154
hsa-miR-3682-3p	0	0	0	0	0	0	0	0	4	0	0	0	0	0	0	0	0	0	0	0	0	0	0
hsa-miR-142-5p	260	356	170	153	212	563	290	403	1033	205	270	334	499	334	257	220	268	429	158	376	317	338	298
hsa-miR-339-3p	1169	1583	2292	1302	1434	1404	2059	1293	1700	1432	1595	1317	1072	1243	1315	1489	2086	1710	2967	2024	2531	1648	1782
hsa-miR-410-5p	31	35	66	27	38	36	47	37	38	38	50	33	20	38	57	32	83	51	64	62	76	45	39
hsa-miR-223-3p	59	158	37	47	40	140	41	90	141	43	103	153	30	33	35	37	84	111	31	106	57	58	121
hsa-miR-219a-5p	640	766	1260	742	683	578	1029	1244	1108	781	830	574	745	866	738	674	1358	824	1355	1199	1737	1197	756
hsa-miR-34a-5p	38	48	47	26	58	89	69	47	64	47	55	47	49	58	57	43	58	60	38	60	57	64	78
hsa-miR-500a-3p	558	646	865	472	714	754	895	772	754	661	696	567	572	635	765	700	861	1026	965	719	947	715	689
hsa-miR-660-3p	3	8	4	5	3	7	14	14	17	5	4	3	5	3	8	2	6	8	7	5	11	4	5
hsa-miR-497-5p	242	265	439	208	273	241	376	435	331	299	319	222	276	273	304	287	447	273	444	378	509	353	262
hsa-miR-136-5p	126	153	280	129	266	204	336	303	168	198	245	124	179	180	242	274	336	232	357	286	378	195	197
hsa-miR-328-5p	0	0	0	0	0	0	0	3	5	2	0	0	2	0	0	0	4	2	4	6	0	2	0
hsa-miR-381-5p	4	21	19	3	12	19	18	15	16	14	17	18	8	10	14	16	23	12	24	23	15	23	22
hsa-miR-129-1-3p	372	453	395	224	444	572	596	426	332	432	342	345	308	368	454	433	433	401	383	369	448	351	384
hsa-miR-449c-5p	0	0	0	0	2	0	0	0	0	0	0	0	0	0	0	0	0	0	0	0	0	0	0
hsa-miR-212-5p	340	409	389	156	330	389	453	290	356	286	309	297	210	318	330	294	485	404	484	557	512	453	531
hsa-miR-4497	33	42	112	56	46	69	76	63	56	43	53	60	65	61	53	82	75	67	139	109	119	83	47
hsa-miR-96-5p	7	5	6	0	18	16	0	13	101	3	2	2	30	9	0	3	2	4	8	7	4	3	6
hsa-miR-409-3p	781	1063	1218	641	532	632	931	547	809	546	576	656	341	599	534	601	1245	647	1304	1234	1345	927	969
hsa-miR-101-3p	38240	39518	50353	28335	48674	45815	58577	76082	59018	45675	44825	28294	45374	47699	54918	44295	67602	59400	47296	68619	71644	65820	42639
hsa-miR-4492	36	58	116	100	40	52	53	52	89	47	49	113	43	36	56	50	103	74	167	105	93	77	63
hsa-miR-654-3p	3	14	8	3	0	6	3	6	0	0	19	0	3	2	2	0	4	6	0	0	0	4	8
hsa-miR-299-5p	2	0	0	0	3	2	0	0	0	0	3	0	0	2	0	0	0	0	0	0	0	0	0
hsa-miR-183-5p	45	56	27	26	168	92	46	51	245	45	98	25	99	58	39	53	59	74	33	48	51	60	63
hsa-miR-346	76	68	65	38	65	75	90	70	78	65	59	63	46	57	46	50	75	64	92	75	96	71	96
hsa-miR-188-3p	2	2	2	0	2	2	0	0	0	0	0	0	0	0	2	5	0	2	2	3	3	4	5
hsa-miR-4690-3p	0	0	0	0	0	0	0	0	0	0	0	0	0	0	0	0	0	0	2	0	0	0	0
hsa-miR-340-3p	11	9	10	5	5	12	14	3	8	2	5	4	2	7	5	3	7	5	0	13	2	2	5
hsa-miR-532-3p	107	167	200	94	105	140	148	122	180	141	96	114	106	109	116	138	188	161	188	170	160	136	129
hsa-miR-27a-3p	1969	2789	1672	1070	3418	4771	3035	3574	3072	2075	2747	2629	2257	2875	3658	2707	2469	3420	1550	3046	2735	3549	2611
hsa-miR-4489	0	0	0	0	0	0	0	0	5	0	0	0	0	0	0	0	0	0	2	0	0	0	0
hsa-miR-4488	0	0	0	8	4	0	0	0	4	0	0	0	0	0	0	0	0	2	0	0	0	0	2
hsa-miR-10b-3p	12	19	22	20	18	17	17	8	9	8	31	14	5	6	9	11	18	15	21	18	18	16	16
hsa-miR-369-5p	0	2	0	0	0	0	0	0	0	0	0	0	0	0	0	0	0	0	0	0	0	0	0
hsa-miR-4484	0	0	3	0	0	0	0	0	0	0	0	0	0	0	0	0	0	0	0	0	0	0	0
hsa-miR-199a-3p	539	591	575	448	724	764	781	748	639	521	531	483	498	574	789	607	711	761	521	757	744	746	656
hsa-miR-374b-5p	41	48	19	9	58	70	51	38	54	25	31	23	41	36	57	28	41	50	5	44	45	55	64
hsa-miR-142-3p	26	41	54	23	28	35	34	30	63	22	74	47	21	29	16	20	48	25	28	33	55	26	40
hsa-miR-663b	0	2	4	2	3	4	8	2	3	0	4	6	0	3	6	4	5	4	12	7	3	0	2
hsa-miR-26a-2-3p	2	0	3	0	2	4	4	0	4	0	2	5	0	4	9	3	3	6	2	4	0	3	0
hsa-miR-3158-3p	0	3	0	0	0	10	3	4	42	0	0	4	9	3	0	3	2	2	4	4	6	3	3
hsa-miR-5187-5p	0	0	0	0	0	0	0	0	0	2	0	0	0	0	0	0	0	0	0	0	0	0	0
hsa-miR-135a-5p	34	39	29	11	72	57	46	58	35	35	34	24	34	62	57	32	49	41	12	43	23	45	51
hsa-miR-410-3p	7131	8609	6410	4450	7972	9658	8475	7167	7259	6466	6345	7359	6226	6519	9302	7041	7211	9652	6057	7090	7915	8545	8285
hsa-miR-34a-3p	0	0	0	0	0	4	0	0	4	0	0	0	0	0	0	3	2	0	0	0	2	0	0
hsa-miR-3613-5p	20	23	16	9	29	37	26	34	47	17	18	16	24	16	34	22	28	23	7	25	15	32	23
hsa-miR-181a-5p	104300	122728	161956	95386	81350	94886	136292	91884	127804	90659	83754	127123	74091	83249	95429	91644	176549	135391	173833	161733	186637	123606	137457
hsa-miR-497-3p	0	0	0	0	0	0	0	0	0	0	0	0	0	0	0	2	0	0	0	0	2	0	0
hsa-miR-136-3p	4890	5298	5145	2306	7706	7915	7767	7889	5389	5514	6823	4127	5793	6656	8179	6662	6114	8490	5701	6582	7514	7452	5650
hsa-miR-876-5p	4	11	23	14	11	2	13	22	6	11	19	19	8	10	12	9	30	16	29	44	28	23	16
hsa-miR-328-3p	4188	4607	4047	2680	3669	4085	4204	2987	4341	2807	3084	5012	3345	3029	3309	3527	4159	3450	6376	6614	6550	4018	4872
hsa-miR-381-3p	8346	10119	13037	4435	30689	27710	29363	24674	12502	19483	23399	10256	18699	21606	23756	26567	15937	16676	19407	23012	21335	17352	22248
Hsa-Mir-3085_3p	12	12	19	5	18	22	17	11	10	10	23	19	11	12	15	19	16	28	13	15	18	16	21
hsa-miR-4479	0	0	0	0	0	0	0	0	2	0	0	0	0	0	0	0	0	0	0	0	0	0	0
hsa-miR-212-3p	385	399	300	208	327	387	363	260	322	236	269	303	231	232	264	256	258	403	233	320	290	337	574
hsa-miR-487b-5p	33	35	47	18	31	20	40	21	29	21	13	29	24	27	26	26	46	20	28	40	58	44	30
hsa-let-7f-5p	2412	2730	1024	666	2714	3064	2406	2564	2654	1806	1733	1136	1831	2370	2462	1678	1651	3191	762	2355	1809	3118	2250
hsa-miR-6503-3p	0	0	0	0	0	0	0	0	0	0	0	0	0	0	0	2	0	0	0	0	0	0	0
hsa-miR-4470	0	0	0	0	0	0	0	0	3	0	0	0	0	0	0	0	0	0	0	0	0	0	0
hsa-miR-16-1-3p	2	0	2	0	0	2	0	0	0	3	0	0	0	0	0	0	0	0	3	2	0	0	0
hsa-miR-486-5p	3950	4587	1616	1179	776	6112	1374	1553	64508	887	729	2822	20580	2852	610	704	1799	1966	2088	3636	3178	3970	3087
hsa-miR-299-3p	1241	1174	1908	848	1294	1410	1884	1773	1480	1452	1465	1257	1174	1255	1311	1257	1996	1819	2291	2015	2286	1678	1772
hsa-miR-4743-5p	0	0	0	0	2	0	0	0	0	0	0	0	0	0	0	0	0	0	0	0	0	0	0
hsa-miR-370-5p	66	59	88	35	43	46	81	54	64	63	42	59	41	39	48	43	82	56	93	97	82	78	91
hsa-miR-509-5p	0	0	0	0	0	0	0	0	0	0	0	2	2	0	0	0	0	0	0	0	0	0	0
hsa-miR-326	3413	3696	6167	3552	2320	2963	3824	3391	4360	2863	2707	4441	2489	2615	2932	2753	5640	4818	6343	4561	6086	4045	5457
hsa-miR-375-3p	230	339	349	780	13903	318	344	241	635	261	4565	207	165	265	245	310	358	740	434	445	428	312	585
hsa-miR-556-5p	0	0	0	0	0	0	0	0	0	0	2	0	0	0	0	0	0	0	0	0	0	0	0
hsa-miR-4467	0	0	0	0	0	2	0	0	2	0	0	0	0	0	0	0	0	0	0	0	0	0	0
hsa-miR-369-3p	0	0	3	0	0	0	0	0	0	0	2	0	0	0	0	0	0	0	0	2	2	0	0
hsa-miR-1269a	0	0	0	2	0	0	0	0	0	0	0	0	0	0	0	0	0	4	0	0	0	0	0
hsa-miR-374b-3p	0	0	0	0	3	0	0	0	0	0	0	0	0	2	2	3	0	0	0	2	0	0	0
hsa-miR-20b-5p	14	23	13	7	43	51	33	41	122	21	29	14	89	39	25	29	14	18	24	17	22	28	33
hsa-miR-146b-5p	181	293	215	123	248	254	268	247	230	152	272	202	132	211	117	123	237	318	192	319	300	214	441
hsa-miR-135a-3p	10	13	16	6	8	11	21	14	5	2	18	11	8	8	21	18	24	23	0	25	17	11	14
hsa-miR-3613-3p	19	8	5	3	8	6	7	5	3	10	3	11	5	8	6	6	11	8	17	9	9	6	20
hsa-miR-10401-3p	0	0	0	0	0	0	0	0	0	0	0	0	0	0	0	0	0	2	0	0	0	0	0
hsa-miR-2115-5p	2	2	0	2	0	0	0	0	2	0	0	4	0	0	0	0	0	0	0	0	0	0	0
hsa-miR-519d-3p	0	0	0	0	0	0	0	2	0	0	0	0	0	0	0	0	0	0	0	0	0	0	0
hsa-miR-181a-3p	359	437	668	382	343	466	636	437	462	396	431	446	337	365	446	455	677	520	741	578	744	509	506
hsa-miR-6894-5p	0	0	0	0	0	0	0	0	0	0	0	0	0	0	0	0	0	0	0	0	2	0	0
hsa-miR-876-3p	26	22	23	8	30	25	27	39	28	29	16	7	20	37	22	21	23	19	25	35	49	38	18
hsa-miR-7706	0	0	0	0	6	0	2	0	11	0	0	0	3	0	0	0	0	0	0	0	0	2	5
hsa-miR-487b-3p	145	198	155	85	259	363	275	211	157	223	206	154	186	215	298	223	183	190	134	176	160	226	174
hsa-let-7a-5p	5080	6008	2486	1636	4877	6515	5404	4380	5612	3429	3231	3034	3478	4748	5107	3465	3963	7056	1971	5163	3925	6610	5877
hsa-let-7f-1-3p	66	60	28	28	103	152	96	86	82	90	64	69	67	68	74	82	52	78	36	82	83	84	76
hsa-miR-7705	0	0	0	0	0	0	0	0	0	0	2	0	0	0	0	0	0	0	0	0	0	0	0
hsa-miR-7704	15	22	39	20	2	9	18	10	36	7	12	30	7	8	10	8	29	15	35	36	28	30	12
hsa-miR-4454	0	0	0	0	0	0	0	0	0	0	0	0	0	0	2	0	4	0	0	0	0	0	0
hsa-miR-486-3p	13	12	4	3	2	22	0	3	161	0	0	9	36	4	0	2	5	0	6	10	5	18	10
hsa-miR-504-5p	2	0	0	0	0	0	0	0	0	0	0	0	0	0	0	0	2	0	0	0	0	0	0
hsa-miR-370-3p	426	479	898	383	434	464	594	468	525	430	489	482	357	415	454	461	808	834	1076	844	886	593	667
hsa-miR-665	7	2	10	0	2	0	3	0	3	2	2	2	2	0	5	4	3	4	3	9	5	4	6
hsa-miR-1298-5p	1060	1195	1780	852	1292	1377	1702	1440	1333	1249	1342	1279	1047	1218	1322	1409	1941	2334	2173	1872	2117	1485	1796
hsa-miR-300	1	2	0	0	1	2	0	0	0	0	0	2	1	2	2	0	1	1	0	1	0	0	1
hsa-miR-4732-5p	2	14	3	0	0	15	0	5	130	2	0	3	28	3	0	0	2	0	2	2	0	3	6
hsa-miR-551a	0	0	0	0	0	0	0	0	0	0	0	0	0	0	0	0	0	0	0	0	0	0	2
hsa-miR-4448	4	0	0	2	0	0	0	0	3	0	4	3	2	0	3	2	2	0	0	0	3	0	0
hsa-miR-5090	0	0	0	0	0	0	0	0	0	0	0	0	0	0	0	0	0	0	0	0	3	0	0
hsa-miR-1197	105	106	65	38	202	188	147	155	99	120	106	80	108	141	184	131	98	173	63	118	123	159	121
hsa-miR-514b-3p	6	0	8	0	2	0	0	4	2	0	1	1	2	0	3	9	3	2	3	1	10	1	2
hsa-miR-4443	11	17	17	15	2	0	11	2	21	10	4	23	8	19	0	6	26	7	23	17	22	21	12
hsa-miR-1910-5p	0	2	0	0	0	0	0	0	0	0	0	0	0	0	0	0	0	0	0	0	0	0	0
hsa-miR-20b-3p	0	0	0	0	0	0	0	0	0	0	0	0	2	0	0	0	0	0	0	0	0	0	0
hsa-miR-146b-3p	0	0	3	2	2	0	0	0	0	0	2	0	0	0	2	2	2	0	2	0	4	2	2
hsa-miR-302a-5p	4	2	10	3	11	11	7	9	6	7	8	7	11	10	8	9	12	10	13	15	7	8	11
hsa-miR-658	0	0	0	2	0	0	0	0	0	0	0	0	0	0	0	2	0	0	0	0	0	0	0
hsa-miR-2115-3p	0	2	0	0	0	0	2	0	2	0	0	0	0	0	0	0	4	2	0	0	0	2	0
hsa-miR-510-3p	222	255	442	246	211	272	307	289	246	244	268	235	203	221	251	277	379	544	543	353	488	325	276
hsa-miR-155-5p	79	102	74	28	74	73	82	63	62	53	77	81	55	64	61	55	59	149	49	100	75	81	138
hsa-miR-6801-3p	0	0	0	0	0	0	0	0	2	0	0	0	0	0	0	0	0	0	0	0	0	0	0
hsa-let-7a-3p	595	577	299	124	694	682	534	590	717	401	458	373	479	509	590	478	499	495	294	718	630	998	547
hsa-miR-539-5p	12	19	17	2	19	20	25	11	9	14	7	10	6	12	16	13	13	27	15	14	16	16	24
hsa-miR-423-5p	33154	39097	50995	35668	16673	20610	28332	17838	60004	17584	27663	34893	23095	19410	19233	21010	48019	45514	65228	43301	54462	35712	33280
hsa-miR-22-5p	626	735	767	510	766	840	865	932	907	740	717	679	686	689	846	774	957	1174	972	804	1095	944	776
hsa-miR-24-2-5p	88	91	36	42	71	77	82	37	57	42	60	54	30	64	60	54	64	84	60	99	124	76	80
hsa-miR-6772-3p	0	0	0	0	0	0	0	0	0	0	0	0	0	0	0	0	2	0	0	0	0	0	0
hsa-miR-149-5p	98	133	131	87	107	135	149	113	103	91	94	94	76	98	64	83	155	88	140	146	124	119	102
hsa-miR-1298-3p	46	75	107	66	91	89	142	105	85	106	122	52	61	96	91	136	138	129	129	143	137	87	122
hsa-miR-1976	0	0	0	0	0	0	0	0	3	0	0	0	0	0	0	0	0	0	0	0	0	0	0
hsa-miR-1973	0	0	0	0	0	0	0	0	0	0	0	0	0	0	0	0	0	0	0	2	0	0	0
hsa-miR-6877-5p	0	0	0	0	0	0	0	0	4	0	0	0	0	0	0	0	0	0	0	0	0	0	0
hsa-miR-6516-5p	2	0	2	0	0	2	2	6	4	2	0	4	0	0	2	3	3	0	6	0	4	2	4
hsa-miR-4732-3p	0	2	0	0	0	0	0	0	42	0	0	0	4	0	0	0	0	0	0	0	0	3	2
hsa-miR-23b-5p	98	115	113	90	38	59	80	48	110	34	44	100	40	31	53	45	139	72	135	117	143	127	123
hsa-miR-16-5p	3690	4327	4054	1967	5658	6502	5942	5072	6346	4145	4105	3847	4908	4504	5483	4798	5214	4905	4029	5944	5573	5138	6212
hsa-miR-4429	20	19	26	36	17	11	15	19	26	28	29	21	16	17	15	19	31	50	46	16	47	15	12
hsa-miR-4426	0	0	0	0	0	0	0	0	0	0	0	0	0	0	0	0	2	0	0	0	0	0	0
hsa-miR-1287-5p	0	0	0	2	4	4	0	0	8	0	2	0	4	0	0	0	3	4	0	4	0	0	0
hsa-miR-4785	3	0	0	2	3	2	0	0	3	2	2	0	0	0	0	2	0	0	4	0	3	0	0
hsa-miR-6842-3p	0	0	0	0	0	0	0	0	3	0	0	0	0	0	0	0	4	0	0	0	0	0	2
hsa-miR-4421	0	0	0	0	12	0	0	0	0	0	0	0	0	0	0	0	0	0	0	0	0	0	0
hsa-miR-656-5p	7	3	9	0	5	6	8	13	8	8	13	4	4	6	7	8	14	6	13	11	6	11	5
hsa-miR-376a-5p	0	0	0	0	3	4	2	0	2	4	4	4	2	2	2	4	2	9	2	8	0	0	2
hsa-miR-545-3p	0	0	0	0	0	0	0	0	2	0	2	0	0	0	0	0	0	0	0	0	0	0	0
hsa-miR-3177-3p	0	0	0	0	0	0	0	0	3	0	0	0	0	0	0	0	2	0	0	0	0	0	0
hsa-miR-30b-5p	66	90	70	48	106	139	84	101	102	93	92	61	67	113	112	86	63	99	50	81	67	95	121
hsa-miR-6720-3p	0	0	0	0	2	0	0	0	0	0	0	0	0	0	0	0	0	0	0	0	0	0	0
hsa-miR-219a-1-3p	2	0	0	0	0	0	0	0	0	0	0	0	0	0	0	0	0	0	0	0	0	0	0
hsa-miR-150-5p	79	89	53	42	53	63	76	71	43	47	48	110	61	58	53	41	67	56	52	76	69	53	90
hsa-miR-342-5p	5	9	2	0	7	10	2	5	30	0	4	11	2	5	0	2	8	4	5	8	12	6	9
hsa-miR-539-3p	66	68	70	36	117	96	114	171	80	102	78	39	89	107	112	101	101	74	64	71	114	147	65
hsa-miR-423-3p	4450	5225	5102	3576	4703	4896	6131	3764	5343	3816	4443	4286	3374	3881	3969	4324	5600	4834	5748	5443	6086	4752	4696
hsa-miR-615-3p	24	16	10	29	24	9	11	3	27	14	14	12	5	8	5	9	15	9	9	14	15	12	9
hsa-miR-22-3p	111926	130930	212908	129798	113740	110756	156205	129346	152387	114053	135598	137863	110237	108334	126702	127304	201268	167951	256290	163770	229896	136593	136113
hsa-miR-144-5p	23	18	9	13	15	17	22	12	45	18	21	18	30	17	22	5	11	13	3	5	25	30	18
hsa-miR-149-3p	2	6	8	3	0	3	5	0	7	0	0	2	2	0	2	3	4	2	5	5	4	5	0
hsa-miR-889-5p	0	2	0	0	2	2	0	0	3	0	0	0	4	0	0	0	0	0	0	0	0	4	4
hsa-miR-412-5p	0	0	0	0	2	0	0	0	0	0	0	0	0	0	0	0	0	0	0	0	0	0	0
hsa-miR-15a-5p	77	106	80	56	69	100	88	79	323	52	86	60	183	83	75	54	114	90	76	100	86	102	65
hsa-miR-517b-3p	0	0	0	0	0	0	0	0	0	0	0	0	0	0	0	0	0	0	0	0	0	0	1
hsa-miR-34c-5p	1219	1076	1315	611	2391	2199	2723	2449	1213	1861	2024	875	1745	2102	2365	2195	1682	2037	1861	2511	2375	1804	1395
hsa-miR-9851-3p	14	19	19	14	11	18	22	12	24	15	14	17	16	12	24	16	34	25	30	20	20	17	20
hsa-miR-3120-5p	0	2	3	0	0	0	0	0	0	0	0	0	0	0	0	0	0	0	0	0	2	0	0
hsa-miR-6516-3p	14	16	6	7	15	12	27	7	12	15	16	3	17	9	16	20	7	21	11	23	17	18	10
hsa-miR-208b-3p	0	0	0	0	3	2	0	0	0	2	2	4	2	0	0	0	0	0	4	2	0	2	2
hsa-miR-23b-3p	748	919	756	488	1719	2469	1714	1424	993	1235	1435	911	1156	1385	1704	1445	879	2291	743	1035	1042	1127	1357
hsa-miR-138-5p	1882	2112	4226	2217	1876	2180	3145	2858	3162	2261	2567	2613	2024	2157	2369	2249	4300	3523	4921	3161	4601	3157	2551
hsa-miR-191-5p	2921	3693	3766	2158	2698	3117	3173	2468	4213	2062	2672	2716	2011	2224	2250	2235	3762	3904	3330	3686	3507	3402	3948
hsa-miR-184	11	38	22	11	178	9	33	66	26	88	64	8	16	9	38	25	95	22	102	11	19	22	10
hsa-miR-383-5p	5	0	9	4	3	7	11	5	7	6	12	2	6	5	2	6	11	7	14	31	8	3	11
