name	SRX387062	SRX387063	SRX387064
hsa-miR-22-3p	790036	447223	9995	1247254.0
hsa-miR-486-5p	444376	215475	260741	920592.0
hsa-miR-191-5p	688771	148033	2748	839552.0
hsa-miR-142-5p	270508	438571	552	709631.0
hsa-miR-126-5p	322243	110712	277	433232.0
hsa-miR-26a-5p	398856	18695	563	418114.34
hsa-let-7i-5p	120703	157138	1190	279030.5
hsa-miR-92a-3p	213738	29670	14983	258391.0
hsa-miR-181a-5p	153405	67622	3773	224800.0
hsa-miR-21-5p	196011	8897	332	205240.0
hsa-miR-151a-3p	140992	44233	421	185646.0
hsa-miR-127-3p	84019	96104	510	180633.0
hsa-miR-221-3p	94109	73298	232	167639.0
hsa-miR-103a-3p	126264	38399	943	165606.0
hsa-let-7a-5p	114894	37442	548	152884.34
hsa-let-7f-5p	124510	14687	341	139538.0
hsa-miR-30d-5p	110421	10197	682	121300.0
hsa-miR-16-5p	106516	2554	913	109983.0
hsa-miR-451a	81943	4628	3106	89677.0
hsa-miR-148a-3p	77737	9007	141	86885.0
hsa-miR-320a-3p	27067	56753	1866	85685.46
hsa-miR-423-5p	26595	37333	20474	84402.0
hsa-miR-143-3p	77112	5088	189	82389.0
hsa-miR-26b-5p	74086	3264	83	77432.67
hsa-miR-28-3p	44362	30922	293	75577.0
hsa-miR-30e-5p	67596	3413	323	71332.0
hsa-miR-151a-5p	58885	10209	246	69339.5
hsa-let-7g-5p	54949	6938	155	62041.43
hsa-miR-148b-3p	45906	12807	72	58785.0
hsa-miR-146a-5p	51349	5580	127	57055.0
hsa-miR-27b-3p	46839	8190	204	55232.67
hsa-miR-126-3p	42669	7705	67	50441.0
hsa-miR-25-3p	42230	4575	1133	47938.0
hsa-miR-199a-3p	41007	5986	55	47046.82000000001
hsa-miR-409-3p	30241	16344	143	46728.0
hsa-miR-140-3p	33850	11840	287	45977.0
hsa-miR-186-5p	33416	6061	256	39733.0
hsa-miR-142-3p	31841	6079	31	37951.0
hsa-let-7b-5p	24215	9412	2267	35893.899999999994
hsa-miR-425-5p	29350	5135	277	34762.0
hsa-miR-223-3p	29867	1007	51	30925.0
hsa-miR-101-3p	29694	859	166	30719.0
hsa-miR-93-5p	24587	3906	282	28775.0
hsa-miR-21-3p	19643	8289	47	27979.0
hsa-miR-378a-3p	8715	17820	404	26938.92
hsa-let-7d-5p	21524	5150	224	26897.5
hsa-miR-423-3p	19029	6201	1309	26539.0
hsa-miR-199b-3p	20369	2976	27	23372.160000000003
hsa-miR-1307-5p	20317	1893	132	22342.0
hsa-miR-130a-3p	19841	1866	54	21761.0
hsa-miR-10a-5p	18216	644	91	18950.5
hsa-miR-98-5p	14644	3867	35	18546.75
hsa-miR-192-5p	15418	2047	480	17945.0
hsa-miR-19b-3p	13999	724	52	14775.68
hsa-miR-107	11008	3159	338	14505.0
hsa-miR-744-5p	7268	6318	617	14203.0
hsa-miR-222-3p	9567	4511	43	14121.0
hsa-miR-146b-5p	12834	698	27	13558.0
hsa-miR-410-3p	11933	1089	15	13037.0
hsa-miR-30b-5p	9434	3432	17	12882.34
hsa-miR-769-5p	4987	7399	37	12423.0
hsa-miR-99b-5p	10726	1108	47	11881.0
hsa-miR-182-5p	10675	545	78	11298.0
hsa-miR-381-3p	10198	1043	18	11259.0
hsa-miR-652-3p	6929	4252	74	11255.0
hsa-miR-134-5p	3752	7077	43	10872.0
hsa-miR-23a-3p	9652	988	39	10678.5
hsa-miR-30c-5p	7804	2797	46	10647.68
hsa-miR-15a-5p	9128	337	258	9723.0
hsa-miR-584-5p	8391	1194	103	9688.0
hsa-miR-1307-3p	4478	5006	162	9646.0
hsa-miR-654-3p	9340	250	13	9603.0
hsa-miR-106b-3p	5898	2939	231	9068.0
hsa-miR-30e-3p	6184	2843	10	9036.5
hsa-miR-199a-5p	7472	1288	5	8765.34
hsa-miR-130b-3p	6422	1814	62	8298.0
hsa-miR-431-5p	6278	1667	14	7959.0
hsa-miR-484	6297	725	559	7581.0
hsa-miR-340-5p	7372	104	5	7481.0
hsa-miR-301a-3p	7033	365	15	7413.0
hsa-miR-27a-3p	6802	356	24	7181.67
hsa-miR-411-5p	6846	227	10	7083.0
hsa-miR-181c-5p	5704	834	32	6570.0
hsa-miR-23b-3p	5612	849	25	6485.5
hsa-miR-125a-5p	5055	615	51	5721.0
hsa-miR-28-5p	4333	1089	22	5444.0
hsa-miR-144-3p	4684	209	111	5004.0
hsa-miR-136-3p	4572	314	6	4892.0
hsa-let-7e-5p	4121	693	12	4826.25
hsa-miR-30a-5p	4364	391	71	4826.0
hsa-miR-339-3p	3502	1274	40	4816.0
hsa-miR-181b-5p	3296	1313	129	4738.0
hsa-miR-432-5p	3420	1219	65	4704.0
hsa-miR-17-5p	4283	382	20	4685.17
hsa-let-7d-3p	2529	1803	105	4437.0
hsa-miR-326	3557	799	55	4411.0
hsa-miR-19a-3p	4173	81	11	4264.34
hsa-miR-6852-5p	2257	1740	24	4021.0
hsa-miR-374b-5p	3940	18	2	3960.0
hsa-miR-20a-5p	3898	55	0	3953.17
hsa-miR-15b-5p	3347	551	11	3909.0
hsa-miR-24-3p	3462	399	9	3870.0
hsa-miR-181a-2-3p	2906	893	10	3809.0
hsa-miR-941	2224	1524	49	3796.95
hsa-miR-223-5p	1351	2157	0	3508.0
hsa-miR-363-3p	2996	333	116	3445.0
hsa-miR-10b-5p	2501	633	239	3372.5
hsa-miR-11400	2979	290	4	3273.0
hsa-miR-17-3p	1641	1576	15	3232.0
hsa-miR-339-5p	2480	728	8	3216.0
hsa-miR-181c-3p	2476	629	7	3112.0
hsa-miR-185-3p	1860	1149	13	3022.0
hsa-miR-1260b	2297	567	19	2882.5
hsa-miR-181d-5p	1844	910	22	2776.0
hsa-miR-328-3p	1986	698	71	2755.0
hsa-miR-758-3p	1957	713	4	2674.0
hsa-miR-487b-3p	1992	584	8	2584.0
hsa-miR-29a-3p	2482	53	12	2547.0
hsa-let-7c-5p	746	1730	33	2509.3199999999997
hsa-miR-532-5p	1939	489	78	2506.0
hsa-miR-320b	449	1774	250	2473.2400000000002
hsa-miR-210-3p	1057	1309	55	2421.0
hsa-miR-500a-3p	1475	906	5	2386.0
hsa-miR-181a-3p	1340	961	15	2316.0
hsa-miR-128-3p	2095	165	22	2282.0
hsa-miR-766-3p	1808	392	15	2215.0
hsa-miR-4433b-5p	1581	565	22	2168.0
hsa-miR-374a-3p	1641	406	0	2047.0
hsa-miR-382-5p	1433	607	3	2043.0
hsa-miR-148a-5p	1108	898	10	2016.0
hsa-miR-345-5p	1562	324	35	1921.0
hsa-miR-3615	1240	521	149	1910.0
hsa-miR-376c-3p	1564	332	0	1896.0
hsa-miR-16-2-3p	931	867	96	1894.0
hsa-miR-335-5p	1789	77	0	1866.0
hsa-miR-152-3p	1465	394	0	1859.0
hsa-miR-4446-3p	1391	408	56	1855.0
hsa-miR-454-3p	1826	16	4	1846.0
hsa-miR-370-3p	1358	486	2	1846.0
hsa-miR-421	1749	89	6	1844.0
hsa-miR-323b-3p	1570	257	7	1834.0
hsa-miR-106b-5p	1714	55	26	1795.0
hsa-miR-148b-5p	1530	127	0	1657.0
hsa-miR-301b-3p	1540	111	2	1653.0
hsa-miR-331-3p	1385	212	12	1609.0
hsa-miR-185-5p	1210	369	13	1592.0
hsa-miR-127-5p	665	927	0	1592.0
hsa-miR-151b	1301	253	13	1566.5
hsa-miR-548k	1083	467	0	1550.0
hsa-miR-493-3p	1141	405	2	1548.0
hsa-miR-889-3p	1494	23	0	1517.0
hsa-miR-493-5p	1365	55	0	1420.0
hsa-miR-1260a	1156	251	7	1413.5
hsa-miR-24-2-5p	1110	271	0	1381.0
hsa-miR-660-5p	1132	230	14	1376.0
hsa-miR-1273h-3p	875	457	30	1362.0
hsa-miR-671-3p	1026	296	18	1340.0
hsa-miR-433-3p	1046	270	5	1321.0
hsa-miR-877-5p	728	478	89	1295.0
hsa-miR-197-3p	884	337	63	1284.0
hsa-miR-374a-5p	1261	9	0	1270.0
hsa-miR-338-3p	1034	212	0	1246.0
hsa-miR-155-5p	1092	72	6	1170.0
hsa-miR-342-3p	847	237	40	1124.0
hsa-miR-486-3p	505	399	210	1114.0
hsa-miR-139-5p	843	266	2	1111.0
hsa-miR-324-5p	783	295	8	1086.0
hsa-miR-92b-3p	796	173	110	1079.0
hsa-miR-29c-3p	1046	28	4	1078.0
hsa-miR-190a-5p	1025	41	2	1068.0
hsa-miR-589-5p	753	287	11	1051.0
hsa-miR-145-5p	951	92	5	1048.0
hsa-miR-12136	339	561	135	1035.0
hsa-miR-425-3p	830	188	2	1020.0
hsa-miR-150-5p	555	103	353	1011.0
hsa-miR-361-5p	970	14	4	988.0
hsa-miR-30d-3p	872	94	0	966.0
hsa-miR-625-5p	612	345	2	959.0
hsa-miR-221-5p	807	152	0	959.0
hsa-miR-485-5p	409	483	19	911.0
hsa-miR-4433b-3p	204	679	6	889.0
hsa-miR-1843	725	153	8	886.0
hsa-miR-377-5p	337	486	2	825.0
hsa-miR-335-3p	769	49	0	818.0
hsa-let-7a-3p	362	452	0	814.0
hsa-miR-1301-3p	597	207	0	804.0
hsa-miR-361-3p	679	113	5	797.0
hsa-miR-18a-5p	771	25	0	796.0
hsa-miR-144-5p	694	66	28	788.0
hsa-miR-574-3p	646	108	5	759.0
hsa-miR-431-3p	539	219	0	758.0
hsa-miR-33a-5p	670	78	0	748.0
hsa-miR-330-3p	499	244	0	743.0
hsa-miR-376b-3p	406	327	0	733.3299999999999
hsa-miR-15b-3p	499	218	5	722.0
hsa-miR-324-3p	501	209	10	720.0
hsa-miR-369-3p	713	5	0	718.0
hsa-miR-136-5p	670	40	0	710.0
hsa-miR-376a-3p	548	158	0	705.66
hsa-miR-485-3p	543	153	7	703.0
hsa-miR-378c	266	430	7	702.9200000000001
hsa-miR-146b-3p	426	227	9	662.0
hsa-miR-505-3p	490	163	5	658.0
hsa-miR-1908-5p	551	88	5	644.0
hsa-miR-654-5p	384	243	11	638.0
hsa-miR-30c-1-3p	405	227	4	636.0
hsa-miR-29b-3p	626	6	0	632.0
hsa-miR-133a-3p	278	332	4	614.0
hsa-miR-362-5p	521	78	0	599.0
hsa-miR-26b-3p	554	35	3	592.0
hsa-miR-323a-3p	433	129	2	564.0
hsa-miR-377-3p	520	37	0	557.0
hsa-let-7f-2-3p	364	183	0	547.0
hsa-miR-1304-3p	489	53	2	544.0
hsa-miR-140-5p	522	16	0	538.0
hsa-miR-194-5p	502	24	2	528.0
hsa-miR-191-3p	401	117	2	520.0
hsa-miR-7977	443	64	12	519.0
hsa-miR-338-5p	450	65	0	515.0
hsa-miR-196b-5p	450	65	0	515.0
hsa-miR-497-5p	432	47	2	481.0
hsa-miR-1185-1-3p	376	102	0	477.5
hsa-miR-10399-3p	410	60	0	470.0
hsa-miR-183-5p	442	22	4	468.0
hsa-miR-501-3p	313	143	7	463.0
hsa-miR-2355-5p	438	25	0	463.0
hsa-miR-494-3p	431	23	0	454.0
hsa-miR-379-5p	410	44	0	454.0
hsa-miR-224-5p	368	79	0	447.0
hsa-miR-154-5p	375	49	0	424.0
hsa-miR-27b-5p	215	178	0	393.0
hsa-miR-122-5p	145	62	184	391.0
hsa-miR-376a-5p	358	21	0	379.0
hsa-miR-99a-5p	209	157	6	372.0
hsa-miR-10399-5p	355	17	0	372.0
hsa-miR-130b-5p	273	96	0	369.0
hsa-miR-98-3p	206	155	0	361.0
hsa-miR-874-3p	207	126	14	347.0
hsa-miR-22-5p	287	52	2	341.0
hsa-miR-125b-5p	212	113	5	330.0
hsa-miR-1468-5p	264	60	3	327.0
hsa-miR-215-5p	277	32	17	326.0
hsa-miR-33b-5p	223	90	4	317.0
hsa-miR-664a-5p	285	32	0	317.0
hsa-miR-1296-5p	264	47	0	311.0
hsa-miR-93-3p	210	86	8	304.0
hsa-miR-539-5p	274	24	0	298.0
hsa-miR-299-3p	260	34	0	294.0
hsa-miR-369-5p	270	20	0	290.0
hsa-miR-5189-5p	172	112	0	284.0
hsa-miR-598-3p	268	12	4	284.0
hsa-miR-7706	146	115	22	283.0
hsa-miR-629-5p	200	72	9	281.0
hsa-miR-548o-3p	253	23	0	276.0
hsa-miR-199b-5p	251	19	0	269.66999999999996
hsa-miR-3120-3p	198	65	0	263.0
hsa-miR-628-3p	231	23	2	256.0
hsa-miR-6842-3p	170	84	2	256.0
hsa-miR-29c-5p	227	28	0	255.0
hsa-miR-454-5p	245	8	0	253.0
hsa-miR-203a-3p	223	13	10	246.0
hsa-miR-100-5p	176	63	3	242.0
hsa-miR-548e-3p	213	27	0	240.0
hsa-miR-1185-5p	207	33	0	240.0
hsa-miR-3677-3p	97	138	4	239.0
hsa-let-7b-3p	72	150	2	224.0
hsa-miR-99b-3p	196	28	0	224.0
hsa-miR-590-3p	220	0	0	220.0
hsa-miR-548e-5p	185	34	0	219.0
hsa-miR-452-5p	86	130	0	216.0
hsa-miR-375-3p	93	20	103	216.0
hsa-miR-340-3p	209	6	0	215.0
hsa-miR-548j-5p	133	64	0	197.0
hsa-miR-487a-3p	167	24	0	191.0
hsa-miR-7849-3p	151	37	0	188.0
hsa-miR-30a-3p	134	52	2	187.5
hsa-miR-550a-3p	131	31	25	187.17000000000002
hsa-miR-128-1-5p	112	68	2	182.0
hsa-miR-942-5p	165	15	0	180.0
hsa-miR-132-3p	154	22	0	176.0
hsa-miR-329-3p	158	17	0	175.0
hsa-miR-4732-3p	28	18	127	173.0
hsa-miR-331-5p	106	59	6	171.0
hsa-miR-320c	58	105	4	167.59
hsa-miR-4523	77	88	0	165.0
hsa-miR-337-3p	163	2	0	165.0
hsa-miR-424-5p	151	11	2	164.0
hsa-miR-409-5p	120	41	0	161.0
hsa-miR-337-5p	157	2	0	159.0
hsa-miR-744-3p	150	8	0	158.0
hsa-miR-374b-3p	145	13	0	158.0
hsa-miR-20b-5p	149	6	2	156.67
hsa-miR-4785	102	53	0	155.0
hsa-miR-378d	68	84	2	153.17000000000002
hsa-let-7i-3p	124	29	0	153.0
hsa-miR-25-5p	55	81	15	151.0
hsa-let-7f-1-3p	55	95	0	150.0
hsa-miR-342-5p	63	44	42	149.0
hsa-miR-4746-5p	118	27	2	147.0
hsa-miR-103a-2-5p	126	20	0	146.0
hsa-miR-502-3p	96	50	0	146.0
hsa-miR-330-5p	132	11	2	145.0
hsa-miR-4286	104	40	0	144.0
hsa-miR-543	105	37	0	142.0
hsa-miR-589-3p	120	22	0	142.0
hsa-miR-652-5p	129	11	0	140.0
hsa-miR-2110	83	45	9	137.0
hsa-miR-145-3p	130	3	0	133.0
hsa-miR-760	71	56	5	132.0
hsa-miR-3613-5p	130	2	0	132.0
hsa-miR-382-3p	117	14	0	131.0
hsa-miR-23a-5p	125	3	2	130.0
hsa-miR-641	113	16	0	129.0
hsa-miR-190b-5p	71	57	0	128.0
hsa-miR-146a-3p	93	30	0	123.0
hsa-miR-4435	112	8	0	120.0
hsa-miR-539-3p	115	5	0	120.0
hsa-miR-18a-3p	97	19	3	119.0
hsa-miR-1197	117	2	0	119.0
hsa-miR-495-3p	110	7	0	117.0
hsa-miR-1287-5p	66	47	3	116.0
hsa-miR-10527-5p	76	35	3	114.0
hsa-miR-2355-3p	92	22	0	114.0
hsa-miR-490-3p	34	80	0	114.0
hsa-miR-2277-5p	59	47	4	110.0
hsa-miR-4645-3p	102	5	0	107.0
hsa-miR-4677-3p	96	11	0	107.0
hsa-miR-411-3p	107	0	0	107.0
hsa-miR-665	81	26	0	107.0
hsa-miR-671-5p	47	58	0	105.0
hsa-let-7g-3p	75	29	0	104.0
hsa-miR-125b-2-3p	31	73	0	104.0
hsa-miR-141-3p	100	2	0	102.0
hsa-miR-6837-3p	79	22	0	101.0
hsa-miR-9-5p	98	2	0	100.02000000000001
hsa-miR-668-3p	67	32	0	99.0
hsa-miR-101-5p	86	13	0	99.0
hsa-miR-320d	26	72	0	98.19
hsa-miR-20a-3p	78	19	0	97.0
hsa-miR-379-3p	93	0	0	93.0
hsa-miR-3928-3p	39	53	0	92.0
hsa-miR-542-3p	87	2	0	89.0
hsa-miR-30b-3p	80	8	0	88.0
hsa-miR-496	82	6	0	88.0
hsa-miR-625-3p	54	33	0	87.0
hsa-miR-532-3p	72	8	7	87.0
hsa-miR-195-5p	86	0	0	86.0
hsa-miR-556-5p	77	7	0	84.0
hsa-miR-450a-5p	79	4	0	83.0
hsa-miR-432-3p	52	31	0	83.0
hsa-miR-491-5p	64	17	0	81.0
hsa-miR-3158-3p	39	32	10	81.0
hsa-miR-6516-5p	70	11	0	81.0
hsa-miR-550a-5p	61	18	0	79.68
hsa-miR-3913-5p	65	14	0	79.0
hsa-miR-106a-5p	64	10	4	78.0
hsa-miR-378a-5p	60	13	0	73.0
hsa-miR-5189-3p	65	7	0	72.0
hsa-miR-32-5p	72	0	0	72.0
hsa-miR-548ax	58	14	0	72.0
hsa-miR-424-3p	37	11	24	72.0
hsa-miR-939-5p	27	40	4	71.0
hsa-miR-576-5p	68	3	0	71.0
hsa-miR-1306-3p	32	38	0	70.0
hsa-miR-200b-3p	66	2	0	68.0
hsa-miR-628-5p	67	0	0	67.0
hsa-miR-29a-5p	56	11	0	67.0
hsa-miR-3177-3p	38	28	0	66.0
hsa-miR-10401-3p	20	26	19	65.03999999999999
hsa-miR-139-3p	51	14	0	65.0
hsa-miR-656-3p	62	0	0	62.0
hsa-miR-3074-5p	53	8	0	61.0
hsa-miR-7-1-3p	55	6	0	61.0
hsa-miR-627-5p	43	18	0	61.0
hsa-miR-26a-1-3p	44	16	0	60.0
hsa-miR-200c-3p	60	0	0	60.0
hsa-miR-4662a-5p	59	0	0	59.0
hsa-miR-758-5p	45	14	0	59.0
hsv2-miR-H10	14	30	14	58.0
hsa-miR-412-5p	35	23	0	58.0
hsa-miR-1271-5p	53	3	0	56.0
hsa-miR-873-5p	5	51	0	56.0
hsa-miR-152-5p	47	8	0	55.0
hsa-miR-143-5p	52	3	0	55.0
hsa-miR-450b-5p	51	3	0	54.0
hsa-miR-580-3p	36	18	0	54.0
hsa-miR-1538	37	17	0	54.0
hsa-miR-138-5p	43	11	0	54.0
hsa-miR-6515-5p	23	30	0	53.0
hsa-miR-659-5p	41	10	2	53.0
hsa-miR-940	40	10	0	50.0
hsa-miR-33a-3p	47	2	0	49.0
hsa-miR-1306-5p	33	16	0	49.0
hsa-miR-2467-5p	42	6	0	48.0
hsa-miR-3176	35	13	0	48.0
hsa-miR-7704	4	15	27	46.0
hsa-miR-4326	41	4	0	45.0
hsa-miR-3613-3p	30	13	2	45.0
hsa-miR-150-3p	7	10	27	44.0
hsa-miR-6741-3p	36	8	0	44.0
hsa-miR-664a-3p	42	2	0	44.0
hsa-miR-193a-5p	32	3	9	44.0
hsa-miR-34a-5p	31	13	0	44.0
hsa-miR-551b-3p	43	0	0	43.0
hsa-miR-627-3p	43	0	0	43.0
hsa-miR-29b-2-5p	28	14	0	42.0
hsa-miR-380-3p	42	0	0	42.0
hsa-miR-378b	4	38	0	42.0
hsa-miR-1249-3p	22	18	2	42.0
hsa-miR-3661	25	15	0	40.0
hsa-miR-6772-3p	27	13	0	40.0
hsa-miR-1270	28	11	0	39.0
hsa-miR-3065-3p	37	2	0	39.0
hsa-miR-2277-3p	27	12	0	39.0
hsa-miR-1277-3p	39	0	0	39.0
hsa-miR-376a-2-5p	35	3	0	38.0
hsa-miR-3065-5p	30	7	0	37.0
hsa-miR-3940-3p	31	2	4	37.0
hsa-miR-3605-5p	18	14	5	37.0
hsa-miR-1180-3p	25	2	10	37.0
hsa-miR-4707-3p	32	5	0	37.0
hsa-miR-1185-2-3p	37	0	0	36.5
hsa-miR-4786-5p	31	5	0	36.0
hsa-miR-7848-3p	27	9	0	36.0
hsa-miR-186-3p	28	8	0	36.0
hsa-miR-548a-5p	32	3	0	35.0
hsa-miR-6847-5p	22	12	0	34.0
hsa-miR-6129	17	16	0	33.0
hsa-miR-5010-3p	29	4	0	33.0
hsa-miR-4508	7	21	5	33.0
hsa-miR-1255a	27	6	0	33.0
hsa-miR-6511a-3p	25	4	4	32.959999999999994
hsa-miR-5683	32	0	0	32.0
hsa-miR-6513-5p	23	8	0	31.0
hsa-miR-616-5p	28	3	0	31.0
hsa-miR-3912-3p	31	0	0	31.0
hsa-miR-26a-2-3p	17	14	0	31.0
hsa-miR-7705	29	2	0	31.0
hsa-miR-1908-3p	18	8	4	30.0
hsa-miR-548al	28	2	0	30.0
hsa-miR-545-5p	30	0	0	30.0
hsa-miR-3182	9	9	11	29.0
hsa-miR-4732-5p	5	7	17	29.0
hsa-miR-3679-5p	25	2	0	27.0
hsa-miR-11401	15	9	3	27.0
hsa-miR-3196	12	14	0	26.0
hsa-miR-548n	24	2	0	26.0
hsa-miR-1537-3p	22	4	0	26.0
hsa-miR-556-3p	26	0	0	26.0
hsa-miR-219a-1-3p	20	6	0	26.0
hsa-miR-4661-5p	8	17	0	25.0
hsa-miR-4511	23	2	0	25.0
hsa-miR-5100	10	7	8	25.0
hsa-miR-590-5p	25	0	0	25.0
hsa-miR-188-5p	21	4	0	25.0
hsa-miR-651-5p	24	0	0	24.0
hsa-miR-548a-3p	20	4	0	24.0
hsa-miR-3617-5p	15	9	0	24.0
hsa-miR-487a-5p	20	4	0	24.0
hsa-miR-1294	12	12	0	24.0
hsa-miR-4687-5p	16	8	0	24.0
hsa-miR-204-5p	22	2	0	24.0
hsa-miR-4665-5p	17	7	0	24.0
hsa-miR-92a-1-5p	17	7	0	24.0
hsa-miR-3605-3p	15	6	3	24.0
hsa-miR-4449	14	10	0	24.0
hsa-miR-320e	10	14	0	23.5
hsa-miR-3188	23	0	0	23.0
hsa-miR-3174	23	0	0	23.0
hsa-miR-548j-3p	23	0	0	23.0
hsa-miR-541-3p	18	5	0	23.0
hsa-miR-6770-3p	16	6	0	22.05
hsa-miR-5010-5p	6	4	12	22.0
hsa-miR-6502-5p	16	6	0	22.0
hsa-miR-32-3p	22	0	0	22.0
hsa-miR-6818-5p	19	3	0	22.0
hsa-miR-6813-5p	18	4	0	22.0
hsa-miR-135a-5p	22	0	0	22.0
hsa-miR-6859-5p	12	10	0	21.919999999999998
hsa-miR-296-5p	15	4	2	21.0
hsa-miR-1343-3p	14	7	0	21.0
hsa-let-7e-3p	21	0	0	21.0
hsa-miR-10a-3p	20	0	0	20.0
hsa-miR-548l	17	3	0	20.0
hsa-miR-18b-5p	20	0	0	20.0
hsa-miR-27a-5p	9	11	0	20.0
hsa-miR-4767	10	10	0	20.0
hsa-miR-7-5p	19	0	0	19.009999999999998
hsa-miR-501-5p	12	7	0	19.0
hsa-miR-30c-2-3p	12	7	0	19.0
hsa-miR-12135	19	0	0	19.0
hsa-miR-4526	4	15	0	19.0
hsa-miR-505-5p	17	2	0	19.0
hsa-miR-19b-1-5p	19	0	0	19.0
hsa-miR-7855-5p	13	6	0	19.0
hsa-miR-125a-3p	15	4	0	19.0
hsa-miR-16-1-3p	16	3	0	19.0
hsa-miR-664b-5p	14	4	0	18.0
hsa-miR-6852-3p	18	0	0	18.0
hsa-miR-1304-5p	16	2	0	18.0
hsa-miR-6511b-3p	10	6	2	18.0
hsa-miR-3120-5p	9	9	0	18.0
hsa-miR-6513-3p	17	0	0	17.0
hsa-miR-561-5p	9	8	0	17.0
hsa-miR-193a-3p	17	0	0	17.0
hsa-miR-153-3p	17	0	0	17.0
hsa-miR-96-5p	17	0	0	17.0
hsa-miR-9985	10	6	1	16.67
hsa-miR-205-5p	11	5	0	16.0
hsa-miR-219b-3p	7	9	0	16.0
hsa-miR-4750-5p	14	2	0	16.0
hsa-miR-769-3p	9	6	0	15.0
hsa-miR-124-3p	15	0	0	15.0
hsa-miR-766-5p	7	8	0	15.0
hsa-miR-3190-3p	11	4	0	15.0
hsa-miR-2276-3p	4	9	2	15.0
hsa-miR-370-5p	15	0	0	15.0
hsa-miR-3157-3p	11	3	0	14.0
hsa-miR-5190	3	11	0	14.0
hsa-miR-378g	3	11	0	14.0
hsa-miR-7845-5p	8	6	0	14.0
hsa-miR-655-3p	14	0	0	14.0
hsa-miR-5706	9	5	0	14.0
hsa-miR-5000-3p	9	5	0	14.0
hsa-miR-9903	14	0	0	14.0
hsa-miR-5187-5p	14	0	0	14.0
hsa-miR-889-5p	8	6	0	14.0
hsa-miR-550b-3p	10	4	0	13.8
hsa-miR-3127-5p	5	6	2	13.0
hsa-miR-937-3p	6	7	0	13.0
hsa-miR-6735-5p	11	2	0	13.0
hsa-miR-503-5p	9	2	2	13.0
hsa-miR-3688-3p	13	0	0	13.0
hsa-miR-4766-3p	13	0	0	13.0
hsa-miR-548ba	10	3	0	13.0
hsa-miR-19a-5p	13	0	0	13.0
hsa-miR-577	13	0	0	13.0
hsa-miR-200a-3p	13	0	0	13.0
Hsa-Mir-544_5p	13	0	0	13.0
hsa-miR-373-3p	2	11	0	13.0
hsa-miR-1250-5p	9	4	0	13.0
hsa-miR-6514-5p	9	4	0	13.0
hsa-miR-219a-5p	11	2	0	13.0
hsa-miR-4775	13	0	0	13.0
hsa-miR-34c-5p	10	3	0	13.0
hsa-miR-933	9	3	0	12.0
hsa-miR-380-5p	10	2	0	12.0
hsa-miR-3138	5	7	0	12.0
hsa-miR-4742-3p	12	0	0	12.0
hsa-miR-6882-5p	12	0	0	12.0
hsa-miR-4516	0	7	5	12.0
hsa-miR-3124-5p	8	4	0	12.0
hsa-miR-3200-3p	7	2	3	12.0
hsa-miR-4685-3p	7	0	5	12.0
hsa-miR-548ag	12	0	0	12.0
hsa-miR-1537-5p	12	0	0	12.0
hsa-miR-3691-5p	9	3	0	12.0
hsa-miR-636	4	4	4	12.0
hsa-miR-545-3p	12	0	0	12.0
hsa-miR-5193	11	0	0	11.0
hsa-miR-548u	9	2	0	11.0
hsa-miR-132-5p	7	4	0	11.0
hsa-miR-6734-5p	11	0	0	11.0
hsa-miR-548at-5p	7	4	0	11.0
hsa-miR-134-3p	11	0	0	11.0
hsa-miR-2278	11	0	0	11.0
hsa-miR-149-5p	11	0	0	11.0
hsa-miR-208b-3p	11	0	0	11.0
hsa-miR-6131	0	3	7	10.0
hsa-miR-610	8	2	0	10.0
hsa-miR-494-5p	10	0	0	10.0
hsa-miR-133a-5p	4	6	0	10.0
hsa-miR-3611	10	0	0	10.0
hsa-miR-4701-5p	10	0	0	10.0
hsa-miR-3909	8	0	2	10.0
hsa-miR-4510	3	8	0	10.0
hsa-miR-181b-3p	10	0	0	10.0
hsa-miR-624-5p	10	0	0	10.0
hsa-miR-502-5p	10	0	0	10.0
hsa-miR-362-3p	8	0	2	10.0
hsa-miR-184	10	0	0	10.0
hsa-miR-6866-5p	9	0	0	9.0
hsa-miR-1229-3p	7	2	0	9.0
hsa-miR-130a-5p	4	5	0	9.0
hsa-miR-7854-3p	7	2	0	9.0
hsa-miR-770-5p	9	0	0	9.0
hsa-miR-129-5p	9	0	0	9.0
hsa-miR-187-3p	4	5	0	9.0
hsa-miR-4474-3p	9	0	0	9.0
hsa-miR-24-1-5p	9	0	0	9.0
hsa-miR-1256	9	0	0	9.0
hsa-miR-5001-3p	9	0	0	9.0
hsa-miR-7851-3p	3	6	0	9.0
hsa-miR-6721-5p	6	3	0	9.0
hsa-miR-3942-5p	9	0	0	9.0
hsa-miR-6810-5p	7	2	0	9.0
hsa-miR-584-3p	7	2	0	9.0
hsa-miR-643	7	0	2	9.0
hsa-miR-6877-5p	4	5	0	9.0
hsa-miR-4762-5p	9	0	0	9.0
hsa-miR-6724-5p	4	5	0	8.960000000000003
hsa-miR-3667-5p	6	2	0	8.0
hsa-miR-873-3p	0	8	0	8.0
hsa-miR-3939	8	0	0	8.0
hsa-miR-4638-3p	4	4	0	8.0
hsa-miR-1-3p	8	0	0	8.0
hsa-miR-4738-3p	8	0	0	8.0
hsa-miR-301a-5p	8	0	0	8.0
hsa-miR-6862-5p	4	4	0	8.0
hsa-miR-4743-5p	8	0	0	8.0
hsa-miR-597-5p	5	3	0	8.0
hsa-miR-6516-3p	8	0	0	8.0
hsa-miR-4734	5	2	0	7.0
hsa-miR-943	5	2	0	7.0
hsa-miR-6500-3p	7	0	0	7.0
hsa-miR-222-5p	5	2	0	7.0
hsa-miR-3157-5p	7	0	0	7.0
hsa-miR-147b-3p	5	2	0	7.0
hsa-miR-1292-5p	2	5	0	7.0
hsa-miR-579-5p	5	2	0	7.0
hsa-miR-6509-5p	2	5	0	7.0
hsa-miR-323a-5p	5	2	0	7.0
hsa-miR-4646-5p	2	3	2	7.0
hsa-miR-4688	7	0	0	7.0
hsa-miR-874-5p	7	0	0	7.0
hsa-miR-449a	7	0	0	7.0
hsa-miR-212-3p	5	0	2	7.0
hsa-miR-504-5p	0	4	3	7.0
hsa-miR-6842-5p	4	3	0	7.0
hsa-miR-1179	7	0	0	7.0
hsa-miR-6511a-5p	6	0	0	6.400000000000001
hsa-miR-542-5p	6	0	0	6.0
hsa-miR-3143	6	0	0	6.0
hsa-miR-92b-5p	2	4	0	6.0
hsa-miR-664b-3p	6	0	0	6.0
hsa-miR-4659b-3p	6	0	0	6.0
hsa-miR-429	6	0	0	6.0
hsa-miR-3115	6	0	0	6.0
hsa-miR-549a-5p	4	2	0	6.0
hsa-miR-4999-5p	6	0	0	6.0
hsa-miR-6837-5p	3	3	0	6.0
hsa-miR-582-3p	4	0	2	6.0
hsa-miR-490-5p	2	4	0	6.0
hsa-miR-6892-5p	4	2	0	6.0
hsa-miR-31-5p	6	0	0	6.0
hsa-miR-660-3p	6	0	0	6.0
hsa-miR-10b-3p	0	6	0	6.0
hsa-miR-6503-3p	6	0	0	6.0
hsa-miR-3194-5p	2	4	0	6.0
hsa-miR-135a-3p	6	0	0	6.0
hsa-miR-3684	6	0	0	6.0
hsa-miR-3074-3p	5	0	0	5.0
hsa-miR-4664-3p	3	2	0	5.0
hsa-miR-5695	5	0	0	5.0
hsa-miR-5587-5p	2	3	0	5.0
hsa-miR-4662a-3p	5	0	0	5.0
hsa-miR-211-5p	5	0	0	5.0
hsa-miR-3920	5	0	0	5.0
hsa-miR-154-3p	5	0	0	5.0
hsa-miR-224-3p	5	0	0	5.0
hsa-miR-4755-3p	3	2	0	5.0
hsa-miR-3064-5p	3	2	0	5.0
hsa-miR-3155a	0	5	0	5.0
hsa-miR-624-3p	5	0	0	5.0
hsa-miR-5187-3p	5	0	0	5.0
hsa-miR-6505-5p	2	2	0	4.0
hsa-miR-6861-5p	0	4	0	4.0
hsa-miR-499a-5p	4	0	0	4.0
hsa-miR-6803-3p	2	0	2	4.0
hsa-miR-3191-3p	4	0	0	4.0
hsa-miR-3175	0	4	0	4.0
hsa-miR-5582-3p	4	0	0	4.0
hsa-miR-433-5p	4	0	0	4.0
hsa-miR-1284	4	0	0	4.0
hsa-miR-1275	0	2	2	4.0
hsa-miR-4521	2	2	0	4.0
hsa-miR-4777-3p	4	0	0	4.0
hsa-miR-196b-3p	4	0	0	4.0
hsa-miR-4446-5p	4	0	0	4.0
hsa-miR-195-3p	4	0	0	4.0
hsa-miR-5584-5p	4	0	0	4.0
hsa-miR-1228-3p	0	0	4	4.0
hsa-miR-7976	2	2	0	4.0
hsa-miR-6884-5p	2	2	0	4.0
hsa-miR-541-5p	4	0	0	4.0
hsa-miR-4687-3p	4	0	0	4.0
hsa-miR-190a-3p	4	0	0	4.0
hsa-miR-4654	4	0	0	4.0
hsa-miR-3150a-5p	4	0	0	4.0
hsa-miR-7109-5p	4	0	0	4.0
hsa-miR-5588-5p	4	0	0	4.0
hsa-miR-212-5p	4	0	0	4.0
hsa-miR-299-5p	4	0	0	4.0
hsa-miR-188-3p	4	0	0	4.0
hsa-miR-4667-5p	0	4	0	4.0
hsa-miR-183-3p	4	0	0	4.0
hsa-miR-5094	4	0	0	4.0
hsa-miR-551a	4	0	0	4.0
hsa-miR-4443	0	0	4	4.0
hsa-miR-656-5p	2	2	0	4.0
hsa-miR-550a-3-5p	3	1	0	3.34
hsa-miR-10396b-5p	0	0	3	3.32
hsa-miR-6850-5p	0	0	3	3.0
hsa-miR-3181	3	0	0	3.0
hsa-miR-5690	3	0	0	3.0
hsa-miR-4799-5p	3	0	0	3.0
hsa-miR-6868-3p	3	0	0	3.0
hsa-miR-3128	3	0	0	3.0
hsa-miR-4485-3p	3	0	0	3.0
hsa-miR-1226-3p	3	0	0	3.0
hsa-miR-3187-3p	3	0	0	3.0
hsa-miR-891a-5p	0	3	0	3.0
hsa-miR-5006-3p	3	0	0	3.0
hsa-miR-4766-5p	3	0	0	3.0
hsa-miR-548s	3	0	0	3.0
hsa-miR-10395-3p	0	0	3	3.0
hsa-miR-329-5p	3	0	0	3.0
hsa-miR-544a	3	0	0	3.0
hsa-miR-877-3p	3	0	0	3.0
hsa-miR-2116-3p	3	0	0	3.0
hsa-miR-4477b	3	0	0	3.0
hsa-miR-548ah-5p	3	0	0	3.0
hsa-miR-495-5p	3	0	0	3.0
hsa-miR-5581-3p	3	0	0	3.0
hsa-miR-642a-3p	0	0	3	3.0
hsa-miR-5000-5p	3	0	0	3.0
hsa-miR-6875-5p	3	0	0	3.0
hsa-miR-194-3p	0	3	0	3.0
hsa-miR-381-5p	3	0	0	3.0
hsa-miR-23b-5p	3	0	0	3.0
hsa-miR-4421	3	0	0	3.0
hsa-miR-9-3p	2	0	0	2.0100000000000002
hsa-miR-4765	2	0	0	2.0
hsa-miR-15a-3p	2	0	0	2.0
hsa-miR-1224-5p	2	0	0	2.0
hsa-miR-214-3p	0	2	0	2.0
hsa-miR-4741	0	2	0	2.0
hsa-miR-6855-5p	2	0	0	2.0
hsa-miR-6733-5p	2	0	0	2.0
hsa-miR-6791-3p	2	0	0	2.0
hsa-miR-570-3p	2	0	0	2.0
hsa-miR-483-5p	0	2	0	2.0
hsa-miR-296-3p	2	0	0	2.0
hsa-miR-372-3p	0	2	0	2.0
hsa-miR-200b-5p	2	0	0	2.0
hsa-miR-1469	2	0	0	2.0
hsa-miR-4710	2	0	0	2.0
hsa-miR-101-2-5p	2	0	0	2.0
hsa-miR-6891-5p	2	0	0	2.0
hsa-miR-483-3p	0	2	0	2.0
hsa-miR-6850-3p	2	0	0	2.0
hsa-miR-6763-5p	2	0	0	2.0
hsa-miR-3178	0	0	2	2.0
hsa-miR-3960	2	0	0	2.0
hsa-miR-3166	2	0	0	2.0
hsa-miR-2467-3p	0	2	0	2.0
hsa-miR-3163	2	0	0	2.0
hsa-miR-6716-3p	2	0	0	2.0
hsa-miR-4769-3p	2	0	0	2.0
hsa-miR-4659b-5p	2	0	0	2.0
hsa-miR-6874-5p	2	0	0	2.0
hsa-miR-3127-3p	0	2	0	2.0
hsa-miR-3675-5p	2	0	0	2.0
hsa-miR-3159	2	0	0	2.0
hsa-miR-193b-5p	0	0	2	2.0
hsa-miR-6729-5p	0	0	2	2.0
hsa-miR-4742-5p	2	0	0	2.0
hsa-miR-193b-3p	0	2	0	2.0
hsa-miR-4701-3p	2	0	0	2.0
hsa-miR-1914-5p	2	0	0	2.0
hsa-miR-514a-3p	2	0	0	2.0
hsa-miR-7111-5p	2	0	0	2.0
Hsa-Mir-1913_5p	0	2	0	2.0
hsa-miR-7856-5p	2	0	0	2.0
hsa-miR-3677-5p	2	0	0	2.0
hsa-miR-218-5p	2	0	0	2.0
hsa-miR-4638-5p	2	0	0	2.0
hsa-miR-548p	2	0	0	2.0
hsa-miR-219b-5p	2	0	0	2.0
hsa-miR-3934-5p	0	2	0	2.0
hsa-miR-4761-3p	2	0	0	2.0
hsa-miR-548ab	2	0	0	2.0
hsa-miR-3614-5p	0	0	2	2.0
hsa-miR-6854-5p	2	0	0	2.0
hsa-miR-544b	2	0	0	2.0
hsa-miR-7975	0	0	2	2.0
hsa-miR-552-5p	2	0	0	2.0
hsa-miR-5003-3p	2	0	0	2.0
hsa-miR-605-5p	2	0	0	2.0
hsa-miR-4676-5p	0	2	0	2.0
hsa-miR-192-3p	2	0	0	2.0
hsa-miR-6809-5p	0	2	0	2.0
hsa-miR-6751-3p	2	0	0	2.0
hcmv-miR-US29-3p	2	0	0	2.0
hsa-miR-5586-3p	2	0	0	2.0
hsa-miR-3192-5p	0	2	0	2.0
hsa-miR-6851-5p	0	0	2	2.0
hsa-miR-642a-5p	0	0	2	2.0
hsa-miR-6810-3p	2	0	0	2.0
hsa-miR-629-3p	0	0	2	2.0
hsa-miR-6804-3p	0	2	0	2.0
hsa-miR-6886-5p	2	0	0	2.0
hsa-miR-4433a-3p	2	0	0	2.0
hsa-miR-7110-5p	2	0	0	2.0
hsa-miR-6764-3p	2	0	0	2.0
hsa-miR-4498	2	0	0	2.0
hsa-miR-7151-3p	2	0	0	2.0
hsa-miR-6858-5p	0	2	0	2.0
hsa-miR-6736-5p	0	2	0	2.0
hsa-miR-6812-5p	2	0	0	2.0
hsa-miR-487b-5p	2	0	0	2.0
hsa-miR-6742-3p	2	0	0	2.0
hsa-miR-4469	2	0	0	2.0
hsa-miR-548aq-5p	2	0	0	2.0
hsa-miR-6894-5p	0	2	0	2.0
hsa-miR-6772-5p	2	0	0	2.0
hsa-miR-3194-3p	2	0	0	2.0
hsa-miR-3177-5p	2	0	0	2.0
hsa-miR-6836-5p	2	0	0	2.0
hsa-miR-597-3p	2	0	0	2.0
hsa-miR-4424	2	0	0	2.0
hsa-miR-3135a	2	0	0	2.0
hsa-miR-6755-5p	2	0	0	2.0
hsa-miR-4639-5p	2	0	0	2.0
hsa-miR-3685	2	0	0	2.0
hsa-miR-6770-5p	0	2	0	1.98
hsa-miR-6859-3p	2	0	0	1.9200000000000008
hsa-miR-10396a-5p	0	0	2	1.66
hsa-miR-6511b-5p	2	0	0	1.6
hsa-miR-376c-5p	1	0	0	1.0
hsa-miR-376b-5p	1	0	0	1.0
hsa-miR-548av-3p	1	0	0	1.0
	sumhsa-miR-214-5p	0	6	0	6.0
