name	SRX387062	SRX387063	SRX387064
hsa-miR-486-5p	70768.20616000117	89318.28356352902	761463.228014637	921549.7177381671
hsa-miR-22-3p	125815.59427561947	185382.01986370643	29189.214446543876	340386.8285858698
hsa-miR-142-5p	43079.207499796554	181795.6094244831	1612.0506627806124	226486.86758706026
hsa-miR-191-5p	109688.84036273372	61362.35512593059	8025.208734277396	179076.40422294172
hsa-miR-126-5p	51318.16087641379	45892.12581452803	808.9457130257782	98019.2324039676
hsa-miR-92a-3p	34038.415324469206	12298.751471539188	43756.07804427883	90093.24484028723
hsa-let-7i-5p	19222.31350957437	65136.5422559732	3473.793955394091	87832.64972094167
hsa-miR-423-5p	4235.3332376753715	15475.203528377908	59791.89360465626	79502.43037070954
hsa-miR-26a-5p	63519.063193231574	7749.415529505397	1644.1748607708057	72912.65358350777
hsa-miR-181a-5p	24430.204749975197	28030.541692228613	11018.599910636323	63479.34635284013
hsa-miR-127-3p	13380.276867691184	39836.845683208696	1489.394634090783	54706.51718499066
hsa-miR-221-3p	14987.139524887818	30383.346321566543	677.5285394295327	46048.0143858839
hsa-miR-151a-3p	22453.39739974905	18335.378289200973	1229.4806685337642	42018.256357483784
hsa-miR-103a-3p	20107.97246473354	15917.079803021015	2752.9464217050554	38777.99868945961
hsa-miR-21-5p	31215.337591652085	3687.9673691366415	969.5667029767451	35872.87166376547
hsa-let-7a-5p	18297.17308427012	15520.489628757596	1601.391269811139	35419.05398283886
hsa-miR-320a-3p	4310.429363727359	23525.079528254726	5449.626823900014	33285.1357158821
hsa-let-7f-5p	19828.62148861094	6087.944156124091	995.8501376959941	26912.415782431028
hsa-miR-451a	13049.667662900281	1918.3896801578483	9070.705359776417	24038.762702834545
hsa-miR-30d-5p	17584.874278524243	4226.840874798959	1991.7002753919883	23803.41542871519
hsa-miR-28-3p	7064.781090045303	12817.728109300127	855.6718191933322	20738.181018538762
hsa-miR-16-5p	16962.991357181043	1058.6791795858135	2666.308433186049	20687.978969952903
hsa-miR-148a-3p	12379.849591922179	3733.564358077299	411.77381060156944	16525.187760601046
hsa-miR-143-3p	12280.316473909503	2109.067997546053	551.9521291042314	14941.336600559787
hsa-let-7b-5p	3856.263348386457	3901.444180995175	6621.089243942399	14378.796773324031
hsa-miR-151a-5p	9377.612246682243	4231.815091774303	716.9536915084063	14326.381029964952
hsa-miR-26b-5p	11798.363845409727	1352.9870172936942	242.39167574418627	13393.742538447606
hsa-miR-30e-5p	10764.865032295711	1414.7502114042213	943.2832682574959	13122.898511957428
hsa-miR-148b-3p	7310.667704783817	5308.733066936379	210.26747775399292	12829.668249474189
hsa-let-7g-5p	8750.821679066901	2875.8228183913384	451.1989626804431	12077.843460138682
hsa-miR-409-3p	4815.969634914116	6774.88352041916	417.6145738725137	12008.46772920579
hsa-miR-25-3p	6725.253717880464	1896.420221850077	3308.792392989916	11930.466332720458
hsa-miR-27b-3p	7459.277285517942	3394.6958266319575	595.7578536363133	11449.730965786212
hsa-miR-140-3p	5390.71367156651	4907.894082339872	838.1495293804995	11136.757283286881
hsa-miR-146a-5p	8177.402096438195	2312.8036344945367	370.88846770495974	10861.094198637691
hsa-miR-126-3p	6795.165779972567	3193.861816252425	195.6655695766323	10184.693165801626
hsa-miR-378a-3p	1387.9561529807568	7386.608578866209	1179.10408532187	9953.668817168835
hsa-miR-423-3p	3030.425124261126	2570.426622009252	3822.77956083301	9423.631307103387
hsa-miR-199a-3p	6530.407686058863	2481.167061840568	159.64752940580945	9171.22227730524
hsa-miR-186-5p	5321.597874418508	2512.394090630233	747.6176986808637	8581.609663729605
hsa-miR-142-3p	5070.774417026565	2519.85541609325	90.53183069963583	7681.161663819451
hsa-miR-425-5p	4674.075221875246	2128.550347366152	808.9457130257782	7611.571282267176
hsa-miR-21-3p	3128.2064593967784	3435.9403757191885	137.2579368671898	6701.404771983157
hsa-miR-93-5p	3915.553236124247	1619.107625474623	823.5476212031389	6358.208482802009
hsa-let-7d-5p	3427.721518120522	2134.6644890650127	654.1654863457558	6216.55149353129
hsa-miR-744-5p	1157.4507227458018	2618.9252375188603	1801.8754690863004	5578.251429350963
hsa-miR-101-3p	4728.858250029422	356.0710318184079	484.78335148837255	5569.712633336203
hsa-miR-223-3p	4756.4090170953305	417.4197078476563	148.93946340907831	5322.768188352065
hsa-miR-192-5p	2455.3625816310914	848.5185123775099	1401.7831850266193	4705.664279035221
hsa-miR-199b-3p	3243.7445027858985	1233.7439825791853	79.82376470290473	4557.312250067988
hsa-miR-1307-5p	3235.5429738616476	784.6827278605892	385.49037588232034	4405.7160776045575
hsa-miR-130a-3p	3159.738551183194	773.4907396660642	157.7006083154947	4090.929899164753
hsa-miR-107	1753.0038166040429	1309.46261875943	988.0624533347353	4050.528888698208
hsa-miR-98-5p	2332.164469479722	1603.086501633201	102.21335724152433	4037.464328354447
hsa-miR-769-5p	794.194655246741	3067.019283381141	108.05412051246857	3969.268059140351
hsa-miR-134-5p	597.517214053694	2933.544461209398	125.57641032530132	3656.6380855883936
hsa-miR-222-3p	1523.5733440436277	1869.8910646482398	125.57641032530132	3519.040819017169
hsa-miR-10a-5p	2900.872817855827	266.9496443434862	265.7547288279633	3433.577191027277
hsa-miR-1307-3p	713.134883937218	2075.077514881199	473.10182494648404	3261.3142237649013
hsa-miR-652-3p	1103.4639595357266	1762.5308815970552	216.10824102493714	3082.103082157719
hsa-miR-30b-5p	1502.3396122009237	1422.487882254757	49.646487803026105	2974.4739822587067
hsa-miR-484	1002.8160706013091	300.5256089270614	1632.493334228917	2935.835013757288
hsa-miR-106b-3p	939.274128062017	1218.268640878115	674.6081577940606	2832.1509267341926
hsa-miR-19b-3p	2229.4356748247196	300.24926353954226	151.85984504455044	2681.5447834088127
hsa-miR-30c-5p	1242.8634090830792	1159.5452460302986	134.3375552317177	2536.7462103450953
hsa-miR-146b-5p	2043.7732320250755	289.126361691897	78.85030415774735	2411.74989787472
hsa-miR-410-3p	1900.3659155924124	451.41019051251016	43.805724532081854	2395.5818306370047
hsa-miR-15a-5p	1453.6612819515244	139.6925933909237	753.4584619518079	2346.812337294256
hsa-miR-99b-5p	1708.1475580863332	459.28603405680553	137.2579368671898	2304.691529010329
hsa-miR-30e-3p	984.7408563702072	1178.4749050753594	29.203816354721237	2192.4195778002877
hsa-miR-182-5p	1700.0256556564989	225.91235429689442	227.78976756682565	2153.7277775202188
hsa-miR-584-5p	1336.2918291909773	494.9345890467742	300.7993084536287	2132.02572669138
hsa-miR-381-3p	1624.061979989225	432.3423587736897	52.56686943849823	2108.9712082014125
hsa-miR-23a-3p	1537.1098480933515	409.54386430336086	112.43469296567676	2059.088405362389
hsa-miR-130b-3p	1022.7226942038442	751.9357994395715	181.06366139927167	1955.7221550426873
hsa-miR-199a-5p	1189.9914167947459	533.8992886869725	14.601908177360619	1738.4926136590789
hsa-miR-431-5p	999.7902638137238	691.0016414916018	40.885342896609735	1731.6772482019353
hsa-miR-654-3p	1487.422915581424	103.62952031967635	37.96496126113761	1629.017397162238
hsa-miR-320b	71.52127562675396	735.224799077164	731.4582536312513	1538.2043283351693
hsa-let-7d-3p	402.7508087264905	747.3761005455058	306.640071724573	1456.7669809965691
hsa-miR-181b-5p	524.897851151646	544.2622407189401	376.729230975904	1445.8893228464904
hsa-miR-10b-5p	398.2120985451125	262.3899454494205	697.9712108778376	1358.5732548723706
hsa-miR-181c-5p	908.3790482308825	345.70807978644024	93.45221233510796	1347.5393403524308
hsa-miR-23b-3p	893.7277732594166	351.92585100562087	71.54935006906703	1317.2029743341045
hsa-miR-301a-3p	1120.026270373036	151.29909966672744	43.805724532081854	1315.131094571845
hsa-miR-27a-3p	1083.1857456259443	147.5684369352191	70.08915925133097	1300.8433418124944
hsa-miR-432-5p	544.6452217653608	505.2975410787418	189.82480630568804	1239.7675691497907
hsa-miR-340-5p	1174.013033583111	43.10988045298536	14.601908177360619	1231.7248222134572
hsa-miR-411-5p	1090.2459614636432	94.09560445026611	29.203816354721237	1213.5453822686306
hsa-miR-125a-5p	805.0238584865201	254.9286199864038	148.93946340907831	1208.8919418820024
hsa-miR-28-5p	690.0432005582772	451.41019051251016	64.24839598038672	1205.701787051174
hsa-miR-339-3p	557.7039668486238	528.0960355490706	116.81526541888495	1202.6152678165795
hsa-miR-150-5p	88.38540879525593	42.69536237170665	1030.8947173216598	1161.9754884886224
hsa-miR-144-3p	745.9409996341959	86.63427898724942	324.16236153740573	1156.737640158851
hsa-miR-6852-5p	359.4339957673741	721.2614614249474	70.08915925133097	1150.7846164436526
hsa-miR-941	354.17864713630513	631.7255558687477	143.0987001381341	1129.002903143187
hsa-miR-223-5p	215.15078789619955	894.1155013181675	0.0	1109.2662892143671
hsa-miR-30a-5p	694.9800432117061	162.0765697799738	207.3470961185208	1064.4037091102007
hsa-miR-326	566.4628812337393	331.1999469416856	160.62098995096682	1058.2838181263917
hsa-let-7e-5p	656.3213801755828	287.2610303261428	35.044579625665484	978.6269901273912
hsa-miR-17-3p	261.33415465408103	653.2804960952396	43.805724532081854	958.4203752814025
hsa-miR-363-3p	477.1219545055617	138.0345210658089	338.76426971476633	953.9207452861369
hsa-let-7c-5p	118.84519712361498	716.9504733796489	97.68676570654254	933.4824362098065
hsa-miR-17-5p	682.1070932820667	158.34590704846545	58.407632709442474	898.8606330399747
hsa-miR-136-3p	728.1046648863245	130.15867752151348	17.522289812832742	875.7856322206707
hsa-miR-210-3p	168.33040918303695	542.6041683938253	160.62098995096682	871.555567527829
hsa-miR-181a-2-3p	462.7891855117364	370.16464658188386	29.203816354721237	862.1576484483414
hsa-miR-486-3p	80.42275935424188	165.39271443020343	613.280143449146	859.0956172335913
hsa-miR-3615	197.47370613714835	215.9639203462055	435.13686368534644	848.5744901687003
hsa-miR-328-3p	316.27643579707797	289.33362073253636	207.3470961185208	812.9571526481351
hsa-miR-185-3p	296.2105592057225	476.28127538923246	37.96496126113761	810.4567958560926
hsa-miR-15b-5p	533.0197535814802	228.39946278456665	32.12419799019336	793.5434143562402
hsa-miR-16-2-3p	148.26453259168156	359.38717646863756	280.3566370053239	788.0083460656431
hsa-miR-24-3p	551.3338472958126	165.39271443020343	26.283434719249115	743.0099964452652
hsa-miR-532-5p	308.7915453225247	202.69934174528692	227.78976756682565	739.2806546346372
hsa-miR-181d-5p	293.662511384598	377.21145396362186	64.24839598038672	735.1223613286065
hsa-miR-19a-3p	664.5096380174257	33.437791889815564	32.12419799019336	730.0716278974346
hsa-miR-339-5p	394.9474122742967	301.7691631708975	23.36305308377699	720.0796285289712
hsa-miR-12136	53.98676321007524	232.5446435973537	394.2515207887367	680.7829275961656
hsa-miR-181c-3p	394.31040031901557	260.73187312430565	20.442671448304868	675.484944891626
hsa-miR-1260b	365.8041153201853	234.82449304438657	55.48725107397035	656.1158594385422
hsa-miR-181a-3p	213.39900501917646	398.3518761088358	43.805724532081854	655.5566056600941
hsa-miR-20a-5p	620.7946925862584	22.798494470328794	0.0	643.5931870565872
hsa-miR-374b-5p	627.4567759519069	7.4613254630166965	5.840763270944247	640.7588646858678
hsa-miR-500a-3p	234.89815850991437	375.55338163850706	14.601908177360619	625.053448325782
hsa-miR-758-3p	311.6580991212898	295.55139195171694	11.681526541888495	618.8910176148953
hsa-miR-11400	474.4146536956169	120.21024357082456	11.681526541888495	606.3064238083299
hsa-miR-122-5p	23.091683378940736	25.700121039279733	537.3502209268707	586.1420253450913
hsa-miR-487b-3p	317.23195372999965	242.07855946676392	23.36305308377699	582.6735662805406
hsa-miR-148a-5p	176.45231161287128	372.2372369882774	29.203816354721237	577.8933649558699
hsa-miR-877-5p	115.93617586116453	198.13964285122117	259.913965557019	573.9897842694047
hsa-miR-4446-3p	221.5209074490108	169.12337716171177	163.54137158643894	554.1856561971615
hsa-miR-4433b-5p	251.77897532486415	234.2027159224685	64.24839598038672	550.2300872277194
hsa-miR-92b-3p	126.76537910094362	71.71162806121603	321.24197990193363	519.7189870640933
hsa-miR-766-3p	287.92940378706794	162.4910878612525	43.805724532081854	494.2262161804023
hsa-miR-127-5p	105.90323756548682	384.25826134535987	0.0	490.1614989108467
hsa-miR-382-5p	228.20953297946258	251.61247533617416	8.761144906416371	488.58315322205306
hsa-miR-345-5p	248.7531685372788	134.30385833430054	102.21335724152433	485.27038411310366
hsa-miR-128-3p	333.63501157848856	68.39548341098639	64.24839598038672	466.27889096986166
hsa-miR-197-3p	140.77964211712836	139.6925933909237	183.9840430347438	464.45627854279587
hsa-miR-29a-3p	395.2659182519373	21.969458307771383	35.044579625665484	452.2799561853742
hsa-miR-374a-3p	261.33415465408103	168.29434099915437	0.0	429.6284956532354
hsa-miR-370-3p	216.26555881794152	201.4557875014508	5.840763270944247	423.56210959033655
hsa-miR-1273h-3p	139.3463652177458	189.43476314436833	87.61144906416371	416.39257742627785
hsa-miR-152-3p	233.30562862171158	163.3201240238099	0.0	396.6257526455215
hsa-miR-376c-3p	249.07167451491938	137.62000298453017	0.0	386.69167749944955
hsa-miR-185-5p	192.69611647253993	152.95717199184227	37.96496126113761	383.6182497255198
hsa-miR-4732-3p	4.459083686967866	7.4613254630166965	370.88846770495974	382.8088768549443
hsa-miR-323b-3p	250.02719244784106	106.53114688862728	20.442671448304868	377.0010107847732
hsa-miR-106b-5p	272.95962283796155	22.798494470328794	75.92992252227522	371.6880398305656
hsa-miR-548k	172.47098689236427	193.5799439571554	0.0	366.05093084951966
hsa-miR-493-3p	181.70766024394055	167.87982291787566	5.840763270944247	355.42824643276043
hsa-miR-342-3p	134.88728153077795	98.24078526305317	116.81526541888495	349.9433322127161
hsa-miR-151b	207.1881384551855	104.87307456351246	36.50477044340155	348.5659834620995
hsa-miR-331-3p	220.56538951608908	87.87783323108553	35.044579625665484	343.4878023728401
hsa-miR-671-3p	163.39356652960825	122.69735205849679	52.56686943849823	338.65778802660327
hsa-miR-421	278.5334774466714	36.892109233804774	17.522289812832742	332.9478764933089
hsa-miR-4433b-3p	32.487609719337314	281.4577771882409	17.522289812832742	331.467676720411
hsa-miR-375-3p	14.810527960286127	8.290361625574107	300.7993084536287	323.90019803948894
hsa-miR-485-5p	65.1344724274949	200.21223325761468	55.48725107397035	320.8339567590799
hsa-miR-335-5p	284.9035969994826	31.917892258460313	0.0	316.8214892579429
hsa-miR-660-5p	180.27438334455803	95.33915869410224	40.885342896609735	316.49888493527004
hsa-miR-454-3p	290.795957585833	6.632289300459286	11.681526541888495	309.10977342818074
hsa-miR-1260a	184.09645507624475	103.83677936031569	20.442671448304868	308.3759058848653
hsa-miR-301b-3p	245.24960278323263	46.011507021936296	5.840763270944247	297.1018730761132
hsa-miR-148b-5p	243.65707289502984	52.64379632239558	0.0	296.30086921742543
hsa-miR-433-3p	166.57862630601386	111.91988194525045	14.601908177360619	293.1004164286249
hsa-miR-24-2-5p	176.77081759051185	112.33440002652915	0.0	289.10521761704103
hsa-miR-589-5p	119.91750058167155	118.96668932698843	32.12419799019336	271.00838789885336
hsa-miR-324-5p	124.69509024627997	122.28283397721808	23.36305308377699	270.34097730727507
hsa-miR-377-5p	53.66825723243468	201.4557875014508	5.840763270944247	260.9648080048297
hsa-miR-338-3p	164.6675904401705	87.87783323108553	0.0	252.54542367125603
hsa-miR-139-5p	134.25026957549682	110.26180962013562	5.840763270944247	250.3528424665767
hsa-miR-889-3p	237.9239652974997	9.533915869410222	0.0	247.45788116690994
hsa-miR-625-5p	97.46282915801193	143.00873804115335	5.840763270944247	246.31233047010954
hsa-let-7a-3p	57.6495819529417	187.36217273797482	0.0	245.01175469091652
hsa-miR-378c	42.42765043820317	178.13914542952364	19.712576039436836	240.27937190716364
hsa-miR-493-5p	217.38032973968348	22.798494470328794	0.0	240.17882421001227
hsa-miR-155-5p	173.90426379174679	29.845301852066786	17.522289812832742	221.27185545664634
hsa-miR-144-5p	110.52157424127498	27.358193364394552	81.77068579321947	219.650453398889
hsa-miR-425-3p	132.17998072083319	77.92939928039661	5.840763270944247	215.95014327217405
hsa-miR-374a-5p	200.81801890237426	3.7306627315083483	0.0	204.5486816338826
hsa-miR-145-5p	151.44959236808717	38.13566347764089	14.601908177360619	204.18716402308868
hsa-miR-1843	115.45841689470367	63.42126643564192	23.36305308377699	202.2427364141226
hsa-miR-376b-3p	64.70979779064082	135.54741257813666	0.0	200.25721036877746
hsa-miR-324-3p	79.78574739896075	86.63427898724942	29.203816354721237	195.6238427409314
hsa-miR-654-5p	61.15314770698788	100.7278937507254	32.12419799019336	194.00523944790663
hsa-miR-133a-3p	44.2723308920381	137.62000298453017	11.681526541888495	193.57386041845677
hsa-miR-221-5p	128.5171619779667	63.00674835436321	0.0	191.52391033232993
hsa-miR-29c-3p	166.57862630601386	11.60650627580375	11.681526541888495	189.8666591237061
hsa-miR-146b-3p	67.84177323743968	94.09560445026611	26.283434719249115	188.2208124069549
hsa-miR-190a-5p	163.23431354078795	16.995241332426918	5.840763270944247	186.07031814415913
hsa-miR-15b-3p	79.46724142132018	90.36494171875776	14.601908177360619	184.43409131743857
hsa-miR-1301-3p	95.07403432570771	85.805242824692	0.0	180.87927715039973
hsa-miR-330-3p	79.46724142132018	101.1424118320041	0.0	180.60965325332427
hsa-miR-30d-3p	138.86860625128497	38.964699640198305	0.0	177.8333058914833
hsa-miR-431-3p	85.83736097413143	90.77945980003648	0.0	176.6168207741679
hsa-miR-361-5p	154.4753991556725	5.803253137901875	11.681526541888495	171.96017883546287
hsa-miR-485-3p	86.47437292941255	63.42126643564192	20.442671448304868	170.33831081335936
hsa-miR-30c-1-3p	64.49746047221377	94.09560445026611	11.681526541888495	170.27459146436837
hsa-miR-361-3p	108.13277940897076	46.840543184493704	14.601908177360619	169.5752307708251
hsa-miR-574-3p	102.87743077790148	44.76795277810018	14.601908177360619	162.2472917333623
hsa-miR-505-3p	78.03396452193766	67.56644724842897	14.601908177360619	160.20231994772726
hsa-miR-376a-3p	87.21755354390719	65.49385684203544	0.0	152.71141038594263
hsa-miR-342-5p	10.032938295677699	18.238795576263037	122.6560286898292	150.92776256176992
hsa-miR-335-3p	122.46554840279605	20.311385982656564	0.0	142.77693438545262
hsa-miR-33a-5p	106.69950250958823	32.33241033973902	0.0	139.03191284932726
hsa-miR-1908-5p	87.7483968399748	36.477591152526074	14.601908177360619	138.8278961698615
hsa-miR-7706	23.250936367761017	47.66957934705112	64.24839598038672	135.16891169519886
hsa-let-7f-2-3p	57.968087930582264	75.85680887400308	0.0	133.82489680458534
hsa-miR-18a-5p	122.7840543804366	10.362952031967634	0.0	133.14700641240424
hsa-miR-7977	70.54907404738445	26.529157201837144	35.044579625665484	132.12281087488708
hsa-miR-501-3p	49.846185500747936	59.276085622854865	20.442671448304868	129.56494257190766
hsa-miR-323a-3p	68.95654415918165	53.47283248495299	5.840763270944247	128.2701399150789
hsa-miR-874-3p	32.965368685798154	52.22927824111687	40.885342896609735	126.07998982352476
hsa-miR-136-5p	106.69950250958823	16.580723251148214	0.0	123.28022576073644
hsa-miR-191-3p	63.86044851693266	48.49861550960853	5.840763270944247	118.19982729748543
hsa-miR-99a-5p	33.283874663438716	65.07933876075674	17.522289812832742	115.8855032370282
hsa-miR-369-3p	113.54738102886031	2.0725904063935268	0.0	115.61997143525385
hsa-miR-362-5p	82.97080717536637	32.33241033973902	0.0	115.30321751510539
hsa-miR-26b-3p	88.22615580643564	14.508132844754687	8.761144906416371	111.4954335576067
hsa-miR-27b-5p	34.2393925963604	73.78421846760955	0.0	108.02361106396995
hsa-miR-215-5p	44.11307790321782	13.264578600918572	49.646487803026105	107.0241443071625
hsa-miR-550a-3p	20.893992133220856	12.850060519639865	73.0095408868031	106.75359353966381
hsa-miR-1304-3p	77.87471153311738	21.969458307771383	5.840763270944247	105.684933111833
hsa-miR-29b-3p	99.69237100149587	2.4871084876722325	0.0	102.1794794891681
hsa-miR-1185-1-3p	59.79949730201549	42.28084429042794	0.0	102.08034159244343
hsa-miR-338-5p	71.66384496912642	26.943675283115848	0.0	98.60752025224227
hsa-miR-196b-5p	71.66384496912642	26.943675283115848	0.0	98.60752025224227
hsa-miR-377-3p	82.81155418654609	15.337169007312099	0.0	98.14872319385819
hsa-miR-98-3p	32.806115696977876	64.25030259819933	0.0	97.0564182951772
hsa-miR-194-5p	79.94500038778102	9.948433950688928	5.840763270944247	95.7341976094142
hsa-miR-125b-5p	33.761633629899556	46.840543184493704	14.601908177360619	95.20408499175387
hsa-miR-497-5p	68.79729117036136	19.482349820099152	5.840763270944247	94.12040426140476
hsa-miR-93-3p	33.443127652258994	35.64855498996866	23.36305308377699	92.45473572600464
hsa-miR-224-5p	58.60509988586338	32.74692842101772	0.0	91.3520283068811
hsa-miR-183-5p	70.38982105856418	9.119397788131518	11.681526541888495	91.19074538858419
hsa-miR-10399-3p	65.29372541631518	24.87108487672232	0.0	90.1648102930375
hsa-miR-140-5p	83.13006016418665	6.632289300459286	0.0	89.76234946464594
hsa-miR-629-5p	31.850597764056186	29.845301852066786	26.283434719249115	87.97933433537209
hsa-miR-25-5p	8.758914385115451	33.575964583575136	43.805724532081854	86.14060350077244
hsa-miR-7704	0.6370119552811238	6.21777121918058	78.85030415774735	85.70508733220905
hsa-miR-33b-5p	35.513416506922646	37.30662731508348	11.681526541888495	84.50157036389461
hsa-miR-3677-3p	15.447539915567251	57.20349521646134	11.681526541888495	84.3325616739171
hsa-miR-150-3p	1.1147709217419666	4.1451808127870535	78.85030415774735	84.11025589227637
hsa-miR-379-5p	65.29372541631518	18.238795576263037	0.0	83.53252099257821
hsa-miR-130b-5p	43.476065947936696	39.79373580275571	0.0	83.26980175069241
hsa-miR-424-3p	5.892360586350395	4.559698894065759	70.08915925133097	80.54121873174712
hsa-miR-2355-5p	69.75280910328306	10.362952031967634	0.0	80.1157611352507
hsa-miR-154-5p	59.71987080760535	20.311385982656564	0.0	80.03125679026192
hsa-let-7b-3p	11.466215195060228	62.1777121918058	5.840763270944247	79.48469065781028
hsa-miR-494-3p	68.63803818154108	9.533915869410222	0.0	78.1719540509513
hsa-miR-1468-5p	42.04278904855417	24.87108487672232	8.761144906416371	75.67501883169287
hsa-miR-5189-5p	27.39151407708832	46.426025103215	0.0	73.81753918030331
hsa-miR-22-5p	45.705607791420626	21.55494022649268	5.840763270944247	73.10131128885756
hsa-miR-203a-3p	35.513416506922646	5.38873505662317	29.203816354721237	70.10596791826705
hsa-miR-10401-3p	3.185059776405619	10.77747011324634	55.48725107397035	69.4497809636223
hsa-miR-6842-3p	27.073008099447758	34.81951882741125	5.840763270944247	67.73329019780326
hsa-miR-452-5p	13.69575703854416	53.887350566231696	0.0	67.58310760477586
hsa-miR-320c	9.306441327630893	43.39412142300503	13.044371305108818	65.74493405574475
hsa-miR-376a-5p	57.01256999766058	8.704879706852813	0.0	65.71744970451338
hsa-miR-10399-5p	56.53481103119973	7.046807381737991	0.0	63.58161841293772
hsa-miR-100-5p	28.028526032369445	26.114639120558437	8.761144906416371	62.90431005934425
hsa-miR-1296-5p	42.04278904855417	19.482349820099152	0.0	61.52513886865332
hsa-miR-598-3p	42.679801003835294	4.974216975344464	11.681526541888495	59.33554452106825
hsa-miR-331-5p	16.880816814949778	24.456566795443617	17.522289812832742	58.85967342322614
hsa-miR-664a-5p	45.38710181378007	13.264578600918572	0.0	58.651680414698646
hsa-miR-3120-3p	31.532091786415627	26.943675283115848	0.0	58.47576706953147
hsa-miR-2110	13.217998072083319	18.65331365754174	26.283434719249115	58.15474644887418
hsv2-miR-H10	2.229541843483933	12.43554243836116	40.885342896609735	55.550427178454825
hsa-miR-299-3p	41.405777093273045	14.093614763475982	0.0	55.49939185674903
hsa-miR-539-5p	43.635318936756974	9.948433950688928	0.0	53.583752887445904
hsa-miR-4732-5p	0.7962649441014047	2.9016265689509373	49.646487803026105	53.344379316078445
hsa-miR-628-3p	36.787440417484895	9.533915869410222	5.840763270944247	52.16211955783936
hsa-miR-128-1-5p	17.836334747871465	28.187229526951963	5.840763270944247	51.86432754576768
hsa-miR-369-5p	42.99830698147585	8.290361625574107	0.0	51.28866860704996
hsa-miR-378d	10.855745404582485	34.6122597867719	4.380572453208186	49.848577644562575
hsa-miR-548o-3p	40.29100617153108	9.533915869410222	0.0	49.8249220409413
hsa-miR-760	11.306962206239946	23.2130125516075	14.601908177360619	49.12188293520806
hsa-miR-4523	12.262480139161632	36.477591152526074	0.0	48.740071291687705
hsa-miR-3158-3p	6.210866563990956	13.264578600918572	29.203816354721237	48.67926151963077
hsa-miR-30a-3p	21.260274007507505	21.55494022649268	5.840763270944247	48.65597750494443
hsa-let-7f-1-3p	8.758914385115451	39.37921772147701	0.0	48.138132106592465
hsa-miR-199b-5p	39.919415864283756	7.875843544295401	0.0	47.795259408579156
hsa-miR-29c-5p	36.15042846220377	11.60650627580375	0.0	47.756934738007516
hsa-miR-548j-5p	21.180647513097366	26.529157201837144	0.0	47.709804714934506
hsa-miR-1185-5p	32.965368685798154	13.679096682197276	0.0	46.64446536799543
hsa-miR-548e-3p	33.92088661871984	11.191988194525045	0.0	45.112874813244886
hsa-miR-548e-5p	29.461802931751972	14.093614763475982	0.0	43.55541769522795
hsa-miR-99b-3p	31.213585808775065	11.60650627580375	0.0	42.82009208457882
hsa-miR-454-5p	39.01698226096883	3.316144650229643	0.0	42.33312691119848
hsa-miR-2277-5p	9.395926340396576	19.482349820099152	11.681526541888495	40.559802702384225
hsa-miR-7849-3p	24.04720131186242	15.337169007312099	0.0	39.38437031917452
hsa-miR-1287-5p	10.510697262138542	19.482349820099152	8.761144906416371	38.754191988654064
hsa-miR-490-3p	5.4146016198895515	33.16144650229643	0.0	38.57604812218598
hsa-miR-4785	16.243804859668657	21.969458307771383	0.0	38.21326316744004
hsa-miR-5010-5p	0.9555179329216856	1.6580723251148215	35.044579625665484	37.658169883701994
hsa-miR-3182	1.4332768993825284	3.7306627315083483	32.12419799019336	37.28813762108423
hsa-miR-487a-3p	26.595249132986915	9.948433950688928	0.0	36.543683083675845
hsa-miR-409-5p	19.11035865843371	16.995241332426918	0.0	36.105599990860625
hsa-miR-502-3p	15.28828692674697	20.725904063935268	0.0	36.01419099068224
hsa-miR-4746-5p	18.791852680793152	11.191988194525045	5.840763270944247	35.824604146262445
hsa-miR-340-3p	33.283874663438716	2.487108487672232	0.0	35.77098315111095
hsa-miR-10527-5p	12.10322715034135	14.508132844754687	8.761144906416371	35.37250490151241
hsa-miR-532-3p	11.466215195060228	3.316144650229643	20.442671448304868	35.22503129359474
hsa-miR-125b-2-3p	4.936842653428709	30.25981993334549	0.0	35.196662586774195
hsa-miR-590-3p	35.035657540461806	0.0	0.0	35.035657540461806
hsa-miR-190b-5p	11.306962206239946	23.627530632886206	0.0	34.93449283912615
hsa-miR-424-5p	24.04720131186242	4.559698894065759	5.840763270944247	34.44766347687242
hsa-miR-320d	4.125410758011087	29.963735589574988	0.0	34.08914634758607
hsa-miR-1180-3p	3.9813247205070232	0.8290361625574107	29.203816354721237	34.014177237785674
hsa-miR-132-3p	24.524960278323263	9.119397788131518	0.0	33.644358066454785
hsa-miR-4286	16.562310837309216	16.580723251148214	0.0	33.143034088457426
hsa-miR-193a-5p	5.09609564224899	1.243554243836116	26.283434719249115	32.62308460533422
hsa-miR-939-5p	4.299830698147585	16.580723251148214	11.681526541888495	32.56208049118429
hsa-miR-942-5p	26.276743155346356	6.21777121918058	0.0	32.494514374526936
hsa-miR-329-3p	25.161972233604388	7.046807381737991	0.0	32.20877961534238
hsa-miR-18a-3p	15.447539915567251	7.875843544295401	8.761144906416371	32.084528366279024
hsa-miR-543	16.721563826129497	15.337169007312099	0.0	32.058732833441596
hsa-miR-20b-5p	23.6756110046151	2.487108487672232	5.840763270944247	32.003482763231574
hsa-let-7i-3p	19.747370613714835	12.021024357082455	0.0	31.76839497079729
hsa-miR-671-5p	7.484890474553204	24.04204871416491	0.0	31.526939188718114
hsa-miR-330-5p	21.021394524277085	4.559698894065759	5.840763270944247	31.421856689287093
hsa-miR-374b-3p	23.091683378940736	5.38873505662317	0.0	28.480418435563905
hsa-miR-103a-2-5p	20.065876591355398	8.290361625574107	0.0	28.356238216929505
hsa-miR-589-3p	19.11035865843371	9.119397788131518	0.0	28.22975644656523
hsa-miR-3928-3p	6.210866563990956	21.969458307771383	0.0	28.180324871762338
hsa-miR-5100	1.5925298882028094	2.9016265689509373	23.36305308377699	27.857209540930736
hsa-miR-146a-3p	14.810527960286127	12.43554243836116	0.0	27.246070398647287
hsa-miR-744-3p	23.887948323042142	3.316144650229643	0.0	27.204092973271784
hsa-miR-23a-5p	19.906623602535117	1.243554243836116	5.840763270944247	26.99094111731548
hsa-miR-337-3p	25.958237177705794	0.8290361625574107	0.0	26.787273340263205
hsa-miR-106a-5p	10.192191284497978	4.1451808127870535	11.681526541888495	26.01889863917353
hsa-miR-337-5p	25.002719244784107	0.8290361625574107	0.0	25.831755407341518
hsa-miR-652-5p	20.54363555781624	4.559698894065759	0.0	25.103334451882
hsa-miR-641	17.995587736691746	6.632289300459286	0.0	24.62787703715103
hsa-miR-382-3p	18.63259969197287	5.803253137901875	0.0	24.435852829874747
hsa-miR-4508	1.1147709217419666	8.704879706852813	14.601908177360619	24.4215588059554
hsa-let-7g-3p	11.943974161521071	12.021024357082455	0.0	23.964998518603526
hsa-miR-668-3p	10.669950250958824	13.264578600918572	0.0	23.934528851877396
hsa-miR-2355-3p	14.651274971465845	9.119397788131518	0.0	23.770672759597364
hsa-miR-665	12.899492094442756	10.77747011324634	0.0	23.676962207689094
hsa-miR-3605-5p	2.866553798765057	5.803253137901875	14.601908177360619	23.27171511402755
hsa-miR-625-3p	8.59966139629517	13.679096682197276	0.0	22.278758078492444
hsa-miR-145-3p	20.702888546636522	1.243554243836116	0.0	21.946442790472638
hsa-miR-873-5p	0.7962649441014047	21.14042214521397	0.0	21.936687089315377
hsa-miR-6837-3p	12.580986116802194	9.119397788131518	0.0	21.700383904933712
hsa-miR-6131	0.0	1.243554243836116	20.442671448304868	21.686225692140983
hsa-miR-3613-5p	20.702888546636522	0.8290361625574107	0.0	21.531924709193934
hsa-miR-4435	17.836334747871465	3.316144650229643	0.0	21.152479398101107
hsa-miR-432-3p	8.281155418654608	12.850060519639866	0.0	21.131215938294474
hsa-miR-1306-3p	5.09609564224899	15.751687088590803	0.0	20.847782730839793
hsa-miR-495-3p	17.517828770230903	2.9016265689509373	0.0	20.41945533918184
hsa-miR-539-3p	18.31409371433231	2.0725904063935268	0.0	20.386684120725835
hsa-miR-20a-3p	12.421733127981913	7.875843544295401	0.0	20.297576672277316
hsa-miR-4677-3p	15.28828692674697	4.559698894065759	0.0	19.84798582081273
hsa-miR-1197	18.63259969197287	0.8290361625574107	0.0	19.461635854530282
hsa-miR-101-5p	13.69575703854416	5.38873505662317	0.0	19.08449209516733
hsa-miR-4645-3p	16.243804859668657	2.0725904063935268	0.0	18.316395266062184
hsa-miR-1908-3p	2.866553798765057	3.316144650229643	11.681526541888495	17.864224990883194
hsa-miR-3177-3p	6.051613575170675	11.60650627580375	0.0	17.658119850974423
hsa-miR-4516	0.0	2.9016265689509373	14.601908177360619	17.503534746311555
hsa-miR-3940-3p	4.936842653428709	0.8290361625574107	11.681526541888495	17.447405357874615
hsa-miR-550a-5p	9.767516647643898	7.5994981567762645	0.0	17.36701480442016
hsa-miR-6511a-3p	3.981324720507024	1.658072325114822	11.681526541888498	17.320923587510343
hsa-miR-491-5p	10.19219128449798	7.046807381737991	0.0	17.23899866623597
hsa-miR-411-3p	17.04006980377006	0.0	0.0	17.04006980377006
hsa-miR-1249-3p	3.5035657540461806	7.4613254630166965	5.840763270944247	16.805654488007125
hsa-miR-141-3p	15.925298882028093	0.8290361625574107	0.0	16.754335044585503
hsa-miR-659-5p	6.529372541631519	4.1451808127870535	5.840763270944247	16.51531662536282
hsa-miR-9-5p	15.606792904387532	0.8290361625574107	0.0	16.435829066944944
hsa-miR-378b	0.6370119552811238	15.751687088590803	0.0	16.388699043871927
hsa-miR-3913-5p	10.351444273318261	5.803253137901875	0.0	16.154697411220134
hsa-miR-6515-5p	3.6628187428664614	12.43554243836116	0.0	16.098361181227624
hsa-miR-30b-3p	12.740239105622475	3.316144650229643	0.0	16.056383755852117
hsa-miR-3613-3p	4.777589664608428	5.38873505662317	5.840763270944247	16.007087992175844
hsa-miR-4685-3p	1.1147709217419666	0.0	14.601908177360619	15.716679099102585
hsa-miR-6516-5p	11.147709217419665	4.559698894065759	0.0	15.707408111485424
hsa-miR-496	13.058745083263037	2.487108487672232	0.0	15.54585357093527
hsa-miR-556-5p	12.262480139161632	2.9016265689509373	0.0	15.16410670811257
hsa-miR-412-5p	5.573854608709833	9.533915869410222	0.0	15.107770478120056
hsa-miR-548ax	9.236673351576295	5.803253137901875	0.0	15.03992648947817
hsa-miR-378a-5p	9.555179329216855	5.38873505662317	0.0	14.943914385840024
hsa-miR-11401	2.388794832304214	3.7306627315083483	8.761144906416371	14.880602470228933
hsa-miR-379-3p	14.810527960286127	0.0	0.0	14.810527960286127
hsa-miR-542-3p	13.855010027364441	0.8290361625574107	0.0	14.684046189921853
hsa-miR-627-5p	6.84787851927208	7.4613254630166965	0.0	14.309203982288777
hsa-miR-450a-5p	12.580986116802194	1.6580723251148215	0.0	14.239058441917015
hsa-miR-636	0.6370119552811238	1.6580723251148215	11.681526541888495	13.97661082228444
hsa-miR-139-3p	8.121902429834329	5.803253137901875	0.0	13.925155567736203
hsa-miR-195-5p	13.69575703854416	0.0	0.0	13.69575703854416
hsa-miR-26a-1-3p	7.007131508092361	6.632289300459286	0.0	13.639420808551648
hsa-miR-3605-3p	2.388794832304214	2.487108487672232	8.761144906416371	13.637048226392817
hsa-miR-29a-5p	8.918167373935733	4.559698894065759	0.0	13.477866268001492
hsa-miR-5189-3p	10.351444273318261	2.9016265689509373	0.0	13.2530708422692
hsa-miR-580-3p	5.733107597530114	7.4613254630166965	0.0	13.19443306054681
hsa-miR-758-5p	7.1663844969126425	5.803253137901875	0.0	12.969637634814518
hsa-miR-1538	5.892360586350395	7.046807381737991	0.0	12.939167968088386
hsa-miR-576-5p	10.829203239779103	1.243554243836116	0.0	12.072757483615218
hsa-miR-1306-5p	5.255348631069271	6.632289300459286	0.0	11.887637931528557
hsa-miR-3074-5p	8.440408407474889	3.316144650229643	0.0	11.756553057704533
hsa-miR-1228-3p	0.0	0.0	11.681526541888495	11.681526541888495
hsa-miR-4443	0.0	0.0	11.681526541888495	11.681526541888495
hsa-miR-32-5p	11.466215195060228	0.0	0.0	11.466215195060228
hsa-miR-138-5p	6.84787851927208	4.559698894065759	0.0	11.40757741333784
hsa-miR-200b-3p	10.510697262138542	0.8290361625574107	0.0	11.339733424695954
hsa-miR-7-1-3p	8.758914385115451	2.487108487672232	0.0	11.246022872787684
hsa-miR-3176	5.573854608709833	5.38873505662317	0.0	10.962589665333002
hsa-miR-152-5p	7.484890474553204	3.316144650229643	0.0	10.801035124782846
hsa-miR-3200-3p	1.1147709217419666	0.8290361625574107	8.761144906416371	10.704951990715749
hsa-miR-628-5p	10.669950250958824	0.0	0.0	10.669950250958824
hsa-miR-940	6.3701195528112375	4.1451808127870535	0.0	10.515300365598291
hsa-miR-504-5p	0.0	1.6580723251148215	8.761144906416371	10.419217231531192
hsa-miR-34a-5p	4.936842653428709	5.38873505662317	0.0	10.325577710051878
hsa-miR-29b-2-5p	4.459083686967866	5.803253137901875	0.0	10.262336824869742
hsa-miR-2276-3p	0.6370119552811238	3.7306627315083483	5.840763270944247	10.20843795773372
hsa-miR-3661	3.9813247205070232	6.21777121918058	0.0	10.199095939687604
hsa-miR-6511b-3p	1.5925298882028094	2.487108487672232	5.840763270944247	9.92040164681929
hsa-miR-296-5p	2.388794832304214	1.6580723251148215	5.840763270944247	9.887630428363282
hsa-miR-656-3p	9.873685306857418	0.0	0.0	9.873685306857418
hsa-miR-10396b-5p	0.0	0.0	9.734605451573746	9.734605451573746
hsa-miR-6772-3p	4.299830698147585	5.38873505662317	0.0	9.688565754770755
hsa-miR-1271-5p	8.440408407474889	1.243554243836116	0.0	9.683962651311004
hsa-miR-200c-3p	9.555179329216855	0.0	0.0	9.555179329216855
hsa-miR-143-5p	8.281155418654608	1.243554243836116	0.0	9.524709662490723
hsa-miR-4662a-5p	9.395926340396576	0.0	0.0	9.395926340396576
hsa-miR-450b-5p	8.121902429834329	1.243554243836116	0.0	9.365456673670444
hsa-miR-6129	2.7073008099447757	6.632289300459286	0.0	9.339590110404062
hsa-miR-2277-3p	4.299830698147585	4.974216975344464	0.0	9.27404767349205
hsa-miR-2467-5p	6.688625530451799	2.487108487672232	0.0	9.17573401812403
hsa-miR-3127-5p	0.7962649441014047	2.487108487672232	5.840763270944247	9.124136702717884
hsa-miR-6741-3p	5.733107597530114	3.316144650229643	0.0	9.049252247759757
hsa-miR-1270	4.459083686967866	4.559698894065759	0.0	9.018782581033626
hsa-miR-6850-5p	0.0	0.0	8.761144906416371	8.761144906416371
hsa-miR-10395-3p	0.0	0.0	8.761144906416371	8.761144906416371
hsa-miR-642a-3p	0.0	0.0	8.761144906416371	8.761144906416371
hsa-miR-26a-2-3p	2.7073008099447757	5.803253137901875	0.0	8.51055394784665
hsa-miR-6847-5p	3.5035657540461806	4.974216975344464	0.0	8.477782729390645
hsa-miR-4661-5p	1.2740239105622475	7.046807381737991	0.0	8.320831292300237
hsa-miR-33a-3p	7.484890474553204	0.8290361625574107	0.0	8.313926637110615
hsa-miR-4326	6.529372541631519	1.6580723251148215	0.0	8.18744486674634
hsa-miR-503-5p	1.4332768993825284	0.8290361625574107	5.840763270944247	8.103076332884186
hsa-miR-7848-3p	4.299830698147585	3.7306627315083483	0.0	8.030493429655934
hsa-miR-186-3p	4.459083686967866	3.316144650229643	0.0	7.775228337197509
hsa-miR-3196	1.9110358658433713	5.803253137901875	0.0	7.714289003745246
hsa-miR-3065-5p	4.777589664608428	2.9016265689509373	0.0	7.679216233559365
hsa-miR-664a-3p	6.688625530451799	0.8290361625574107	0.0	7.5176616930092095
hsa-miR-4646-5p	0.3185059776405619	1.243554243836116	5.840763270944247	7.402823492420925
hsa-miR-320e	1.5925298882028094	5.595994097262523	0.0	7.1885239854653324
hsa-miR-4707-3p	5.09609564224899	2.0725904063935268	0.0	7.168686048642517
hsa-miR-3909	1.2740239105622475	0.0	5.840763270944247	7.114787181506495
hsa-miR-362-3p	1.2740239105622475	0.0	5.840763270944247	7.114787181506495
hsa-miR-4786-5p	4.936842653428709	2.0725904063935268	0.0	7.009433059822236
hsa-miR-6513-5p	3.6628187428664614	3.316144650229643	0.0	6.978963393096104
hsa-miR-643	1.1147709217419666	0.0	5.840763270944247	6.955534192686214
hsa-miR-1294	1.9110358658433713	4.974216975344464	0.0	6.885252841187835
hsa-miR-4526	0.6370119552811238	6.21777121918058	0.0	6.854783174461704
hsa-miR-551b-3p	6.84787851927208	0.0	0.0	6.84787851927208
hsa-miR-627-3p	6.84787851927208	0.0	0.0	6.84787851927208
hsa-miR-9985	1.6190720530061897	2.2798494470328796	2.9203816354721237	6.819303135511193
hsa-miR-376a-2-5p	5.573854608709833	1.243554243836116	0.0	6.817408852545949
hsa-miR-1255a	4.299830698147585	2.487108487672232	0.0	6.786939185819817
hsa-miR-3065-3p	5.892360586350395	0.8290361625574107	0.0	6.7213967489078055
hsa-miR-380-3p	6.688625530451799	0.0	0.0	6.688625530451799
hsa-miR-1275	0.0	0.8290361625574107	5.840763270944247	6.669799433501658
hsa-miR-212-3p	0.7962649441014047	0.0	5.840763270944247	6.637028215045652
hsa-miR-582-3p	0.6370119552811238	0.0	5.840763270944247	6.477775226225371
hsa-miR-4449	2.229541843483933	4.1451808127870535	0.0	6.374722656270986
hsa-miR-548a-5p	5.09609564224899	1.243554243836116	0.0	6.339649886085106
hsa-miR-5010-3p	4.618336675788147	1.6580723251148215	0.0	6.276409000902969
hsa-miR-1277-3p	6.210866563990956	0.0	0.0	6.210866563990956
hsa-miR-6803-3p	0.3185059776405619	0.0	5.840763270944247	6.15926924858481
hsa-miR-3617-5p	2.388794832304214	3.7306627315083483	0.0	6.119457563812562
hsa-miR-6859-5p	1.9110358658433706	4.1451808127870535	0.0	6.056216678630424
hsa-miR-27a-5p	1.4332768993825284	4.559698894065759	0.0	5.992975793448288
hsa-miR-4687-5p	2.548047821124495	3.316144650229643	0.0	5.864192471354138
hsa-miR-3178	0.0	0.0	5.840763270944247	5.840763270944247
hsa-miR-193b-5p	0.0	0.0	5.840763270944247	5.840763270944247
hsa-miR-6729-5p	0.0	0.0	5.840763270944247	5.840763270944247
hsa-miR-3614-5p	0.0	0.0	5.840763270944247	5.840763270944247
hsa-miR-7975	0.0	0.0	5.840763270944247	5.840763270944247
hsa-miR-6851-5p	0.0	0.0	5.840763270944247	5.840763270944247
hsa-miR-642a-5p	0.0	0.0	5.840763270944247	5.840763270944247
hsa-miR-629-3p	0.0	0.0	5.840763270944247	5.840763270944247
hsa-miR-1185-2-3p	5.812734091940254	0.0	0.0	5.812734091940254
hsa-miR-4767	1.5925298882028094	4.1451808127870535	0.0	5.737710700989863
hsa-miR-616-5p	4.459083686967866	1.243554243836116	0.0	5.7026379308039825
hsa-miR-219a-1-3p	3.1850597764056188	2.487108487672232	0.0	5.67216826407785
hsa-miR-4665-5p	2.7073008099447757	2.9016265689509373	0.0	5.608927378895713
hsa-miR-92a-1-5p	2.7073008099447757	2.9016265689509373	0.0	5.608927378895713
hsa-miR-7705	4.618336675788147	0.8290361625574107	0.0	5.447372838345558
hsa-miR-548al	4.459083686967866	0.8290361625574107	0.0	5.288119849525277
hsa-miR-3120-5p	1.4332768993825284	3.7306627315083483	0.0	5.1639396308908765
hsa-miR-1537-3p	3.5035657540461806	1.6580723251148215	0.0	5.161638079161002
hsa-miR-1343-3p	2.229541843483933	2.9016265689509373	0.0	5.131168412434871
hsa-miR-5683	5.09609564224899	0.0	0.0	5.09609564224899
hsa-miR-5190	0.4777589664608428	4.559698894065759	0.0	5.037457860526602
hsa-miR-378g	0.4777589664608428	4.559698894065759	0.0	5.037457860526602
hsa-miR-6502-5p	2.548047821124495	2.487108487672232	0.0	5.0351563087967275
hsa-miR-6770-3p	2.5480478211244946	2.487108487672232	0.0	5.035156308796727
hsa-miR-188-5p	3.3443127652258995	1.6580723251148215	0.0	5.002385090340721
hsa-miR-541-3p	2.866553798765057	2.0725904063935268	0.0	4.939144205158584
hsa-miR-3912-3p	4.936842653428709	0.0	0.0	4.936842653428709
hsa-miR-373-3p	0.3185059776405619	4.559698894065759	0.0	4.8782048717063216
hsa-miR-10396a-5p	0.0	0.0	4.867302725786873	4.867302725786873
hsa-miR-219b-3p	1.1147709217419666	3.7306627315083483	0.0	4.845433653250315
hsa-miR-487a-5p	3.1850597764056188	1.6580723251148215	0.0	4.843132101520441
hsa-miR-548a-3p	3.1850597764056183	1.6580723251148215	0.0	4.84313210152044
hsa-miR-501-5p	1.9110358658433713	2.9016265689509373	0.0	4.8126624347943086
hsa-miR-30c-2-3p	1.9110358658433713	2.9016265689509373	0.0	4.8126624347943086
hsa-miR-3679-5p	3.9813247205070232	0.8290361625574107	0.0	4.810360883064434
hsa-miR-545-5p	4.777589664608428	0.0	0.0	4.777589664608428
hsa-miR-561-5p	1.4332768993825284	3.316144650229643	0.0	4.749421549612172
hsa-miR-548n	3.8220717316867425	0.8290361625574107	0.0	4.651107894244153
hsa-miR-7855-5p	2.070288854663652	2.487108487672232	0.0	4.557397342335884
hsa-miR-6813-5p	2.866553798765057	1.6580723251148215	0.0	4.524626123879878
hsa-miR-4511	3.6628187428664614	0.8290361625574107	0.0	4.491854905423872
hsa-miR-766-5p	1.1147709217419666	3.316144650229643	0.0	4.430915571971609
hsa-miR-204-5p	3.5035657540461806	0.8290361625574107	0.0	4.332601916603592
hsa-miR-6818-5p	3.0258067875853376	1.243554243836116	0.0	4.269361031421454
hsa-miR-556-3p	4.140577709327304	0.0	0.0	4.140577709327304
hsa-miR-125a-3p	2.388794832304214	1.6580723251148215	0.0	4.046867157419035
hsa-miR-590-5p	3.9813247205070232	0.0	0.0	3.9813247205070232
hsa-miR-548l	2.7073008099447757	1.243554243836116	0.0	3.9508550537808915
hsa-miR-769-3p	1.4332768993825284	2.487108487672232	0.0	3.9203853870547603
hsa-miR-664b-5p	2.229541843483933	1.6580723251148215	0.0	3.8876141685987546
hsa-miR-937-3p	0.9555179329216856	2.9016265689509373	0.0	3.857144501872623
hsa-miR-205-5p	1.7517828770230903	2.0725904063935268	0.0	3.824373283416617
hsa-miR-651-5p	3.8220717316867425	0.0	0.0	3.8220717316867425
hsa-miR-16-1-3p	2.548047821124495	1.243554243836116	0.0	3.7916020649606113
hsa-miR-7845-5p	1.2740239105622475	2.487108487672232	0.0	3.7611323982344795
hsa-miR-889-5p	1.2740239105622475	2.487108487672232	0.0	3.7611323982344795
hsa-miR-3138	0.7962649441014047	2.9016265689509373	0.0	3.697891513052342
hsa-miR-3188	3.6628187428664614	0.0	0.0	3.6628187428664614
hsa-miR-3174	3.6628187428664614	0.0	0.0	3.6628187428664614
hsa-miR-548j-3p	3.6628187428664614	0.0	0.0	3.6628187428664614
hsa-miR-505-5p	2.7073008099447757	0.8290361625574107	0.0	3.5363369725021867
hsa-miR-4510	0.39813247205070235	3.10888560959029	0.0	3.5070180816409926
hsa-miR-5706	1.4332768993825284	2.0725904063935268	0.0	3.5058673057760554
hsa-miR-5000-3p	1.4332768993825284	2.0725904063935268	0.0	3.5058673057760554
hsa-miR-32-3p	3.5035657540461806	0.0	0.0	3.5035657540461806
hsa-miR-135a-5p	3.5035657540461806	0.0	0.0	3.5035657540461806
hsa-miR-3190-3p	1.7517828770230903	1.6580723251148215	0.0	3.409855202137912
hsa-miR-1304-5p	2.548047821124495	0.8290361625574107	0.0	3.3770839836819055
hsa-let-7e-3p	3.3443127652258995	0.0	0.0	3.3443127652258995
hsa-miR-873-3p	0.0	3.316144650229643	0.0	3.316144650229643
hsa-miR-550b-3p	1.5606792904387532	1.6580723251148215	0.0	3.2187516155535745
hsa-miR-10a-3p	3.1850597764056188	0.0	0.0	3.1850597764056188
hsa-miR-18b-5p	3.1850597764056188	0.0	0.0	3.1850597764056188
hsa-miR-133a-5p	0.6370119552811238	2.487108487672232	0.0	3.124120442953356
hsa-miR-1250-5p	1.4332768993825284	1.6580723251148215	0.0	3.0913492244973497
hsa-miR-6514-5p	1.4332768993825284	1.6580723251148215	0.0	3.0913492244973497
hsa-miR-4750-5p	2.229541843483933	0.8290361625574107	0.0	3.058578006041344
hsa-miR-7-5p	3.0258067875853376	0.0	0.0	3.0258067875853376
hsa-miR-12135	3.0258067875853376	0.0	0.0	3.0258067875853376
hsa-miR-19b-1-5p	3.0258067875853376	0.0	0.0	3.0258067875853376
hsa-miR-3157-3p	1.7517828770230903	1.243554243836116	0.0	2.9953371208592063
hsa-miR-7851-3p	0.4777589664608428	2.487108487672232	0.0	2.964867454133075
hsa-miR-3124-5p	1.2740239105622475	1.6580723251148215	0.0	2.932096235677069
hsa-miR-6852-3p	2.866553798765057	0.0	0.0	2.866553798765057
hsa-miR-548ba	1.5925298882028094	1.243554243836116	0.0	2.836084132038925
hsa-miR-34c-5p	1.5925298882028094	1.243554243836116	0.0	2.836084132038925
hsa-miR-132-5p	1.1147709217419666	1.6580723251148215	0.0	2.7728432468567883
hsa-miR-548at-5p	1.1147709217419666	1.6580723251148215	0.0	2.7728432468567883
hsa-miR-130a-5p	0.6370119552811238	2.0725904063935268	0.0	2.7096023616746505
hsa-miR-187-3p	0.6370119552811238	2.0725904063935268	0.0	2.7096023616746505
hsa-miR-6724-5p	0.6370119552811234	2.072590406393527	0.0	2.7096023616746505
hsa-miR-6877-5p	0.6370119552811238	2.0725904063935268	0.0	2.7096023616746505
hsa-miR-6513-3p	2.7073008099447757	0.0	0.0	2.7073008099447757
hsa-miR-193a-3p	2.7073008099447757	0.0	0.0	2.7073008099447757
hsa-miR-153-3p	2.7073008099447757	0.0	0.0	2.7073008099447757
hsa-miR-96-5p	2.7073008099447757	0.0	0.0	2.7073008099447757
hsa-miR-933	1.4332768993825284	1.243554243836116	0.0	2.6768311432186445
hsa-miR-3691-5p	1.4332768993825284	1.243554243836116	0.0	2.6768311432186445
hsa-miR-6735-5p	1.7517828770230903	0.8290361625574107	0.0	2.580819039580501
hsa-miR-219a-5p	1.7517828770230903	0.8290361625574107	0.0	2.580819039580501
hsa-miR-10b-3p	0.0	2.487108487672232	0.0	2.487108487672232
hsa-miR-380-5p	1.5925298882028094	0.8290361625574107	0.0	2.4215660507602204
hsa-miR-1292-5p	0.3185059776405619	2.0725904063935268	0.0	2.3910963840340886
hsa-miR-6509-5p	0.3185059776405619	2.0725904063935268	0.0	2.3910963840340886
hsa-miR-124-3p	2.388794832304214	0.0	0.0	2.388794832304214
hsa-miR-370-5p	2.388794832304214	0.0	0.0	2.388794832304214
hsa-miR-4638-3p	0.6370119552811238	1.6580723251148215	0.0	2.2950842803959453
hsa-miR-6862-5p	0.6370119552811238	1.6580723251148215	0.0	2.2950842803959453
hsa-miR-548u	1.4332768993825284	0.8290361625574107	0.0	2.262313061939939
hsa-miR-655-3p	2.229541843483933	0.0	0.0	2.229541843483933
hsa-miR-9903	2.229541843483933	0.0	0.0	2.229541843483933
hsa-miR-5187-5p	2.229541843483933	0.0	0.0	2.229541843483933
hsa-miR-6721-5p	0.9555179329216856	1.243554243836116	0.0	2.1990721767578014
hsa-miR-610	1.2740239105622475	0.8290361625574107	0.0	2.103060073119658
hsa-miR-3155a	0.0	2.0725904063935268	0.0	2.0725904063935268
hsa-miR-3688-3p	2.070288854663652	0.0	0.0	2.070288854663652
hsa-miR-4766-3p	2.070288854663652	0.0	0.0	2.070288854663652
hsa-miR-19a-5p	2.070288854663652	0.0	0.0	2.070288854663652
hsa-miR-577	2.070288854663652	0.0	0.0	2.070288854663652
hsa-miR-200a-3p	2.070288854663652	0.0	0.0	2.070288854663652
Hsa-Mir-544_5p	2.070288854663652	0.0	0.0	2.070288854663652
hsa-miR-4775	2.070288854663652	0.0	0.0	2.070288854663652
hsa-miR-597-5p	0.7962649441014047	1.243554243836116	0.0	2.0398191879375207
hsa-miR-92b-5p	0.3185059776405619	1.6580723251148215	0.0	1.9765783027553834
hsa-miR-490-5p	0.3185059776405619	1.6580723251148215	0.0	1.9765783027553834
hsa-miR-3194-5p	0.3185059776405619	1.6580723251148215	0.0	1.9765783027553834
hsa-miR-1229-3p	1.1147709217419666	0.8290361625574107	0.0	1.9438070842993773
hsa-miR-7854-3p	1.1147709217419666	0.8290361625574107	0.0	1.9438070842993773
hsa-miR-6810-5p	1.1147709217419666	0.8290361625574107	0.0	1.9438070842993773
hsa-miR-584-3p	1.1147709217419666	0.8290361625574107	0.0	1.9438070842993773
hsa-miR-4742-3p	1.9110358658433713	0.0	0.0	1.9110358658433713
hsa-miR-6882-5p	1.9110358658433713	0.0	0.0	1.9110358658433713
hsa-miR-548ag	1.9110358658433713	0.0	0.0	1.9110358658433713
hsa-miR-1537-5p	1.9110358658433713	0.0	0.0	1.9110358658433713
hsa-miR-545-3p	1.9110358658433713	0.0	0.0	1.9110358658433713
hsa-miR-6842-5p	0.6370119552811238	1.243554243836116	0.0	1.8805661991172398
hsa-miR-3667-5p	0.9555179329216856	0.8290361625574107	0.0	1.7845540954790964
hsa-miR-5193	1.7517828770230903	0.0	0.0	1.7517828770230903
hsa-miR-6734-5p	1.7517828770230903	0.0	0.0	1.7517828770230903
hsa-miR-134-3p	1.7517828770230903	0.0	0.0	1.7517828770230903
hsa-miR-2278	1.7517828770230903	0.0	0.0	1.7517828770230903
hsa-miR-149-5p	1.7517828770230903	0.0	0.0	1.7517828770230903
hsa-miR-208b-3p	1.7517828770230903	0.0	0.0	1.7517828770230903
hsa-miR-6837-5p	0.4777589664608428	1.243554243836116	0.0	1.7213132102969588
hsa-miR-6861-5p	0.0	1.6580723251148215	0.0	1.6580723251148215
hsa-miR-3175	0.0	1.6580723251148215	0.0	1.6580723251148215
hsa-miR-4667-5p	0.0	1.6580723251148215	0.0	1.6580723251148215
hsa-miR-4734	0.7962649441014047	0.8290361625574107	0.0	1.6253011066588154
hsa-miR-943	0.7962649441014047	0.8290361625574107	0.0	1.6253011066588154
hsa-miR-222-5p	0.7962649441014047	0.8290361625574107	0.0	1.6253011066588154
hsa-miR-147b-3p	0.7962649441014047	0.8290361625574107	0.0	1.6253011066588154
hsa-miR-579-5p	0.7962649441014047	0.8290361625574107	0.0	1.6253011066588154
hsa-miR-323a-5p	0.7962649441014047	0.8290361625574107	0.0	1.6253011066588154
hsa-miR-494-5p	1.5925298882028094	0.0	0.0	1.5925298882028094
hsa-miR-3611	1.5925298882028094	0.0	0.0	1.5925298882028094
hsa-miR-4701-5p	1.5925298882028094	0.0	0.0	1.5925298882028094
hsa-miR-181b-3p	1.5925298882028094	0.0	0.0	1.5925298882028094
hsa-miR-624-5p	1.5925298882028094	0.0	0.0	1.5925298882028094
hsa-miR-502-5p	1.5925298882028094	0.0	0.0	1.5925298882028094
hsa-miR-184	1.5925298882028094	0.0	0.0	1.5925298882028094
hsa-miR-5587-5p	0.3185059776405619	1.243554243836116	0.0	1.562060221476678
hsa-miR-549a-5p	0.6370119552811238	0.8290361625574107	0.0	1.4660481178385345
hsa-miR-6892-5p	0.6370119552811238	0.8290361625574107	0.0	1.4660481178385345
hsa-miR-6866-5p	1.4332768993825284	0.0	0.0	1.4332768993825284
hsa-miR-770-5p	1.4332768993825284	0.0	0.0	1.4332768993825284
hsa-miR-129-5p	1.4332768993825284	0.0	0.0	1.4332768993825284
hsa-miR-4474-3p	1.4332768993825284	0.0	0.0	1.4332768993825284
hsa-miR-24-1-5p	1.4332768993825284	0.0	0.0	1.4332768993825284
hsa-miR-1256	1.4332768993825284	0.0	0.0	1.4332768993825284
hsa-miR-5001-3p	1.4332768993825284	0.0	0.0	1.4332768993825284
hsa-miR-3942-5p	1.4332768993825284	0.0	0.0	1.4332768993825284
hsa-miR-4762-5p	1.4332768993825284	0.0	0.0	1.4332768993825284
hsa-miR-4664-3p	0.4777589664608428	0.8290361625574107	0.0	1.3067951290182536
hsa-miR-4755-3p	0.4777589664608428	0.8290361625574107	0.0	1.3067951290182536
hsa-miR-3064-5p	0.4777589664608428	0.8290361625574107	0.0	1.3067951290182536
hsa-miR-3939	1.2740239105622475	0.0	0.0	1.2740239105622475
hsa-miR-1-3p	1.2740239105622475	0.0	0.0	1.2740239105622475
hsa-miR-4738-3p	1.2740239105622475	0.0	0.0	1.2740239105622475
hsa-miR-301a-5p	1.2740239105622475	0.0	0.0	1.2740239105622475
hsa-miR-4743-5p	1.2740239105622475	0.0	0.0	1.2740239105622475
hsa-miR-6516-3p	1.2740239105622475	0.0	0.0	1.2740239105622475
hsa-miR-891a-5p	0.0	1.243554243836116	0.0	1.243554243836116
hsa-miR-194-3p	0.0	1.243554243836116	0.0	1.243554243836116
hsa-miR-6505-5p	0.3185059776405619	0.8290361625574107	0.0	1.1475421401979726
hsa-miR-4521	0.3185059776405619	0.8290361625574107	0.0	1.1475421401979726
hsa-miR-7976	0.3185059776405619	0.8290361625574107	0.0	1.1475421401979726
hsa-miR-6884-5p	0.3185059776405619	0.8290361625574107	0.0	1.1475421401979726
hsa-miR-656-5p	0.3185059776405619	0.8290361625574107	0.0	1.1475421401979726
hsa-miR-6500-3p	1.1147709217419666	0.0	0.0	1.1147709217419666
hsa-miR-3157-5p	1.1147709217419666	0.0	0.0	1.1147709217419666
hsa-miR-4688	1.1147709217419666	0.0	0.0	1.1147709217419666
hsa-miR-874-5p	1.1147709217419666	0.0	0.0	1.1147709217419666
hsa-miR-449a	1.1147709217419666	0.0	0.0	1.1147709217419666
hsa-miR-1179	1.1147709217419666	0.0	0.0	1.1147709217419666
hsa-miR-6511a-5p	1.019219128449798	0.0	0.0	1.019219128449798
hsa-miR-542-5p	0.9555179329216856	0.0	0.0	0.9555179329216856
hsa-miR-3143	0.9555179329216856	0.0	0.0	0.9555179329216856
hsa-miR-664b-3p	0.9555179329216856	0.0	0.0	0.9555179329216856
hsa-miR-4659b-3p	0.9555179329216856	0.0	0.0	0.9555179329216856
hsa-miR-429	0.9555179329216856	0.0	0.0	0.9555179329216856
hsa-miR-3115	0.9555179329216856	0.0	0.0	0.9555179329216856
hsa-miR-4999-5p	0.9555179329216856	0.0	0.0	0.9555179329216856
hsa-miR-31-5p	0.9555179329216856	0.0	0.0	0.9555179329216856
hsa-miR-660-3p	0.9555179329216856	0.0	0.0	0.9555179329216856
hsa-miR-6503-3p	0.9555179329216856	0.0	0.0	0.9555179329216856
hsa-miR-135a-3p	0.9555179329216856	0.0	0.0	0.9555179329216856
hsa-miR-3684	0.9555179329216856	0.0	0.0	0.9555179329216856
hsa-miR-214-3p	0.0	0.8290361625574107	0.0	0.8290361625574107
hsa-miR-4741	0.0	0.8290361625574107	0.0	0.8290361625574107
hsa-miR-483-5p	0.0	0.8290361625574107	0.0	0.8290361625574107
hsa-miR-372-3p	0.0	0.8290361625574107	0.0	0.8290361625574107
hsa-miR-483-3p	0.0	0.8290361625574107	0.0	0.8290361625574107
hsa-miR-2467-3p	0.0	0.8290361625574107	0.0	0.8290361625574107
hsa-miR-3127-3p	0.0	0.8290361625574107	0.0	0.8290361625574107
hsa-miR-193b-3p	0.0	0.8290361625574107	0.0	0.8290361625574107
Hsa-Mir-1913_5p	0.0	0.8290361625574107	0.0	0.8290361625574107
hsa-miR-3934-5p	0.0	0.8290361625574107	0.0	0.8290361625574107
hsa-miR-4676-5p	0.0	0.8290361625574107	0.0	0.8290361625574107
hsa-miR-6809-5p	0.0	0.8290361625574107	0.0	0.8290361625574107
hsa-miR-3192-5p	0.0	0.8290361625574107	0.0	0.8290361625574107
hsa-miR-6804-3p	0.0	0.8290361625574107	0.0	0.8290361625574107
hsa-miR-6770-5p	0.0	0.8290361625574107	0.0	0.8290361625574107
hsa-miR-6858-5p	0.0	0.8290361625574107	0.0	0.8290361625574107
hsa-miR-6736-5p	0.0	0.8290361625574107	0.0	0.8290361625574107
hsa-miR-6894-5p	0.0	0.8290361625574107	0.0	0.8290361625574107
hsa-miR-3074-3p	0.7962649441014047	0.0	0.0	0.7962649441014047
hsa-miR-5695	0.7962649441014047	0.0	0.0	0.7962649441014047
hsa-miR-4662a-3p	0.7962649441014047	0.0	0.0	0.7962649441014047
hsa-miR-211-5p	0.7962649441014047	0.0	0.0	0.7962649441014047
hsa-miR-3920	0.7962649441014047	0.0	0.0	0.7962649441014047
hsa-miR-154-3p	0.7962649441014047	0.0	0.0	0.7962649441014047
hsa-miR-224-3p	0.7962649441014047	0.0	0.0	0.7962649441014047
hsa-miR-624-3p	0.7962649441014047	0.0	0.0	0.7962649441014047
hsa-miR-5187-3p	0.7962649441014047	0.0	0.0	0.7962649441014047
hsa-miR-550a-3-5p	0.42467463685408247	0.2763453875191369	0.0	0.7010200243732194
hsa-miR-499a-5p	0.6370119552811238	0.0	0.0	0.6370119552811238
hsa-miR-3191-3p	0.6370119552811238	0.0	0.0	0.6370119552811238
hsa-miR-5582-3p	0.6370119552811238	0.0	0.0	0.6370119552811238
hsa-miR-433-5p	0.6370119552811238	0.0	0.0	0.6370119552811238
hsa-miR-1284	0.6370119552811238	0.0	0.0	0.6370119552811238
hsa-miR-4777-3p	0.6370119552811238	0.0	0.0	0.6370119552811238
hsa-miR-196b-3p	0.6370119552811238	0.0	0.0	0.6370119552811238
hsa-miR-4446-5p	0.6370119552811238	0.0	0.0	0.6370119552811238
hsa-miR-195-3p	0.6370119552811238	0.0	0.0	0.6370119552811238
hsa-miR-5584-5p	0.6370119552811238	0.0	0.0	0.6370119552811238
hsa-miR-541-5p	0.6370119552811238	0.0	0.0	0.6370119552811238
hsa-miR-4687-3p	0.6370119552811238	0.0	0.0	0.6370119552811238
hsa-miR-190a-3p	0.6370119552811238	0.0	0.0	0.6370119552811238
hsa-miR-4654	0.6370119552811238	0.0	0.0	0.6370119552811238
hsa-miR-3150a-5p	0.6370119552811238	0.0	0.0	0.6370119552811238
hsa-miR-7109-5p	0.6370119552811238	0.0	0.0	0.6370119552811238
hsa-miR-5588-5p	0.6370119552811238	0.0	0.0	0.6370119552811238
hsa-miR-212-5p	0.6370119552811238	0.0	0.0	0.6370119552811238
hsa-miR-299-5p	0.6370119552811238	0.0	0.0	0.6370119552811238
hsa-miR-188-3p	0.6370119552811238	0.0	0.0	0.6370119552811238
hsa-miR-183-3p	0.6370119552811238	0.0	0.0	0.6370119552811238
hsa-miR-5094	0.6370119552811238	0.0	0.0	0.6370119552811238
hsa-miR-551a	0.6370119552811238	0.0	0.0	0.6370119552811238
hsa-miR-3181	0.4777589664608428	0.0	0.0	0.4777589664608428
hsa-miR-5690	0.4777589664608428	0.0	0.0	0.4777589664608428
hsa-miR-4799-5p	0.4777589664608428	0.0	0.0	0.4777589664608428
hsa-miR-6868-3p	0.4777589664608428	0.0	0.0	0.4777589664608428
hsa-miR-3128	0.4777589664608428	0.0	0.0	0.4777589664608428
hsa-miR-4485-3p	0.4777589664608428	0.0	0.0	0.4777589664608428
hsa-miR-1226-3p	0.4777589664608428	0.0	0.0	0.4777589664608428
hsa-miR-3187-3p	0.4777589664608428	0.0	0.0	0.4777589664608428
hsa-miR-5006-3p	0.4777589664608428	0.0	0.0	0.4777589664608428
hsa-miR-4766-5p	0.4777589664608428	0.0	0.0	0.4777589664608428
hsa-miR-548s	0.4777589664608428	0.0	0.0	0.4777589664608428
hsa-miR-329-5p	0.4777589664608428	0.0	0.0	0.4777589664608428
hsa-miR-544a	0.4777589664608428	0.0	0.0	0.4777589664608428
hsa-miR-877-3p	0.4777589664608428	0.0	0.0	0.4777589664608428
hsa-miR-2116-3p	0.4777589664608428	0.0	0.0	0.4777589664608428
hsa-miR-4477b	0.4777589664608428	0.0	0.0	0.4777589664608428
hsa-miR-548ah-5p	0.4777589664608428	0.0	0.0	0.4777589664608428
hsa-miR-495-5p	0.4777589664608428	0.0	0.0	0.4777589664608428
hsa-miR-5581-3p	0.4777589664608428	0.0	0.0	0.4777589664608428
hsa-miR-5000-5p	0.4777589664608428	0.0	0.0	0.4777589664608428
hsa-miR-6875-5p	0.4777589664608428	0.0	0.0	0.4777589664608428
hsa-miR-381-5p	0.4777589664608428	0.0	0.0	0.4777589664608428
hsa-miR-23b-5p	0.4777589664608428	0.0	0.0	0.4777589664608428
hsa-miR-4421	0.4777589664608428	0.0	0.0	0.4777589664608428
hsa-miR-6859-3p	0.318505977640562	0.0	0.0	0.318505977640562
hsa-miR-4765	0.3185059776405619	0.0	0.0	0.3185059776405619
hsa-miR-15a-3p	0.3185059776405619	0.0	0.0	0.3185059776405619
hsa-miR-1224-5p	0.3185059776405619	0.0	0.0	0.3185059776405619
hsa-miR-6855-5p	0.3185059776405619	0.0	0.0	0.3185059776405619
hsa-miR-6733-5p	0.3185059776405619	0.0	0.0	0.3185059776405619
hsa-miR-6791-3p	0.3185059776405619	0.0	0.0	0.3185059776405619
hsa-miR-570-3p	0.3185059776405619	0.0	0.0	0.3185059776405619
hsa-miR-296-3p	0.3185059776405619	0.0	0.0	0.3185059776405619
hsa-miR-200b-5p	0.3185059776405619	0.0	0.0	0.3185059776405619
hsa-miR-1469	0.3185059776405619	0.0	0.0	0.3185059776405619
hsa-miR-4710	0.3185059776405619	0.0	0.0	0.3185059776405619
hsa-miR-101-2-5p	0.3185059776405619	0.0	0.0	0.3185059776405619
hsa-miR-6891-5p	0.3185059776405619	0.0	0.0	0.3185059776405619
hsa-miR-6850-3p	0.3185059776405619	0.0	0.0	0.3185059776405619
hsa-miR-6763-5p	0.3185059776405619	0.0	0.0	0.3185059776405619
hsa-miR-3960	0.3185059776405619	0.0	0.0	0.3185059776405619
hsa-miR-3166	0.3185059776405619	0.0	0.0	0.3185059776405619
hsa-miR-3163	0.3185059776405619	0.0	0.0	0.3185059776405619
hsa-miR-6716-3p	0.3185059776405619	0.0	0.0	0.3185059776405619
hsa-miR-4769-3p	0.3185059776405619	0.0	0.0	0.3185059776405619
hsa-miR-4659b-5p	0.3185059776405619	0.0	0.0	0.3185059776405619
hsa-miR-6874-5p	0.3185059776405619	0.0	0.0	0.3185059776405619
hsa-miR-3675-5p	0.3185059776405619	0.0	0.0	0.3185059776405619
hsa-miR-3159	0.3185059776405619	0.0	0.0	0.3185059776405619
hsa-miR-9-3p	0.3185059776405619	0.0	0.0	0.3185059776405619
hsa-miR-4742-5p	0.3185059776405619	0.0	0.0	0.3185059776405619
hsa-miR-4701-3p	0.3185059776405619	0.0	0.0	0.3185059776405619
hsa-miR-1914-5p	0.3185059776405619	0.0	0.0	0.3185059776405619
hsa-miR-514a-3p	0.3185059776405619	0.0	0.0	0.3185059776405619
hsa-miR-7111-5p	0.3185059776405619	0.0	0.0	0.3185059776405619
hsa-miR-7856-5p	0.3185059776405619	0.0	0.0	0.3185059776405619
hsa-miR-3677-5p	0.3185059776405619	0.0	0.0	0.3185059776405619
hsa-miR-218-5p	0.3185059776405619	0.0	0.0	0.3185059776405619
hsa-miR-4638-5p	0.3185059776405619	0.0	0.0	0.3185059776405619
hsa-miR-548p	0.3185059776405619	0.0	0.0	0.3185059776405619
hsa-miR-219b-5p	0.3185059776405619	0.0	0.0	0.3185059776405619
hsa-miR-4761-3p	0.3185059776405619	0.0	0.0	0.3185059776405619
hsa-miR-548ab	0.3185059776405619	0.0	0.0	0.3185059776405619
hsa-miR-6854-5p	0.3185059776405619	0.0	0.0	0.3185059776405619
hsa-miR-544b	0.3185059776405619	0.0	0.0	0.3185059776405619
hsa-miR-552-5p	0.3185059776405619	0.0	0.0	0.3185059776405619
hsa-miR-5003-3p	0.3185059776405619	0.0	0.0	0.3185059776405619
hsa-miR-605-5p	0.3185059776405619	0.0	0.0	0.3185059776405619
hsa-miR-192-3p	0.3185059776405619	0.0	0.0	0.3185059776405619
hsa-miR-6751-3p	0.3185059776405619	0.0	0.0	0.3185059776405619
hcmv-miR-US29-3p	0.3185059776405619	0.0	0.0	0.3185059776405619
hsa-miR-5586-3p	0.3185059776405619	0.0	0.0	0.3185059776405619
hsa-miR-6810-3p	0.3185059776405619	0.0	0.0	0.3185059776405619
hsa-miR-6886-5p	0.3185059776405619	0.0	0.0	0.3185059776405619
hsa-miR-4433a-3p	0.3185059776405619	0.0	0.0	0.3185059776405619
hsa-miR-7110-5p	0.3185059776405619	0.0	0.0	0.3185059776405619
hsa-miR-6764-3p	0.3185059776405619	0.0	0.0	0.3185059776405619
hsa-miR-4498	0.3185059776405619	0.0	0.0	0.3185059776405619
hsa-miR-7151-3p	0.3185059776405619	0.0	0.0	0.3185059776405619
hsa-miR-6812-5p	0.3185059776405619	0.0	0.0	0.3185059776405619
hsa-miR-487b-5p	0.3185059776405619	0.0	0.0	0.3185059776405619
hsa-miR-6742-3p	0.3185059776405619	0.0	0.0	0.3185059776405619
hsa-miR-4469	0.3185059776405619	0.0	0.0	0.3185059776405619
hsa-miR-548aq-5p	0.3185059776405619	0.0	0.0	0.3185059776405619
hsa-miR-6772-5p	0.3185059776405619	0.0	0.0	0.3185059776405619
hsa-miR-3194-3p	0.3185059776405619	0.0	0.0	0.3185059776405619
hsa-miR-3177-5p	0.3185059776405619	0.0	0.0	0.3185059776405619
hsa-miR-6836-5p	0.3185059776405619	0.0	0.0	0.3185059776405619
hsa-miR-597-3p	0.3185059776405619	0.0	0.0	0.3185059776405619
hsa-miR-4424	0.3185059776405619	0.0	0.0	0.3185059776405619
hsa-miR-3135a	0.3185059776405619	0.0	0.0	0.3185059776405619
hsa-miR-6755-5p	0.3185059776405619	0.0	0.0	0.3185059776405619
hsa-miR-4639-5p	0.3185059776405619	0.0	0.0	0.3185059776405619
hsa-miR-3685	0.3185059776405619	0.0	0.0	0.3185059776405619
hsa-miR-6511b-5p	0.2548047821124495	0.0	0.0	0.2548047821124495
hsa-miR-376c-5p	0.15925298882028094	0.0	0.0	0.15925298882028094
hsa-miR-376b-5p	0.15925298882028094	0.0	0.0	0.15925298882028094
hsa-miR-548av-3p	0.15925298882028094	0.0	0.0	0.15925298882028094
	sumhsa-miR-214-5p	0.0	2.487108487672232	0.0	2.487108487672232
