name	SRX1733814	SRX1733815	SRX1733816	SRX1733810	SRX1733811	SRX1733812	SRX1733813	SRX1733809	SRX1733808
hsa-miR-320a-3p	49727.52043596731	270798.33147482754	270564.97632077936	635464.7153869113	446130.47715820244	83832.33532934132	58038.007190549564	227559.4371664241	662078.0846769045	2704193.8851399072
hsa-miR-128-3p	83106.26702997276	53425.84562012142	32081.524816003017	14047.979252215258	22064.16025547975	104790.41916167666	50847.45762711865	52401.746724890836	6841.352173135397	419606.7526606138
hsa-miR-26a-5p	43596.73024523161	71465.74154379878	30571.80600113229	9725.524097687487	29902.74350413703	80838.32335329341	38520.801232665646	45123.72634643377	9255.947057771418	359001.34338215145
hsa-miR-9-5p	52452.316076294286	40069.384215091064	36799.396112474045	21396.15301491247	29322.107707940202	71856.2874251497	49306.625577812025	43668.12227074236	9390.091218028967	354260.4836184451
hsa-miR-378a-3p	6471.389645776567	10841.283607979185	15050.009435742593	47979.25221525827	63144.14283640587	0.0	0.0	31295.487627365357	77062.46646395994	251844.0318324878
hsa-miR-22-3p	23160.762942779293	23070.251517779703	55859.596150217025	25070.239896261075	55015.24168965017	0.0	27734.976887519264	14556.040756914119	11759.971382579146	236227.08122369982
hsa-miR-100-5p	27247.956403269756	9800.520381613183	15474.617852424986	3025.7186081694404	9435.331688198577	62874.25149700599	33898.30508474576	55312.95487627365	6226.524771954928	223296.18116365623
hsa-miR-3168	42234.332425068125	8326.105810928013	7548.594074353652	6699.805489518046	580.6357961968355	5988.023952095808	15408.320493066258	104803.49344978166	514.2192809873011	192103.53077199572
hsa-miR-4508	9536.784741144415	88638.33477883782	4717.871296471032	38577.912254160365	1596.7484395412978	20958.08383233533	0.0	2911.208151382824	19082.006796637455	186018.95029051055
hsa-miR-181a-5p	40871.934604904636	17172.59323503903	17927.910926589924	864.4910309055543	3048.3379300333863	53892.21556886228	41602.465331278894	5822.416302765648	2727.5979252369884	183929.96285561638
hsa-miR-451a	39509.53678474115	7979.18473547268	17173.051519154556	11454.506159498595	10886.921178690665	20958.08383233533	26194.144838212636	32023.28966521106	8674.65569665534	174853.374409972
hsa-miR-483-5p	2043.5967302452318	2254.9869904596703	20758.633704472544	7348.173762697212	65321.527072143996	20958.08383233533	9244.992295839755	34934.49781659389	1565.0152030048293	164429.50740779247
hsa-let-7a-5p	40190.7356948229	3989.5923677363403	16701.264389507458	1512.8593040847202	8201.480621280303	26946.107784431137	30816.640986132516	30567.68558951965	2872.920765516008	161799.28750303102
hsv2-miR-H10	17029.9727520436	47528.18733738075	4906.586148329874	18802.679922195806	725.7947452460444	35928.14371257485	6163.328197226503	26200.873362445414	3130.0304060096587	160415.5965834525
hsa-miR-7-5p	64713.89645776567	17346.053772766692	13776.18418569542	6699.805489518046	6386.99375816519	20958.08383233533	26194.14483821264	2911.208151382824	939.0091218028974	159925.37960764472
hsa-miR-99a-5p	35422.34332425069	21769.297484822204	23211.92677863748	1728.9820618111087	10596.603280592248	5988.023952095808	29275.808936825888	17467.248908296944	6494.813092470042	151955.04781980245
hsa-miR-122-5p	74931.88010899183	2601.908065915004	38686.54463106247	1296.7365463583315	15532.00754826535	0.0	3081.6640986132516	4366.812227074236	3062.9583258808802	143560.51155216133
hsa-miR-125b-5p	25885.558583106267	22896.79098005204	14908.473296848462	3241.841365895829	9145.01379010016	5988.023952095808	40061.63328197227	14556.040756914119	5499.910570559829	142183.2865775448
hsa-miR-27b-3p	16348.773841961854	13876.843018213356	26042.6495565201	864.4910309055543	6532.1527072144	25449.101796407187	33898.30508474576	0.0	4225.541048113039	127237.85808408126
hsa-let-7b-5p	4768.392370572207	5724.19774501301	16229.477259860352	864.4910309055543	1016.1126433444622	14970.059880239522	73959.93836671804	0.0	1788.5888034340906	119321.25810008725
hsa-miR-320b	0.0	5777.0619088919175	23296.399140898106	20010.909053485237	19275.034734462806	0.0	2054.442732408834	12615.235322658902	22801.313335207098	105830.3962280129
hsa-miR-143-3p	32697.54768392371	5724.19774501301	23400.64163049632	1080.613788631943	4499.927420525475	5988.023952095808	20030.816640986133	5822.416302765648	2794.6700053657664	102038.8551698038
hsa-miR-29a-3p	21117.166212534063	8499.56634865568	7171.164370635969	0.0	10161.126433444622	5988.023952095808	6163.328197226503	26200.873362445414	1699.159363262386	87000.40824030044
hsa-miR-423-5p	2724.7956403269754	3295.750216825672	5661.445555765239	8861.033066781933	3919.29162432864	11976.047904191617	0.0	5822.416302765648	41048.11303881238	83308.8933497981
hsa-miR-126-3p	6130.790190735695	5203.816131830008	7926.023778071334	864.4910309055543	5080.563216722311	38922.155688622755	3081.6640986132516	2911.208151382824	2280.4507243784656	72401.16301126221
hsa-let-7g-5p	4768.392370572207	4856.895056374675	4906.586148329874	2593.473092716663	435.47684714762664	8982.035928143712	21571.64869029276	2911.208151382824	2861.742085494545	53887.458370454886
hsa-miR-486-5p	12261.58038147139	867.3026886383348	2075.863370447254	0.0	2032.2252866889244	20958.08383233533	10785.82434514638	0.0	1967.4476837774996	50948.32758850511
hsa-miR-4488	0.0	20121.422376409366	0.0	2593.473092716663	1596.7484395412978	23952.095808383234	0.0	0.0	514.2192809873011	48777.95899803786
hsa-let-7f-5p	18392.370572207084	5377.276669557676	11134.176259671636	2593.473092716663	435.47684714762664	0.0	0.0	8733.624454148472	1587.3725630477554	48253.77045849691
hsa-miR-320c	0.0	1556.1888241853549	11910.603078748009	8916.607490197288	12307.405180100777	0.0	0.0	5822.416302765648	6704.014104300279	47217.23498029736
hsa-miR-219a-2-3p	0.0	9193.408499566349	3019.4376297414606	0.0	4064.4505733778487	23952.095808383234	0.0	5822.416302765648	626.0060812019317	46677.81489503646
hsa-miR-378c	4427.792915531336	2688.638334778838	1839.9698056237025	9941.646855413876	5370.881114820729	0.0	0.0	9461.426491994178	10325.746735825434	44056.102253988094
hsa-miR-30d-5p	6811.989100817439	346.9210754553339	6605.019815059445	432.24551545277717	5951.516911017564	0.0	20030.816640986133	0.0	1743.8740833482384	41922.38314213693
hsa-miR-423-3p	2043.5967302452318	3469.210754553339	2264.5782223060955	1728.9820618111087	13354.623312527217	0.0	15408.320493066258	0.0	1565.0152030048293	39834.32677751408
hsa-miR-125a-5p	1362.3978201634877	1734.6053772766695	11700.32081524816	0.0	5516.0400638699375	0.0	16949.15254237288	0.0	670.720801287784	37933.23742021892
hsa-miR-24-3p	0.0	5377.276669557676	6416.304963200604	0.0	3048.3379300333863	11976.047904191617	4622.496147919877	2911.208151382824	1140.2253621892328	35491.89712847521
hsa-miR-30c-5p	16348.773841961854	5377.276669557676	6793.734666918286	0.0	1016.1126433444622	0.0	3081.6640986132516	0.0	871.9370416741192	33489.49896206965
hsa-miR-3178	6130.790190735695	6071.118820468343	754.8594074353651	4106.332396801383	435.47684714762664	0.0	0.0	14556.040756914119	983.7238418887498	33038.342261391284
hsa-miR-129-5p	0.0	6418.039895923677	2264.5782223060955	0.0	0.0	20958.08383233533	0.0	2911.208151382824	89.42944017170453	32641.339542119633
hsa-miR-21-5p	1362.3978201634877	10928.013876843019	8492.168333647858	0.0	2612.86108288576	0.0	3081.6640986132516	4366.812227074236	1095.5106421033804	31939.428081330992
hsa-miR-124-3p	1362.3978201634877	3642.671292281006	1321.0039630118888	2593.473092716663	5080.56321672231	0.0	10785.824345146379	4366.812227074236	1430.8710427472724	30583.61699986324
hsa-let-7i-5p	4087.1934604904636	520.3816131830008	1887.148518588413	2809.5958504430514	3483.814777181013	0.0	16949.15254237288	0.0	648.3634412448579	30385.650203503683
hsa-miR-340-5p	2043.5967302452318	1561.1448395490027	0.0	0.0	580.6357961968355	5988.023952095808	3081.6640986132516	16011.64483260553	961.3664818458237	30228.076731151483
hsa-miR-218-5p	0.0	5550.737207285342	8303.453481789016	0.0	435.47684714762664	0.0	0.0	14556.040756914119	626.0060812019317	29471.71437433804
hsa-miR-342-3p	12942.779291553134	0.0	1132.2891111530478	0.0	290.31789809841774	14970.059880239522	0.0	0.0	89.42944017170453	29424.875621215826
hsa-miR-185-5p	14986.376021798365	0.0	2075.863370447254	3241.841365895829	1016.1126433444622	0.0	6163.328197226503	0.0	1922.7329636916475	29406.25456240406
hsa-miR-744-5p	0.0	5030.3555941023415	2264.5782223060955	2593.473092716663	0.0	0.0	13867.488443759632	4366.812227074236	0.0	28122.70757995897
hsa-miR-127-3p	1362.3978201634877	0.0	3963.011889035667	3674.086881348606	290.31789809841774	11976.047904191617	3081.6640986132516	2911.208151382824	760.1502414594885	28018.88488429336
hsa-miR-181b-5p	0.0	6938.421509106678	2830.7227778826195	0.0	2467.702133836551	0.0	13867.488443759632	0.0	827.2223215882669	26931.557186173744
hsa-miR-139-5p	3405.9945504087195	5030.3555941023415	754.8594074353651	0.0	9580.490637247785	0.0	6163.328197226503	0.0	1967.4476837774996	26902.476070198216
hsa-miR-92a-3p	7493.188010899183	520.3816131830008	2642.007926023778	4322.455154527772	5516.0400638699375	0.0	3081.6640986132516	0.0	2817.0273654086927	26392.764232525613
hsa-miR-30a-5p	12261.58038147139	3295.750216825672	1887.148518588413	0.0	3628.973726230222	0.0	0.0	2911.208151382824	871.9370416741192	24856.59803617264
hsa-miR-186-5p	19073.56948228883	0.0	4340.44159275335	0.0	1161.271592393671	0.0	0.0	0.0	178.85888034340906	24754.14154777926
hsa-miR-101-3p	7493.188010899183	3816.131830008673	5472.730703906397	2377.3503349902744	435.47684714762664	0.0	3081.6640986132516	0.0	1833.3035235199427	24509.84534908535
hsa-miR-1180-3p	2043.5967302452318	346.9210754553339	0.0	1945.1048195374972	0.0	0.0	20030.816640986133	0.0	44.714720085852264	24411.153986310048
hsa-miR-92b-3p	0.0	4856.895056374675	566.1445555765239	0.0	0.0	8982.035928143712	9244.992295839755	0.0	178.85888034340906	23828.926716278074
hsa-miR-27a-3p	2043.5967302452318	1040.7632263660016	4529.156444612191	3241.841365895829	4064.4505733778487	4491.017964071856	3081.6640986132516	0.0	648.3634412448579	23140.85384442707
hsa-miR-204-5p	0.0	346.9210754553339	754.8594074353651	0.0	290.31789809841774	0.0	3081.6640986132516	16011.64483260553	89.42944017170453	20574.836752379604
hsa-miR-99b-5p	0.0	693.8421509106678	6227.590111341763	0.0	1596.7484395412978	0.0	6163.328197226503	2911.208151382824	827.2223215882669	18419.93937199132
hsa-miR-369-3p	0.0	0.0	2264.5782223060955	0.0	0.0	0.0	15408.320493066258	0.0	0.0	17672.898715372354
hsa-miR-328-3p	0.0	0.0	754.8594074353651	648.3682731791657	1887.0663376397154	0.0	13867.488443759632	0.0	245.93096047218745	17403.713422486064
hsa-miR-10396b-5p	0.0	3353.5703960682276	0.0	0.0	0.0	13972.055888223555	0.0	0.0	59.619626781136354	17385.245911072918
hsa-miR-335-3p	0.0	0.0	0.0	648.3682731791657	0.0	0.0	0.0	16011.64483260553	0.0	16660.013105784696
hsa-miR-671-5p	1362.3978201634877	1561.1448395490027	943.5742592942065	864.4910309055543	0.0	5988.023952095808	0.0	4366.812227074236	871.9370416741192	15958.381170756413
hsa-miR-203a-3p	0.0	0.0	566.1445555765239	0.0	1887.0663376397154	0.0	0.0	13100.436681222707	156.50152030048292	15710.149094739429
hsa-miR-191-5p	2724.7956403269754	1214.2237640936687	1132.2891111530478	864.4910309055543	2903.1789809841775	5988.023952095808	0.0	0.0	849.579681631193	15676.582161190425
hsa-miR-370-3p	0.0	6764.960971379011	0.0	0.0	0.0	0.0	7704.160246533129	0.0	424.7898408155965	14893.911058727736
hsa-miR-197-3p	0.0	0.0	3019.4376297414606	0.0	580.6357961968355	0.0	10785.82434514638	0.0	201.2162403863352	14587.114011471012
hsa-miR-103a-3p	0.0	2659.72824515756	7171.164370635969	1873.0639002953676	1161.271592393671	0.0	0.0	0.0	1639.5397364812497	14504.767844963815
hsa-miR-126-5p	0.0	867.3026886383348	2642.007926023778	1945.1048195374972	0.0	8982.035928143712	0.0	0.0	44.714720085852264	14481.166082429176
hsa-miR-433-3p	0.0	346.9210754553339	0.0	0.0	0.0	5988.023952095808	7704.160246533129	0.0	0.0	14039.105274084272
hsa-miR-487b-3p	8855.585831062672	2254.9869904596703	1509.7188148707303	0.0	0.0	0.0	0.0	0.0	1207.2974423180112	13827.589078711084
hsa-miR-486-3p	0.0	1561.1448395490027	0.0	2377.3503349902744	435.47684714762664	0.0	9244.992295839755	0.0	134.1441602575568	13753.108477784213
hsa-miR-146a-5p	0.0	0.0	1509.7188148707303	0.0	1161.271592393671	5988.023952095808	4622.496147919877	0.0	335.360400643892	13616.87090792398
hsa-miR-338-3p	0.0	346.9210754553339	754.8594074353651	0.0	1161.271592393671	0.0	10785.82434514638	0.0	558.9340010731534	13607.810421503904
hsa-miR-219a-5p	1362.3978201634877	7632.263660017346	0.0	0.0	1306.43054144288	0.0	0.0	2911.208151382824	290.6456805580397	13502.945853564577
hsa-miR-338-5p	0.0	0.0	566.1445555765239	0.0	435.47684714762664	11976.047904191617	0.0	0.0	201.2162403863352	13178.885547302103
hsa-miR-7704	0.0	3816.1318300086728	0.0	0.0	0.0	8982.035928143712	0.0	0.0	223.57360042926132	13021.741358581647
hsa-let-7c-5p	0.0	1734.6053772766695	1321.003963011889	0.0	0.0	0.0	9244.992295839755	0.0	201.2162403863352	12501.817876514648
hsa-miR-3065-3p	0.0	0.0	0.0	0.0	0.0	11976.047904191617	0.0	0.0	0.0	11976.047904191617
hsa-miR-30e-5p	681.1989100817439	693.8421509106678	2264.5782223060955	648.3682731791657	0.0	0.0	0.0	5822.416302765648	536.5766410302272	10646.980500273548
hsa-miR-4433b-3p	0.0	0.0	0.0	0.0	725.7947452460444	8982.035928143712	0.0	0.0	245.93096047218745	9953.761633861945
hsa-let-7d-3p	0.0	2254.9869904596703	1132.2891111530478	0.0	0.0	0.0	6163.328197226503	0.0	402.4324807726704	9953.036779611892
hsa-miR-374b-5p	0.0	2254.9869904596703	0.0	0.0	0.0	0.0	0.0	7278.020378457059	22.357360042926132	9555.364728959656
hsa-miR-148a-3p	6811.989100817439	0.0	566.1445555765239	1296.7365463583315	0.0	0.0	0.0	0.0	648.3634412448579	9323.233643997151
hsa-miR-326	0.0	0.0	0.0	0.0	0.0	8982.035928143712	0.0	0.0	44.714720085852264	9026.750648229565
hsa-miR-26b-5p	0.0	0.0	8114.738629930176	0.0	435.47684714762664	0.0	0.0	0.0	469.50456090144877	9019.720037979252
hsa-miR-23b-3p	0.0	1040.7632263660016	849.2168333647858	0.0	725.7947452460444	0.0	6163.328197226503	0.0	201.2162403863352	8980.319242589669
hsa-miR-4497	0.0	4509.973980919341	0.0	3241.841365895829	435.47684714762664	0.0	0.0	0.0	782.5076015024147	8969.799795465211
hsa-miR-10396a-5p	0.0	1676.7851980341138	0.0	0.0	0.0	6986.027944111777	0.0	0.0	29.809813390568177	8692.622955536459
hsa-miR-330-3p	8174.386920980927	0.0	0.0	0.0	0.0	0.0	0.0	0.0	156.50152030048292	8330.88844128141
hsa-miR-3912-3p	8174.386920980927	0.0	0.0	0.0	0.0	0.0	0.0	0.0	0.0	8174.386920980927
hsa-miR-1908-5p	0.0	1561.1448395490027	0.0	0.0	0.0	5988.023952095808	0.0	0.0	402.4324807726704	7951.601272417482
hsa-let-7e-5p	0.0	2775.368603642671	377.42970371768257	4538.577912254161	0.0	0.0	0.0	0.0	134.1441602575568	7825.520379872071
hsa-miR-320d	0.0	99.12030727295254	1455.8002857682043	1049.7391089567445	3017.232440951414	0.0	0.0	0.0	2053.683215371643	7675.575358320958
hsa-miR-122b-3p	0.0	0.0	943.5742592942065	864.4910309055543	0.0	0.0	0.0	5822.416302765648	0.0	7630.481592965409
hsa-miR-30b-5p	0.0	346.9210754553339	3963.011889035667	0.0	0.0	0.0	3081.6640986132516	0.0	156.50152030048292	7548.098583404736
hsa-miR-329-3p	0.0	6418.039895923677	377.42970371768257	0.0	0.0	0.0	0.0	0.0	737.7928814165624	7533.262481057923
hsa-miR-9-3p	0.0	346.9210754553339	3208.1524816003025	0.0	580.6357961968355	0.0	3081.6640986132516	0.0	245.93096047218745	7463.30441233791
hsa-miR-375-3p	0.0	6764.960971379011	0.0	432.24551545277717	0.0	0.0	0.0	0.0	0.0	7197.206486831788
hsa-miR-378d	0.0	346.9210754553339	1037.931685223627	1945.1048195374972	1451.5894904920888	0.0	0.0	0.0	2318.45823645144	7100.005307159987
hsa-miR-1307-3p	0.0	0.0	2075.863370447254	1080.613788631943	3048.3379300333863	0.0	0.0	0.0	715.4355213736362	6920.25061048622
hsa-miR-495-3p	0.0	0.0	566.1445555765239	0.0	0.0	0.0	0.0	5822.416302765648	424.7898408155965	6813.350699157768
hsa-miR-140-3p	0.0	0.0	4340.44159275335	432.24551545277717	1596.7484395412978	0.0	0.0	0.0	402.4324807726704	6771.868028520095
hsa-miR-149-5p	0.0	0.0	0.0	0.0	290.31789809841774	0.0	3081.6640986132516	2911.208151382824	89.42944017170453	6372.619588266197
hsa-miR-874-3p	0.0	346.9210754553339	2264.5782223060955	0.0	290.31789809841774	0.0	3081.6640986132516	0.0	223.57360042926132	6207.05489490236
hsa-miR-33a-5p	6130.790190735695	0.0	0.0	0.0	0.0	0.0	0.0	0.0	0.0	6130.790190735695
hsa-miR-145-5p	0.0	0.0	6038.875259482921	0.0	0.0	0.0	0.0	0.0	44.714720085852264	6083.589979568774
hsa-miR-769-5p	0.0	0.0	943.5742592942065	648.3682731791657	725.7947452460444	0.0	0.0	2911.208151382824	156.50152030048292	5385.446949402724
hsa-miR-658	0.0	2775.368603642671	1698.4336667295715	648.3682731791657	0.0	0.0	0.0	0.0	245.93096047218745	5368.101504023596
hsa-miR-222-3p	0.0	0.0	1321.003963011889	864.4910309055543	0.0	0.0	3081.6640986132516	0.0	89.42944017170453	5356.5885327024
hsa-miR-199a-3p	0.0	0.0	0.0	2161.227577263886	0.0	0.0	3081.6640986132516	0.0	0.0	5242.8916758771375
hsa-miR-93-5p	2724.7956403269754	1908.0659150043364	377.42970371768257	0.0	0.0	0.0	0.0	0.0	44.714720085852264	5055.005979134848
hsa-miR-330-5p	0.0	0.0	0.0	0.0	0.0	0.0	4622.496147919877	0.0	402.4324807726704	5024.928628692548
hsa-miR-200b-3p	0.0	520.3816131830008	1132.2891111530478	3241.841365895829	0.0	0.0	0.0	0.0	0.0	4894.512090231878
hsa-miR-134-5p	0.0	520.3816131830008	566.1445555765239	432.24551545277717	1306.43054144288	0.0	0.0	0.0	2012.162403863352	4837.364629518534
hsa-miR-16-5p	2043.5967302452318	0.0	2075.863370447254	0.0	0.0	0.0	0.0	0.0	581.2913611160794	4700.751461808565
hsa-miR-432-5p	0.0	0.0	0.0	0.0	0.0	0.0	4622.496147919877	0.0	67.0720801287784	4689.568228048655
hsa-miR-324-3p	0.0	0.0	0.0	0.0	0.0	0.0	4622.496147919877	0.0	0.0	4622.496147919877
hsa-miR-146b-5p	0.0	0.0	3774.297037176826	648.3682731791657	0.0	0.0	0.0	0.0	0.0	4422.665310355992
hsa-miR-95-3p	3405.9945504087195	0.0	754.8594074353651	0.0	0.0	0.0	0.0	0.0	223.57360042926132	4384.427558273346
hsa-miR-29b-3p	1362.3978201634877	346.9210754553339	566.1445555765239	1512.8593040847202	290.31789809841774	0.0	0.0	0.0	245.93096047218745	4324.5716138506705
hsa-miR-183-5p	2724.7956403269754	1040.7632263660016	0.0	432.24551545277717	0.0	0.0	0.0	0.0	0.0	4197.804382145754
hsa-miR-656-3p	2724.7956403269754	867.3026886383348	0.0	0.0	580.6357961968355	0.0	0.0	0.0	0.0	4172.734125162146
hsa-miR-625-3p	0.0	1040.7632263660016	0.0	0.0	0.0	0.0	3081.6640986132516	0.0	44.714720085852264	4167.142045065106
hsa-miR-532-5p	0.0	0.0	754.8594074353651	0.0	0.0	0.0	3081.6640986132516	0.0	0.0	3836.5235060486166
hsa-miR-153-3p	0.0	0.0	3774.297037176826	0.0	0.0	0.0	0.0	0.0	44.714720085852264	3819.011757262678
hsa-miR-221-3p	0.0	2254.9869904596703	943.5742592942065	0.0	435.47684714762664	0.0	0.0	0.0	111.78680021463066	3745.8248971161343
hsa-miR-142-5p	0.0	0.0	377.42970371768257	0.0	290.31789809841774	0.0	0.0	2911.208151382824	0.0	3578.955753198924
hsa-miR-584-5p	0.0	0.0	0.0	0.0	290.31789809841774	0.0	3081.6640986132516	0.0	201.2162403863352	3573.1982370980045
hsa-miR-1469	0.0	0.0	0.0	2593.473092716663	870.9536942952533	0.0	0.0	0.0	0.0	3464.426787011916
hsa-miR-598-3p	3405.9945504087195	0.0	0.0	0.0	0.0	0.0	0.0	0.0	0.0	3405.9945504087195
hsa-miR-139-3p	0.0	0.0	2075.863370447254	0.0	1161.271592393671	0.0	0.0	0.0	0.0	3237.1349628409253
hsa-miR-339-5p	0.0	0.0	1887.148518588413	0.0	1306.43054144288	0.0	0.0	0.0	0.0	3193.579060031293
hsa-miR-323a-3p	0.0	0.0	2642.007926023778	0.0	290.31789809841774	0.0	0.0	0.0	223.57360042926132	3155.899424551457
hsa-miR-708-5p	0.0	0.0	0.0	0.0	0.0	0.0	3081.6640986132516	0.0	44.714720085852264	3126.3788186991037
hsa-miR-429	0.0	0.0	0.0	0.0	0.0	0.0	3081.6640986132516	0.0	0.0	3081.6640986132516
hsa-miR-6511b-3p	0.0	0.0	0.0	0.0	0.0	0.0	3081.6640986132516	0.0	0.0	3081.6640986132516
hsa-miR-1296-5p	0.0	0.0	0.0	0.0	0.0	0.0	3081.6640986132516	0.0	0.0	3081.6640986132516
hsa-miR-381-3p	0.0	0.0	2075.863370447254	0.0	290.31789809841774	0.0	0.0	0.0	558.9340010731534	2925.115269618825
hsa-miR-193a-5p	0.0	0.0	0.0	0.0	1887.0663376397154	0.0	0.0	0.0	1028.4385619746022	2915.5048996143178
hsa-miR-877-5p	0.0	0.0	0.0	0.0	0.0	0.0	0.0	2911.208151382824	0.0	2911.208151382824
hsa-miR-28-3p	0.0	0.0	0.0	0.0	0.0	0.0	0.0	2911.208151382824	0.0	2911.208151382824
hsa-miR-138-5p	0.0	0.0	0.0	0.0	2758.0200319349688	0.0	0.0	0.0	134.1441602575568	2892.1641921925257
hsa-miR-140-5p	0.0	0.0	1132.2891111530478	0.0	1306.43054144288	0.0	0.0	0.0	447.14720085852264	2885.8668534544504
hsa-miR-151a-3p	0.0	520.3816131830008	377.42970371768257	0.0	1306.43054144288	0.0	0.0	0.0	603.6487211590056	2807.890579502569
hsa-miR-450b-5p	0.0	2775.368603642671	0.0	0.0	0.0	0.0	0.0	0.0	0.0	2775.368603642671
hsa-miR-520f-5p	0.0	0.0	471.78712964710326	756.4296520423601	0.0	0.0	0.0	1455.604075691412	22.357360042926132	2706.1782174238015
hsa-miR-199b-3p	0.0	0.0	0.0	1080.613788631943	0.0	0.0	1540.8320493066258	0.0	0.0	2621.4458379385687
hsa-miR-2110	0.0	0.0	0.0	0.0	2467.702133836551	0.0	0.0	0.0	134.1441602575568	2601.846294094108
hsa-miR-543	0.0	2254.9869904596703	0.0	0.0	0.0	0.0	0.0	0.0	201.2162403863352	2456.2032308460057
hsa-miR-376a-5p	0.0	0.0	2453.293074164937	0.0	0.0	0.0	0.0	0.0	0.0	2453.293074164937
hsa-miR-4755-3p	0.0	2428.4475281873374	0.0	0.0	0.0	0.0	0.0	0.0	0.0	2428.4475281873374
hsa-miR-1228-5p	0.0	1734.6053772766695	0.0	0.0	290.31789809841774	0.0	0.0	0.0	402.4324807726704	2427.355756147758
hsa-miR-941	0.0	0.0	1509.71881487073	0.0	870.9536942952532	0.0	0.0	0.0	0.0	2380.6725091659832
hsa-let-7d-5p	0.0	0.0	1415.3613889413098	648.3682731791657	72.57947452460444	0.0	0.0	0.0	234.75228045072438	2371.0614170958042
hsa-miR-484	0.0	0.0	2264.5782223060955	0.0	0.0	0.0	0.0	0.0	44.714720085852264	2309.2929423919477
hsa-miR-519d-5p	0.0	0.0	471.78712964710326	324.18413658958286	0.0	0.0	0.0	1455.604075691412	22.357360042926132	2273.9327019710245
hsa-miR-574-3p	0.0	0.0	0.0	1080.613788631943	1161.271592393671	0.0	0.0	0.0	0.0	2241.885381025614
hsa-miR-4492	0.0	1734.6053772766695	0.0	324.18413658958286	0.0	0.0	0.0	0.0	167.680200321946	2226.4697141881984
hsa-miR-411-5p	0.0	0.0	1132.2891111530478	0.0	1016.1126433444622	0.0	0.0	0.0	0.0	2148.40175449751
hsa-miR-363-3p	2043.5967302452318	0.0	0.0	0.0	0.0	0.0	0.0	0.0	44.714720085852264	2088.311450331084
hsa-miR-497-5p	2043.5967302452318	0.0	0.0	0.0	0.0	0.0	0.0	0.0	0.0	2043.5967302452318
hsa-miR-184	0.0	0.0	0.0	1945.1048195374972	0.0	0.0	0.0	0.0	89.42944017170453	2034.5342597092017
hsa-miR-152-3p	0.0	0.0	1509.7188148707303	0.0	435.47684714762664	0.0	0.0	0.0	67.0720801287784	2012.2677421471353
hsa-miR-10395-3p	0.0	1908.0659150043364	0.0	0.0	0.0	0.0	0.0	0.0	44.714720085852264	1952.7806350901888
hsa-miR-141-3p	0.0	0.0	0.0	1945.1048195374972	0.0	0.0	0.0	0.0	0.0	1945.1048195374972
hsa-miR-6858-5p	0.0	1908.0659150043364	0.0	0.0	0.0	0.0	0.0	0.0	0.0	1908.0659150043364
hsa-miR-379-5p	0.0	0.0	1509.7188148707303	0.0	290.31789809841774	0.0	0.0	0.0	44.714720085852264	1844.7514330550002
hsa-miR-151a-5p	0.0	1821.335646140503	0.0	0.0	0.0	0.0	0.0	0.0	0.0	1821.335646140503
hsa-miR-4466	0.0	1387.6843018213356	377.42970371768257	0.0	0.0	0.0	0.0	0.0	0.0	1765.114005539018
hsa-miR-20a-5p	1362.3978201634877	0.0	0.0	0.0	0.0	0.0	0.0	0.0	380.07512072974424	1742.472940893232
hsa-miR-324-5p	0.0	0.0	0.0	0.0	1741.9073885905066	0.0	0.0	0.0	0.0	1741.9073885905066
hsa-miR-200a-3p	1362.3978201634877	0.0	0.0	0.0	290.31789809841774	0.0	0.0	0.0	0.0	1652.7157182619055
hsa-miR-361-5p	0.0	520.3816131830008	377.42970371768257	432.24551545277717	290.31789809841774	0.0	0.0	0.0	0.0	1620.3747304518783
hsa-miR-1248	0.0	0.0	1509.7188148707303	0.0	0.0	0.0	0.0	0.0	0.0	1509.7188148707303
hsa-miR-204-3p	0.0	0.0	0.0	0.0	1306.43054144288	0.0	0.0	0.0	201.2162403863352	1507.6467818292151
hsa-miR-4676-5p	0.0	1387.6843018213356	0.0	0.0	0.0	0.0	0.0	0.0	111.78680021463066	1499.4711020359662
hsa-miR-296-3p	0.0	0.0	566.1445555765239	0.0	870.9536942952533	0.0	0.0	0.0	0.0	1437.0982498717772
hsa-miR-345-5p	1362.3978201634877	0.0	0.0	0.0	0.0	0.0	0.0	0.0	44.714720085852264	1407.1125402493399
hsa-miR-20b-5p	1362.3978201634877	0.0	0.0	0.0	0.0	0.0	0.0	0.0	0.0	1362.3978201634877
hsa-miR-1911-5p	1362.3978201634877	0.0	0.0	0.0	0.0	0.0	0.0	0.0	0.0	1362.3978201634877
hsa-miR-107	0.0	809.4825093957792	0.0	288.1636769685181	0.0	0.0	0.0	0.0	260.8358671674715	1358.4820535317685
hsa-miR-210-3p	0.0	0.0	0.0	1296.7365463583315	0.0	0.0	0.0	0.0	44.714720085852264	1341.4512664441836
hsa-miR-7975	0.0	0.0	0.0	1296.7365463583315	0.0	0.0	0.0	0.0	0.0	1296.7365463583315
hsa-miR-132-5p	0.0	346.9210754553339	943.5742592942065	0.0	0.0	0.0	0.0	0.0	0.0	1290.4953347495405
hsa-miR-98-5p	0.0	0.0	1132.2891111530478	0.0	0.0	0.0	0.0	0.0	89.42944017170453	1221.7185513247523
hsa-miR-125b-1-3p	0.0	0.0	0.0	0.0	1161.271592393671	0.0	0.0	0.0	0.0	1161.271592393671
hsa-miR-133a-3p	0.0	0.0	1132.2891111530478	0.0	0.0	0.0	0.0	0.0	0.0	1132.2891111530478
hsa-miR-425-3p	0.0	0.0	1132.2891111530478	0.0	0.0	0.0	0.0	0.0	0.0	1132.2891111530478
hsa-miR-143-5p	0.0	0.0	1132.2891111530478	0.0	0.0	0.0	0.0	0.0	0.0	1132.2891111530478
hsa-miR-135a-5p	0.0	1040.7632263660016	0.0	0.0	0.0	0.0	0.0	0.0	44.714720085852264	1085.4779464518538
hsa-miR-425-5p	0.0	0.0	943.5742592942065	0.0	0.0	0.0	0.0	0.0	89.42944017170453	1033.003699465911
hsa-miR-4306	0.0	0.0	0.0	0.0	1016.1126433444622	0.0	0.0	0.0	0.0	1016.1126433444622
hsa-miR-1307-5p	0.0	520.3816131830008	0.0	0.0	290.31789809841774	0.0	0.0	0.0	134.1441602575568	944.8436715389754
hsa-miR-4535	0.0	0.0	943.5742592942065	0.0	0.0	0.0	0.0	0.0	0.0	943.5742592942065
hsa-miR-182-5p	0.0	0.0	943.5742592942065	0.0	0.0	0.0	0.0	0.0	0.0	943.5742592942065
hsa-miR-195-5p	0.0	0.0	943.5742592942065	0.0	0.0	0.0	0.0	0.0	0.0	943.5742592942065
hsa-miR-629-5p	0.0	0.0	0.0	0.0	290.31789809841774	0.0	0.0	0.0	626.0060812019317	916.3239793003495
hsa-miR-551b-3p	0.0	0.0	0.0	0.0	580.6357961968355	0.0	0.0	0.0	313.00304060096585	893.6388367978013
hsa-miR-499a-5p	0.0	867.3026886383348	0.0	0.0	0.0	0.0	0.0	0.0	0.0	867.3026886383348
hsa-miR-320e	0.0	0.0	0.0	432.24551545277717	36.28973726230222	0.0	0.0	0.0	290.6456805580397	759.1809332731191
hsa-miR-339-3p	0.0	0.0	754.8594074353651	0.0	0.0	0.0	0.0	0.0	0.0	754.8594074353651
hsa-miR-17-5p	0.0	693.8421509106678	0.0	0.0	0.0	0.0	0.0	0.0	44.714720085852264	738.55687099652
hsa-miR-6861-5p	0.0	0.0	0.0	0.0	725.7947452460444	0.0	0.0	0.0	0.0	725.7947452460444
hsa-miR-3158-3p	0.0	0.0	0.0	0.0	725.7947452460444	0.0	0.0	0.0	0.0	725.7947452460444
hsa-miR-494-3p	0.0	0.0	0.0	0.0	725.7947452460444	0.0	0.0	0.0	0.0	725.7947452460444
hsa-miR-454-3p	0.0	0.0	0.0	0.0	725.7947452460444	0.0	0.0	0.0	0.0	725.7947452460444
hsa-miR-361-3p	0.0	0.0	377.42970371768257	0.0	0.0	0.0	0.0	0.0	335.360400643892	712.7901043615745
hsa-miR-6724-5p	0.0	693.8421509106679	0.0	0.0	0.0	0.0	0.0	0.0	0.0	693.8421509106679
hsa-miR-377-3p	0.0	0.0	0.0	648.3682731791657	0.0	0.0	0.0	0.0	44.714720085852264	693.082993265018
hsa-miR-181a-3p	0.0	0.0	377.42970371768257	0.0	290.31789809841774	0.0	0.0	0.0	0.0	667.7476018161003
hsa-miR-185-3p	0.0	0.0	0.0	648.3682731791657	0.0	0.0	0.0	0.0	0.0	648.3682731791657
hsa-miR-4429	0.0	0.0	0.0	432.24551545277717	0.0	0.0	0.0	0.0	178.85888034340906	611.1043957961863
hsa-miR-887-3p	0.0	0.0	0.0	0.0	580.6357961968355	0.0	0.0	0.0	0.0	580.6357961968355
hsa-miR-3615	0.0	0.0	0.0	0.0	580.6357961968355	0.0	0.0	0.0	0.0	580.6357961968355
hsa-miR-154-3p	0.0	520.3816131830008	0.0	0.0	0.0	0.0	0.0	0.0	0.0	520.3816131830008
hsa-miR-137-3p	0.0	346.9210754553339	0.0	0.0	0.0	0.0	0.0	0.0	156.50152030048292	503.4225957558168
hsa-miR-34c-5p	0.0	0.0	0.0	0.0	290.31789809841774	0.0	0.0	0.0	201.2162403863352	491.53413848475293
hsa-miR-378e	0.0	0.0	0.0	0.0	0.0	0.0	0.0	0.0	482.9189769272045	482.9189769272045
hsa-miR-29c-3p	0.0	0.0	0.0	0.0	435.47684714762664	0.0	0.0	0.0	44.714720085852264	480.1915672334789
hsa-miR-23a-3p	0.0	0.0	471.78712964710326	0.0	0.0	0.0	0.0	0.0	0.0	471.78712964710326
hsa-miR-193b-3p	0.0	0.0	0.0	0.0	435.47684714762664	0.0	0.0	0.0	0.0	435.47684714762664
hsa-miR-663a	0.0	0.0	0.0	0.0	435.47684714762664	0.0	0.0	0.0	0.0	435.47684714762664
hsa-miR-29b-2-5p	0.0	0.0	0.0	0.0	435.47684714762664	0.0	0.0	0.0	0.0	435.47684714762664
hsa-miR-505-3p	0.0	0.0	0.0	0.0	435.47684714762664	0.0	0.0	0.0	0.0	435.47684714762664
hsa-miR-193b-5p	0.0	0.0	0.0	0.0	435.47684714762664	0.0	0.0	0.0	0.0	435.47684714762664
hsa-miR-4484	0.0	0.0	0.0	432.24551545277717	0.0	0.0	0.0	0.0	0.0	432.24551545277717
hsa-miR-3156-3p	0.0	0.0	0.0	432.24551545277717	0.0	0.0	0.0	0.0	0.0	432.24551545277717
hsa-miR-125b-2-3p	0.0	0.0	0.0	432.24551545277717	0.0	0.0	0.0	0.0	0.0	432.24551545277717
hsa-let-7a-3p	0.0	0.0	377.42970371768257	0.0	0.0	0.0	0.0	0.0	44.714720085852264	422.14442380353483
hsa-miR-1253	0.0	0.0	377.42970371768257	0.0	0.0	0.0	0.0	0.0	0.0	377.42970371768257
hsa-miR-6856-5p	0.0	0.0	377.42970371768257	0.0	0.0	0.0	0.0	0.0	0.0	377.42970371768257
hsa-miR-450a-5p	0.0	0.0	377.42970371768257	0.0	0.0	0.0	0.0	0.0	0.0	377.42970371768257
hsa-miR-944	0.0	0.0	377.42970371768257	0.0	0.0	0.0	0.0	0.0	0.0	377.42970371768257
hsa-miR-1306-5p	0.0	0.0	377.42970371768257	0.0	0.0	0.0	0.0	0.0	0.0	377.42970371768257
hsa-miR-4443	0.0	0.0	377.42970371768257	0.0	0.0	0.0	0.0	0.0	0.0	377.42970371768257
hsa-miR-29c-5p	0.0	346.9210754553339	0.0	0.0	0.0	0.0	0.0	0.0	0.0	346.9210754553339
hsa-miR-939-5p	0.0	346.9210754553339	0.0	0.0	0.0	0.0	0.0	0.0	0.0	346.9210754553339
hsa-miR-106b-5p	0.0	346.9210754553339	0.0	0.0	0.0	0.0	0.0	0.0	0.0	346.9210754553339
hsa-miR-3200-3p	0.0	0.0	0.0	0.0	290.31789809841774	0.0	0.0	0.0	44.714720085852264	335.03261818427
hsa-miR-374a-5p	0.0	0.0	0.0	0.0	0.0	0.0	0.0	0.0	313.00304060096585	313.00304060096585
hsa-miR-23a-5p	0.0	0.0	0.0	0.0	0.0	0.0	0.0	0.0	290.6456805580397	290.6456805580397
hsa-miR-595	0.0	0.0	0.0	0.0	290.31789809841774	0.0	0.0	0.0	0.0	290.31789809841774
hsa-miR-577	0.0	0.0	0.0	0.0	290.31789809841774	0.0	0.0	0.0	0.0	290.31789809841774
hsa-miR-1-3p	0.0	0.0	0.0	0.0	290.31789809841774	0.0	0.0	0.0	0.0	290.31789809841774
hsa-miR-492	0.0	0.0	0.0	0.0	290.31789809841774	0.0	0.0	0.0	0.0	290.31789809841774
hsa-miR-5100	0.0	0.0	0.0	0.0	290.31789809841774	0.0	0.0	0.0	0.0	290.31789809841774
hsa-miR-199a-5p	0.0	0.0	0.0	0.0	290.31789809841774	0.0	0.0	0.0	0.0	290.31789809841774
hsa-miR-25-3p	0.0	0.0	0.0	0.0	0.0	0.0	0.0	0.0	268.2883205151136	268.2883205151136
hsa-miR-151b	0.0	260.1908065915004	0.0	0.0	0.0	0.0	0.0	0.0	0.0	260.1908065915004
hsa-miR-590-3p	0.0	0.0	0.0	0.0	0.0	0.0	0.0	0.0	245.93096047218745	245.93096047218745
hsa-miR-32-5p	0.0	0.0	0.0	0.0	0.0	0.0	0.0	0.0	223.57360042926132	223.57360042926132
hsa-miR-504-5p	0.0	0.0	0.0	0.0	0.0	0.0	0.0	0.0	223.57360042926132	223.57360042926132
	sumhsa-miR-485-5p	0.0	0.0	0.0	0.0	0.0	5988.023952095808	0.0	0.0	201.2162403863352	6189.240192482143
hsa-miR-144-3p	0.0	0.0	0.0	0.0	0.0	0.0	0.0	0.0	201.2162403863352	201.2162403863352
hsa-miR-378g	0.0	0.0	0.0	0.0	0.0	0.0	0.0	0.0	201.2162403863352	201.2162403863352
hsa-miR-3675-5p	0.0	0.0	0.0	0.0	0.0	0.0	0.0	0.0	156.50152030048292	156.50152030048292
hsa-miR-378b	0.0	0.0	0.0	0.0	0.0	0.0	0.0	0.0	134.1441602575568	134.1441602575568
hsa-miR-3667-5p	0.0	0.0	0.0	0.0	0.0	0.0	0.0	0.0	134.1441602575568	134.1441602575568
hsa-miR-16-2-3p	0.0	0.0	0.0	0.0	0.0	0.0	0.0	0.0	111.78680021463066	111.78680021463066
hsa-miR-223-3p	0.0	0.0	0.0	0.0	0.0	0.0	0.0	0.0	111.78680021463066	111.78680021463066
hsa-miR-516b-5p	0.0	0.0	0.0	0.0	0.0	0.0	0.0	0.0	111.78680021463066	111.78680021463066
hsa-miR-129-2-3p	0.0	0.0	0.0	0.0	0.0	0.0	0.0	0.0	111.78680021463066	111.78680021463066
hsa-miR-1249-3p	0.0	0.0	0.0	0.0	0.0	0.0	0.0	0.0	89.42944017170453	89.42944017170453
hsa-miR-132-3p	0.0	0.0	0.0	0.0	0.0	0.0	0.0	0.0	89.42944017170453	89.42944017170453
hsa-miR-192-5p	0.0	0.0	0.0	0.0	0.0	0.0	0.0	0.0	89.42944017170453	89.42944017170453
hsa-miR-148b-3p	0.0	0.0	0.0	0.0	0.0	0.0	0.0	0.0	89.42944017170453	89.42944017170453
hsa-miR-127-5p	0.0	0.0	0.0	0.0	0.0	0.0	0.0	0.0	89.42944017170453	89.42944017170453
hsa-miR-19b-3p	0.0	0.0	0.0	0.0	0.0	0.0	0.0	0.0	89.42944017170453	89.42944017170453
hsa-miR-767-3p	0.0	0.0	0.0	0.0	0.0	0.0	0.0	0.0	89.42944017170453	89.42944017170453
hsa-miR-136-3p	0.0	0.0	0.0	0.0	0.0	0.0	0.0	0.0	44.714720085852264	44.714720085852264
hsa-miR-130a-3p	0.0	0.0	0.0	0.0	0.0	0.0	0.0	0.0	44.714720085852264	44.714720085852264
hsa-miR-532-3p	0.0	0.0	0.0	0.0	0.0	0.0	0.0	0.0	44.714720085852264	44.714720085852264
hsa-miR-452-5p	0.0	0.0	0.0	0.0	0.0	0.0	0.0	0.0	44.714720085852264	44.714720085852264
hsa-miR-3928-3p	0.0	0.0	0.0	0.0	0.0	0.0	0.0	0.0	44.714720085852264	44.714720085852264
hsa-miR-4665-5p	0.0	0.0	0.0	0.0	0.0	0.0	0.0	0.0	44.714720085852264	44.714720085852264
hsa-miR-3613-5p	0.0	0.0	0.0	0.0	0.0	0.0	0.0	0.0	44.714720085852264	44.714720085852264
hsa-miR-4515	0.0	0.0	0.0	0.0	0.0	0.0	0.0	0.0	44.714720085852264	44.714720085852264
hsa-miR-106a-5p	0.0	0.0	0.0	0.0	0.0	0.0	0.0	0.0	44.714720085852264	44.714720085852264
hsa-miR-539-3p	0.0	0.0	0.0	0.0	0.0	0.0	0.0	0.0	44.714720085852264	44.714720085852264
hsa-miR-4433b-5p	0.0	0.0	0.0	0.0	0.0	0.0	0.0	0.0	44.714720085852264	44.714720085852264
hsa-miR-31-5p	0.0	0.0	0.0	0.0	0.0	0.0	0.0	0.0	44.714720085852264	44.714720085852264
hsa-miR-142-3p	0.0	0.0	0.0	0.0	0.0	0.0	0.0	0.0	44.714720085852264	44.714720085852264
hsa-miR-12136	0.0	0.0	0.0	0.0	0.0	0.0	0.0	0.0	44.714720085852264	44.714720085852264
hsa-miR-502-3p	0.0	0.0	0.0	0.0	0.0	0.0	0.0	0.0	22.357360042926132	22.357360042926132
hsa-miR-500a-3p	0.0	0.0	0.0	0.0	0.0	0.0	0.0	0.0	22.357360042926132	22.357360042926132
