name	SRX3292449	SRX3292448	SRX3292447	SRX3292446	SRX3292445	SRX3292444	SRX3292443	SRX3292442	SRX3292441	SRX3292440	SRX3292429	SRX3292428	SRX3292416	SRX3292415	SRX3292421	SRX3292420	SRX3292423	SRX3292422	SRX3292425	SRX3292424	SRX3292427	SRX3292426	SRX3292417	SRX3292435	SRX3292450	SRX3292451	SRX3292452	SRX3292453	SRX3292454	SRX3292438	SRX3292439	SRX3292418	SRX3292419	SRX3292432	SRX3292433	SRX3292430	SRX3292431	SRX3292436	SRX3292437	SRX3292434	SRX3292413	SRX3292414
hsa-miR-4765	0	0	0	0	0	0	0	0	0	0	0	0	0	0	0	0	0	0	0	0	0	0	2	0	0	0	0	0	0	0	0	0	0	0	0	0	0	0	0	0	0	0
hsa-miR-214-5p	0	0	0	0	0	0	0	0	0	0	0	0	0	0	0	0	2	0	6	0	0	0	0	0	0	0	0	0	0	0	0	0	0	0	0	0	0	0	0	0	0	0
hsa-miR-4645-3p	0	0	0	0	0	0	13	0	0	0	0	0	0	0	0	2	0	0	0	0	0	0	2	0	0	0	0	0	0	0	0	3	0	0	0	0	2	0	0	0	0	0
hsa-miR-98-5p	4	0	0	0	0	2	12	0	0	0	31	25	6	68	10	68	53	17	60	177	15	20	178	32	0	6	3	0	3	71	0	14	16	9	18	15	14	21	0	47	33	0
hsa-miR-651-5p	0	0	0	0	0	0	0	0	0	0	0	0	0	0	0	0	0	0	0	8	0	2	4	0	0	0	0	0	0	4	0	0	0	0	0	0	0	0	0	0	0	0
hsa-miR-6866-5p	0	0	0	0	0	0	3	0	0	0	0	0	0	0	0	0	0	0	5	2	2	0	0	0	0	0	0	0	0	7	0	0	2	0	4	0	0	0	0	0	0	0
hsa-miR-6130	0	0	0	0	0	0	0	0	0	0	0	0	0	1	0	0	1	0	0	0	1	0	2	0	0	0	0	0	0	1	0	0	0	0	0	0	0	0	1	0	1	0
hsa-miR-656-3p	0	0	0	0	0	0	0	0	0	0	0	0	0	0	0	4	0	0	0	0	0	0	7	0	0	0	0	0	0	0	0	0	0	0	0	0	0	0	0	0	2	0
hsa-miR-376a-3p	0	0	0	0	0	0	0	0	0	0	3	0	0	0	0	2	0	0	0	0	0	0	2	0	0	0	0	0	0	0	0	0	0	0	0	0	0	0	0	0	0	0
hsa-miR-6750-5p	0	0	0	0	0	0	0	0	0	0	0	0	0	0	0	0	0	0	0	0	0	0	0	0	0	0	0	0	0	0	0	0	0	2	0	0	0	0	0	0	0	0
hsa-miR-148a-5p	0	0	0	2	2	2	0	0	0	0	0	3	0	0	2	51	30	8	36	74	3	4	39	5	7	0	0	0	0	11	0	7	2	44	2	6	5	0	0	0	6	0
hsa-miR-618	0	0	0	0	0	0	0	0	0	0	0	0	0	0	0	0	0	0	0	0	0	0	0	0	0	0	0	0	0	2	0	0	0	0	0	0	0	0	0	0	0	0
hsa-miR-185-5p	114	60	199	40	309	93	1477	19	38	56	142	25	7	102	106	708	1085	535	334	927	404	207	898	64	317	348	8	27	14	5668	38	412	271	876	239	577	458	16	444	22	846	6
hsa-miR-377-5p	0	0	0	0	0	0	0	0	0	0	0	0	0	0	0	3	0	0	0	0	0	0	2	0	0	0	0	0	0	0	0	0	0	0	0	0	0	0	0	0	0	0
hsa-miR-30b-3p	0	0	0	0	0	0	0	0	0	0	0	0	0	0	0	0	0	0	0	0	3	0	0	0	0	0	0	0	0	0	0	0	0	0	0	0	0	0	0	0	0	0
hsa-miR-1468-5p	0	0	0	0	0	0	11	0	0	0	0	0	0	0	0	5	2	0	0	3	0	0	7	0	0	2	0	0	0	6	0	4	0	2	0	2	0	0	5	6	0	0
hsa-miR-610	0	0	0	3	0	0	0	2	0	0	0	2	0	0	0	2	0	0	0	0	0	2	0	0	0	5	0	0	0	0	0	0	0	0	0	0	0	0	0	0	0	0
hsa-miR-150-3p	4	0	3	0	10	0	21	0	0	0	3	0	0	2	0	2	15	2	0	5	0	0	23	0	12	8	0	6	0	12	0	7	3	10	0	6	0	0	2	2	4	0
hsa-miR-342-3p	0	0	0	0	3	0	10	0	0	0	0	0	0	0	2	27	41	0	42	70	3	0	119	0	14	0	0	0	0	5	0	0	0	22	5	0	9	0	0	0	0	0
hsa-miR-7-5p	19	2	4	0	9	2	95	0	13	3	18	11	5	75	19	125	103	41	43	163	52	25	134	10	12	12	0	7	2	354	7	44	22	36	23	16	14	0	34	30	70	0
hsa-miR-548a-3p	0	0	0	0	0	0	0	0	0	0	0	0	0	0	0	0	0	0	0	0	0	0	0	0	0	0	0	0	0	0	0	0	0	4	0	0	0	0	0	0	0	0
hsa-miR-4797-5p	0	0	0	0	0	0	0	0	0	0	0	0	0	0	0	0	0	0	0	0	0	0	0	0	0	0	0	0	0	3	0	0	0	0	0	0	0	0	0	0	0	0
hsa-miR-4754	0	0	0	0	0	0	0	0	0	0	0	0	0	0	0	0	0	0	0	0	0	0	2	0	0	0	0	0	0	0	0	0	0	0	0	0	0	0	0	0	0	0
hsa-miR-144-3p	7	4	10	2	19	28	152	0	2	5	15	11	0	0	5	33	30	42	8	22	100	19	45	20	20	18	0	4	2	659	5	39	41	11	24	28	21	7	116	7	82	0
hsa-miR-331-5p	0	0	0	0	0	0	0	0	0	0	0	0	0	0	0	3	0	0	7	0	0	0	2	0	0	0	0	0	0	0	0	0	0	0	0	0	0	0	0	0	2	0
hsa-miR-4762-3p	0	0	0	0	0	0	0	0	0	0	0	0	0	0	0	0	0	0	0	0	0	0	0	0	0	0	0	0	0	0	0	0	0	0	4	0	0	0	0	0	0	0
hsa-miR-26b-5p	34	0	20	0	5	49	270	17	15	13	85	51	14	24	45	431	366	202	303	706	180	114	826	20	42	53	5	2	5	1472	14	100	119	128	102	73	92	53	146	43	159	0
hsa-miR-889-3p	0	0	0	0	0	0	0	0	0	0	0	0	0	0	0	10	6	0	2	12	0	0	17	0	0	0	0	0	0	0	0	0	0	3	6	10	0	0	0	0	2	0
hsa-miR-6791-5p	0	0	0	0	0	0	0	0	0	0	0	0	0	0	0	0	2	0	3	0	0	0	0	0	0	0	0	0	0	0	0	0	0	0	0	0	0	0	0	0	0	0
hsa-miR-5189-5p	0	0	0	0	4	0	0	0	0	0	0	2	0	3	0	0	0	6	0	8	0	2	11	0	3	0	0	0	0	2	0	0	0	9	0	0	0	0	0	0	4	0
hsa-miR-6819-3p	0	0	0	0	0	0	0	0	0	0	0	0	0	0	0	0	0	0	0	0	3	0	0	0	0	0	0	0	0	0	0	0	0	0	0	4	0	0	0	0	0	0
hsa-miR-3120-3p	0	0	0	0	0	0	0	0	0	0	0	0	0	3	0	2	0	3	34	7	0	0	6	0	0	0	0	0	0	4	0	5	5	2	0	0	0	0	0	0	0	0
hsa-miR-181c-5p	0	0	0	0	0	0	0	0	0	0	0	0	0	0	0	6	2	0	2	21	0	2	4	0	0	0	0	0	0	0	0	0	0	11	0	0	4	0	0	0	0	0
hsa-miR-3661	0	0	0	0	0	0	0	0	0	0	0	0	0	0	0	0	0	0	0	0	0	0	2	0	0	0	0	0	0	0	0	0	0	0	0	0	0	0	0	0	0	0
hsa-miR-1224-5p	0	0	0	0	0	0	2	0	2	0	0	0	0	0	0	0	0	0	2	0	2	0	0	0	0	0	0	0	0	3	0	0	0	0	0	0	0	0	0	0	0	0
hsa-miR-191-3p	0	0	3	0	0	0	0	0	0	0	0	0	0	0	0	7	4	2	7	11	6	3	21	0	8	0	0	0	0	0	0	0	0	16	0	0	0	0	0	2	3	0
hsa-miR-4748	0	0	2	0	0	0	0	0	0	0	0	0	0	0	0	0	0	0	0	0	0	0	0	0	0	0	0	0	0	0	0	0	0	0	0	0	0	0	0	0	0	0
hsa-miR-1229-3p	0	0	0	0	0	0	0	0	0	4	7	8	0	3	0	0	0	0	0	0	0	0	0	0	12	0	0	0	0	0	0	5	4	0	0	0	0	0	0	0	3	0
hsa-miR-6785-5p	0	0	0	0	0	0	0	0	0	0	0	0	0	0	0	0	0	0	0	0	0	0	0	0	0	0	0	0	0	0	0	0	0	0	0	0	2	0	0	0	0	0
hsa-miR-214-3p	0	0	0	0	0	0	0	0	0	0	0	0	0	0	0	0	0	0	0	0	0	0	2	0	0	0	0	0	0	4	0	2	0	0	0	0	0	0	0	0	0	0
hsa-miR-93-5p	10	0	7	0	13	2	117	0	15	8	22	13	2	13	7	108	193	60	104	257	25	37	328	10	42	26	3	0	0	257	3	44	36	74	28	22	34	4	45	6	74	0
hsa-miR-98-3p	0	0	0	0	0	0	0	0	0	0	0	0	0	0	0	3	4	0	0	13	0	0	10	0	0	0	0	0	0	0	0	0	0	0	0	2	0	0	0	0	0	0
hsa-miR-33b-5p	0	0	0	0	0	0	0	0	0	0	0	0	0	0	0	0	0	0	0	0	0	0	0	0	0	0	0	0	0	4	0	0	0	0	0	0	0	0	0	0	0	0
hsa-miR-4741	2	0	0	0	0	0	0	0	0	0	0	0	0	0	0	0	0	0	0	0	0	0	0	0	0	0	0	0	0	0	0	0	0	0	0	0	0	0	0	0	0	0
hsa-miR-6866-3p	0	0	0	0	0	0	0	0	0	0	0	0	0	0	0	0	0	0	0	0	0	0	0	0	0	0	0	0	0	0	0	0	0	0	0	0	0	0	0	0	3	0
hsa-miR-6505-3p	0	0	0	0	0	0	0	0	0	0	0	0	0	0	0	0	0	0	0	0	0	0	0	0	0	0	0	0	0	0	0	0	0	0	0	2	0	0	0	0	0	0
hsa-miR-296-5p	0	0	0	0	0	0	2	0	0	0	0	0	0	0	0	0	0	0	6	0	0	0	5	0	0	0	0	0	0	0	0	0	0	3	3	0	4	0	0	0	0	0
hsa-miR-148a-3p	82	3	59	23	84	27	1964	6	23	16	75	50	4	93	56	2701	738	178	710	3712	196	111	1413	19	212	325	6	0	5	834	11	201	188	588	264	127	191	22	148	57	327	2
hsa-miR-127-5p	0	0	0	0	0	0	0	0	0	0	0	0	0	0	0	9	4	0	7	2	0	0	7	0	0	0	0	0	0	0	0	0	0	7	0	0	0	0	0	0	0	0
hsa-miR-4745-5p	0	0	0	0	0	0	0	0	0	2	0	0	0	2	0	0	0	0	0	0	0	0	0	0	0	2	0	0	0	7	0	0	0	0	0	0	4	0	0	0	0	0
hsa-miR-185-3p	2	0	4	0	2	0	35	0	4	0	0	9	0	3	4	47	69	15	34	45	4	4	80	0	4	0	0	0	0	19	0	0	6	39	4	5	9	0	8	4	29	0
hsa-miR-1271-5p	0	0	0	0	0	0	0	0	0	0	0	0	0	5	0	0	2	0	0	2	0	0	8	0	0	0	0	0	0	0	0	0	0	0	0	0	0	0	0	0	0	0
hsa-miR-377-3p	0	0	0	0	0	0	0	0	0	0	0	0	0	0	0	0	0	4	0	4	0	0	0	0	0	0	0	0	0	0	0	0	0	5	2	0	0	0	0	0	0	0
hsa-miR-6855-5p	0	0	0	0	0	0	0	0	0	0	0	0	0	0	0	0	0	0	0	4	0	0	0	0	0	0	0	0	0	3	0	0	0	0	2	2	0	0	0	0	7	0
hsa-miR-19b-3p	18	0	12	2	25	2	66	0	0	0	20	10	0	0	17	149	157	40	50	296	58	24	184	0	56	30	0	0	0	424	0	26	30	93	41	43	26	0	35	3	44	0
hsa-miR-4737	0	0	0	0	0	0	0	0	0	0	0	0	0	0	0	0	0	0	0	3	0	0	0	0	0	0	0	0	0	0	0	0	0	0	0	0	0	0	0	0	0	0
hsa-miR-1260b	0	2	0	0	2	0	2	0	0	0	19	19	12	33	3	22	31	2	0	7	10	0	35	2	1	3	0	0	3	0	0	16	5	9	6	9	4	8	0	7	14	0
hsa-miR-3074-5p	0	0	0	0	0	0	0	0	0	0	0	0	0	0	0	0	2	0	0	5	0	0	8	0	0	0	0	0	0	0	0	6	2	3	0	0	0	0	0	0	0	0
hsa-miR-1260a	2	0	0	0	0	0	4	0	0	0	4	6	2	4	0	4	21	0	0	6	0	0	15	0	1	0	0	0	0	0	0	21	0	3	3	2	10	0	0	1	5	0
hsa-miR-18a-5p	0	0	0	0	6	0	0	0	0	0	0	0	0	0	0	20	16	5	18	27	2	0	33	0	0	5	0	0	0	18	0	0	3	13	6	5	0	0	5	2	4	0
hsa-miR-331-3p	0	0	0	0	0	0	0	0	0	0	2	0	0	0	0	14	3	0	13	12	4	0	12	0	0	0	0	0	0	0	0	0	2	8	0	0	0	0	0	0	5	0
hsa-miR-6733-5p	0	0	0	0	0	0	0	0	0	0	2	0	0	0	0	0	0	0	0	0	0	0	0	0	0	0	0	0	0	0	0	0	0	0	0	0	0	0	0	0	0	0
hsa-miR-499a-5p	0	0	0	0	0	0	6	0	0	0	0	0	0	0	0	0	0	3	10	2	0	2	8	0	0	0	0	0	0	21	0	8	0	0	0	0	0	0	0	0	0	0
hsa-miR-26b-3p	0	0	0	0	0	0	8	0	0	0	0	2	0	0	0	17	8	3	19	28	2	4	22	0	0	0	0	0	0	4	0	2	2	3	3	0	0	0	0	0	5	0
hsa-miR-944	0	0	0	0	0	0	0	0	0	0	0	0	0	0	0	0	0	0	0	0	0	0	0	0	0	0	0	0	0	0	0	0	0	0	0	2	0	0	0	0	0	0
hsa-miR-5189-3p	0	0	0	0	0	0	0	0	0	0	0	0	0	0	0	2	0	0	0	5	0	0	10	0	0	0	0	0	0	0	0	0	0	0	0	4	2	0	0	10	0	0
hsa-miR-941	3	0	0	0	2	4	92	0	8	4	11	5	0	11	4	32	50	31	25	19	9	9	65	0	35	6	0	8	0	48	0	9	10	37	14	4	2	0	7	0	6	0
hsa-miR-940	0	0	0	0	0	0	0	0	0	0	0	0	0	0	0	2	0	0	0	2	0	0	3	0	0	0	0	0	0	0	0	0	0	0	0	0	0	0	0	0	0	0
hsa-miR-628-5p	0	0	0	0	0	0	0	0	0	0	0	0	0	0	0	2	3	0	0	0	0	0	2	0	0	0	0	0	0	0	0	0	0	0	0	0	0	0	0	0	0	0
hsa-miR-181c-3p	0	0	0	0	0	0	7	0	0	0	0	0	0	0	0	14	8	0	33	20	0	0	8	0	0	0	0	0	0	0	0	2	6	16	0	0	0	0	0	0	2	0
hsa-miR-494-3p	0	0	0	0	0	0	0	0	0	0	0	0	0	0	0	29	11	0	13	22	2	4	105	0	0	0	0	0	0	4	0	0	2	20	9	6	0	0	0	0	12	0
hsa-miR-873-5p	0	0	0	0	0	0	0	0	0	0	0	0	0	0	0	0	0	0	0	0	0	0	3	0	3	0	0	0	0	0	0	0	0	0	0	0	0	0	0	0	0	0
hsa-miR-6727-5p	0	0	0	0	0	0	0	0	0	0	0	0	0	0	0	0	0	0	0	0	0	0	0	0	0	0	0	0	0	0	0	0	3	0	0	0	0	0	0	0	0	0
hsa-miR-93-3p	0	0	0	0	0	0	0	0	0	0	0	0	0	6	0	4	7	0	14	20	0	0	16	0	0	0	0	0	0	0	0	0	0	6	2	0	5	0	0	0	3	0
hsa-miR-5009-5p	0	0	0	0	0	0	0	0	0	0	0	0	0	0	0	0	0	2	0	0	0	0	0	0	0	0	0	0	0	0	0	0	0	0	0	0	0	0	0	0	0	0
hsa-let-7c-5p	19	0	4	2	4	14	65	2	9	7	36	52	21	118	13	64	34	62	90	125	41	30	148	48	17	40	4	10	2	300	1	44	42	51	15	22	56	26	43	36	78	0
hsa-miR-4721	0	0	0	0	0	0	0	0	0	0	0	0	0	0	0	0	0	0	0	0	0	0	0	0	0	0	0	0	0	0	0	0	0	0	0	0	0	0	0	2	0	0
hsa-miR-6861-3p	0	0	0	0	0	0	0	0	0	0	0	0	0	0	2	0	2	0	0	0	0	0	6	0	0	0	0	0	0	0	0	0	0	0	0	0	0	0	0	0	0	0
hsa-miR-296-3p	0	0	0	0	0	0	0	0	0	0	0	0	0	0	0	0	0	0	0	0	2	0	0	0	0	0	0	0	0	0	0	0	0	0	0	0	0	0	0	0	0	0
hsa-miR-483-5p	19	8	15	20	30	0	18	2	0	5	0	12	8	3	4	11	0	34	0	12	58	4	0	17	66	88	0	0	0	19	0	106	17	10	8	13	0	27	13	19	14	0
hsa-miR-122-5p	856	584	1723	1866	1270	721	29735	373	2531	564	1231	3521	1368	1062	1444	8640	947	19502	702	6377	11055	2904	2293	1671	12188	48959	179	1286	193	93708	207	11840	27014	1778	1879	2370	5856	1936	7201	4503	5651	257
hsa-miR-675-5p	0	0	0	0	0	0	0	0	0	0	0	0	0	0	0	0	0	0	0	0	0	0	0	0	0	0	0	0	0	0	0	0	2	0	0	0	0	0	0	0	0	0
hsa-miR-127-3p	71	21	256	22	62	5	115	2	6	6	347	248	43	1232	184	5381	663	300	937	2092	529	322	6395	89	162	31	20	63	29	267	6	92	615	1974	1129	1125	314	46	75	435	575	10
hsa-miR-323b-3p	0	0	6	0	0	0	2	0	0	0	11	20	4	2	11	78	21	11	26	20	15	13	111	0	6	0	0	2	0	7	0	8	33	37	30	22	3	0	0	9	11	0
hsa-miR-4286	0	0	0	0	0	0	0	0	0	0	0	0	0	0	0	0	0	0	4	0	0	0	0	0	0	0	0	0	0	0	0	0	2	0	0	0	0	0	0	0	0	0
hsa-miR-450b-5p	0	0	0	0	0	0	0	0	0	0	0	0	0	0	0	0	0	0	0	3	0	0	7	0	0	0	0	0	0	0	0	0	0	0	2	0	0	0	0	0	0	0
hsa-miR-933	0	0	0	0	0	0	0	0	0	0	0	0	0	0	0	0	0	0	4	0	0	0	0	0	0	0	0	0	0	0	0	0	0	0	0	0	0	0	0	0	0	0
hsa-miR-200b-5p	0	0	0	0	0	0	0	0	0	0	0	0	0	0	0	0	0	0	0	2	0	0	0	0	0	0	0	0	0	0	0	0	0	0	0	0	0	0	0	0	0	0
hsa-miR-130a-3p	2	0	0	0	5	0	12	0	0	0	7	0	2	0	6	38	29	5	29	53	6	4	34	0	2	0	2	0	0	7	0	20	5	10	11	4	11	0	2	0	0	0
hsa-miR-496	0	0	0	0	0	0	0	0	0	0	0	0	0	0	0	0	0	0	0	0	0	0	2	0	0	0	0	0	0	0	0	0	0	0	0	0	0	0	0	0	0	0
hsa-miR-361-5p	3	0	0	0	0	0	9	0	0	0	3	2	0	0	0	13	30	5	15	29	4	0	74	0	4	0	0	0	0	0	0	5	6	3	5	2	0	0	0	0	6	0
hsa-miR-3199	0	0	0	0	0	0	0	0	0	0	0	0	0	0	0	0	0	0	0	0	2	0	0	0	0	0	0	0	0	0	0	0	0	0	0	0	0	0	0	0	0	0
hsa-miR-3198	0	0	0	0	2	0	0	0	0	0	0	0	0	0	0	0	0	0	0	0	0	0	3	0	0	0	0	0	0	0	0	4	0	2	0	0	0	0	0	0	0	0
hsa-miR-3196	0	0	0	0	0	0	0	0	0	0	0	0	0	3	0	0	0	0	0	0	0	0	0	0	0	0	0	0	0	0	0	0	0	0	0	0	0	0	0	0	0	0
hsa-miR-4710	0	0	0	0	0	0	0	0	0	0	0	0	0	0	0	0	0	0	0	0	0	0	0	0	0	0	0	0	0	0	0	0	0	2	0	0	0	0	0	0	0	0
hsa-miR-18a-3p	0	0	0	0	0	0	12	0	0	0	2	0	0	0	0	2	2	2	7	0	2	0	21	0	0	0	0	0	0	18	0	4	5	4	2	3	2	0	2	0	3	0
hsv2-miR-H10	5	0	6	14	14	5	14	0	4	4	4	0	0	4	0	2	0	6	7	0	7	3	4	9	8	7	2	4	0	22	0	0	6	2	4	5	0	4	6	0	13	0
hsa-miR-5010-5p	0	0	0	0	0	0	3	0	0	0	0	0	0	10	0	0	0	2	0	0	2	5	0	0	0	0	0	0	0	7	0	0	3	0	0	0	0	0	4	0	6	0
hsa-miR-3913-5p	0	0	0	0	0	0	0	0	2	0	0	0	0	0	0	2	0	0	0	0	0	0	0	0	7	0	0	0	0	2	0	2	0	3	2	0	0	0	2	0	2	0
hsa-miR-365b-5p	0	0	0	0	0	0	0	0	0	0	0	0	0	0	0	0	0	0	0	0	0	0	2	0	0	2	0	0	0	0	0	0	2	0	0	0	0	0	0	0	0	0
hsa-miR-4804-5p	0	0	0	0	0	0	0	0	0	0	0	0	0	0	0	0	0	0	0	0	0	0	0	0	0	0	0	0	0	0	0	0	0	0	2	0	0	0	0	0	0	0
hsa-miR-513c-5p	0	0	0	0	0	0	0	0	0	0	0	0	0	0	0	0	0	0	0	0	0	0	0	0	0	0	0	16	0	0	0	0	0	0	0	0	0	0	0	0	0	0
hsa-miR-431-5p	0	0	0	0	0	0	0	0	0	0	0	0	0	0	2	33	10	0	13	14	0	2	75	0	0	0	0	0	0	10	0	0	4	5	5	0	2	0	0	0	3	0
hsa-miR-628-3p	0	0	0	0	0	0	2	0	0	0	5	0	0	0	4	4	24	7	7	39	2	0	40	4	0	0	0	0	0	0	0	4	0	12	2	4	0	0	0	4	10	0
hsa-miR-6891-5p	0	0	0	0	0	0	4	0	0	0	0	2	0	0	0	0	3	0	0	0	0	0	0	0	0	0	0	2	0	0	0	0	0	0	0	0	0	0	0	0	0	0
hsa-miR-873-3p	0	0	0	0	0	0	0	0	0	0	0	0	0	0	0	0	0	0	0	0	0	0	0	0	0	0	0	0	0	2	0	0	0	0	0	0	0	0	0	0	0	0
hsa-miR-3144-3p	0	0	0	0	0	0	2	0	0	0	0	0	0	0	0	0	0	0	0	0	0	0	0	0	0	0	0	0	0	0	0	0	0	0	0	0	0	0	0	0	0	0
hsa-miR-484	99	3	30	10	133	40	458	26	29	40	101	156	14	207	192	453	736	378	531	870	263	189	1800	49	198	142	0	35	15	324	7	408	187	571	353	372	369	55	147	172	373	0
hsa-miR-99a-5p	142	37	94	29	102	57	704	6	20	29	107	16	9	34	66	518	503	310	378	725	407	133	813	37	459	838	4	10	3	1167	13	388	224	459	144	136	328	5	172	40	193	4
hsa-miR-6803-3p	0	0	0	0	0	0	0	0	0	0	0	0	0	0	0	0	0	0	0	0	0	0	0	0	0	0	0	7	0	0	0	4	0	0	0	3	0	0	0	0	3	0
hsa-miR-3188	0	0	0	0	0	0	0	0	0	0	0	0	0	0	0	3	5	0	11	3	2	0	18	0	0	0	0	0	0	0	0	0	0	0	0	0	0	0	0	0	0	0
hsa-miR-4664-3p	0	0	0	0	2	0	0	0	0	0	0	0	0	0	0	4	0	0	9	6	3	0	0	0	0	0	0	0	0	0	0	0	0	5	0	0	0	0	0	0	0	0
hsa-miR-425-5p	32	5	21	13	57	15	157	3	0	5	77	27	5	115	46	371	615	155	374	611	181	111	1052	14	138	81	2	6	8	315	2	165	86	228	136	130	129	17	43	12	250	0
hsa-miR-3183	0	0	0	0	0	0	0	0	0	0	0	0	0	0	0	0	0	0	0	0	0	0	0	0	0	0	0	0	0	0	0	0	0	0	0	0	0	0	0	2	0	0
hsa-miR-3182	0	0	0	0	0	0	0	0	0	0	0	0	0	0	0	0	0	0	0	0	0	0	0	2	0	0	0	3	0	0	0	0	0	0	0	0	0	0	0	0	0	0
hsa-miR-483-3p	0	0	0	0	0	0	12	0	0	0	0	0	0	0	0	0	0	0	0	0	0	0	0	0	0	0	0	0	0	4	0	2	0	0	0	0	0	0	0	2	0	0
hsa-miR-10398-5p	0	0	0	0	0	0	0	0	0	0	3	0	0	0	0	0	0	0	0	0	0	0	0	0	0	0	0	0	0	0	0	0	0	0	0	0	5	0	0	0	0	0
hsa-miR-3180	0	0	0	0	0	0	0	0	0	0	0	0	0	0	0	0	1	0	1	0	0	0	0	0	0	0	0	0	0	0	0	0	0	1	0	0	0	0	0	0	0	0
hsa-miR-501-5p	0	0	0	0	0	0	0	0	0	0	0	0	0	0	0	0	7	0	13	2	0	0	0	0	0	0	0	0	0	0	0	3	0	5	0	0	0	0	0	0	9	0
hsa-miR-3191-3p	0	0	3	0	0	0	11	0	0	0	0	0	0	2	0	9	11	0	19	9	0	0	13	2	0	0	0	0	0	0	0	0	0	11	4	4	0	0	0	0	2	0
hsa-miR-200b-3p	2	0	0	0	0	0	5	0	0	0	0	0	0	4	2	4	22	4	11	17	0	0	13	0	0	0	0	6	0	3	0	4	4	7	0	0	0	0	0	2	9	0
hsa-miR-3615	95	7	57	41	225	41	574	6	28	37	46	66	10	111	55	224	254	119	195	360	135	91	464	16	358	294	4	4	6	521	3	232	89	328	152	144	159	33	137	74	181	0
hsa-miR-3611	0	0	0	0	0	0	0	0	0	0	0	0	0	0	0	0	0	0	0	0	0	0	0	0	0	0	0	0	0	0	0	0	0	0	2	0	0	0	0	0	0	0
hsa-miR-3127-5p	0	0	2	0	0	0	0	0	0	0	0	0	0	2	0	0	0	0	0	3	0	0	2	0	0	0	0	0	0	3	0	0	0	2	0	0	0	0	0	0	0	0
hsa-miR-3180-5p	0	0	0	0	0	0	0	0	0	0	0	0	0	0	0	0	0	0	0	0	0	0	0	0	0	0	0	0	0	0	0	3	0	0	0	0	0	0	0	0	0	0
hsa-miR-361-3p	7	2	11	6	12	0	36	0	2	0	28	14	0	27	43	492	447	65	575	580	89	34	896	8	26	28	0	4	0	92	0	88	58	323	82	56	92	18	7	7	62	0
hsa-miR-6763-5p	0	0	0	0	0	0	0	0	0	0	0	0	0	4	0	0	0	0	0	0	0	0	0	0	0	0	0	0	0	0	0	0	0	0	0	0	0	0	0	0	0	0
hsa-miR-3179	0	0	0	0	0	0	0	0	0	0	0	0	0	0	0	0	0	3	0	2	0	0	0	0	0	0	0	0	0	3	0	0	0	0	0	0	0	0	0	0	0	0
hsa-miR-29b-3p	0	0	0	0	0	0	5	0	0	0	0	0	0	0	0	2	11	2	0	15	0	0	5	0	3	0	0	0	0	25	0	3	6	0	2	0	0	0	0	0	2	0
hsa-miR-937-3p	0	0	0	0	0	0	11	0	0	0	2	0	0	0	0	0	0	0	0	2	0	0	2	0	5	0	0	0	0	2	0	0	2	0	4	0	2	0	3	0	0	0
hsa-miR-3175	0	0	0	0	0	0	0	0	0	0	0	0	0	0	0	0	0	0	0	0	2	0	0	0	0	0	0	0	0	0	0	0	0	0	0	0	0	0	0	0	0	0
hsa-miR-3174	0	0	0	0	0	0	0	0	0	0	4	0	0	0	0	0	0	0	0	0	0	0	2	0	0	0	0	0	0	0	0	0	0	0	0	0	0	0	0	0	0	0
hsa-miR-125b-1-3p	0	0	0	0	0	0	0	0	0	0	0	0	0	0	0	0	0	0	0	0	0	0	0	0	0	0	0	0	0	0	0	4	2	0	0	0	0	0	0	0	0	0
hsa-miR-5010-3p	0	0	0	0	0	0	0	0	0	0	2	0	0	0	0	4	3	0	0	10	0	0	12	0	0	0	0	0	0	7	0	0	2	2	0	0	11	0	0	0	0	0
hsa-miR-4781-3p	0	0	0	0	0	0	0	0	0	0	0	0	0	0	0	0	0	0	0	0	0	0	0	0	0	0	0	0	0	0	0	0	0	0	3	0	0	0	0	0	0	0
hsa-miR-431-3p	0	0	0	0	0	0	0	0	0	0	0	0	0	9	0	6	0	0	0	0	0	0	0	0	0	0	0	0	0	0	0	0	0	6	0	2	0	0	0	2	0	0
hsa-miR-6833-5p	0	0	0	0	0	0	0	0	0	0	0	0	0	0	0	0	0	0	0	0	0	0	0	0	0	0	0	0	0	0	0	0	0	2	0	0	0	0	0	0	0	0
hsa-miR-30d-5p	798	115	306	147	673	161	4035	34	114	138	3179	1413	236	2586	3398	13498	14277	4207	17378	26873	4232	3573	42577	545	1714	913	64	276	264	6949	87	4941	3874	11954	6017	4372	4357	635	1231	1517	5913	32
hsa-miR-5698	0	0	3	0	0	0	0	0	0	0	0	0	0	0	0	0	4	0	0	0	0	0	0	0	0	0	0	0	0	0	0	0	0	3	0	2	0	0	0	0	0	0
hsa-miR-5696	0	0	0	0	0	0	0	0	0	0	0	0	0	0	0	0	0	0	0	0	0	0	0	0	0	0	0	0	0	0	0	0	0	3	0	0	0	0	0	0	0	0
hsa-miR-29b-2-5p	0	0	0	0	0	0	0	0	0	0	0	0	0	0	0	0	0	0	0	0	0	0	0	0	0	0	0	0	0	2	0	0	0	0	0	0	0	0	0	0	0	0
hsa-miR-5695	0	0	0	0	0	0	0	0	0	0	0	0	0	0	0	0	0	0	0	0	0	0	0	0	0	0	0	0	0	5	0	0	0	0	0	0	0	0	3	0	0	0
hsa-miR-107	16	3	7	3	7	9	30	1	4	2	8	1	3	3	3	20	34	14	24	44	17	13	49	3	20	20	0	2	0	103	2	7	13	17	6	11	12	0	21	1	18	0
hsa-miR-152-5p	0	0	0	0	0	0	0	0	0	0	0	0	0	0	0	0	2	0	0	5	0	0	0	0	0	0	0	0	0	0	0	0	0	0	0	0	0	0	0	0	0	0
hsa-miR-3168	24	12	54	41	94	13	49	97	118	162	62	110	124	86	28	6	3	50	19	19	56	17	7	52	30	48	94	274	48	164	4	72	29	33	32	57	31	403	43	87	78	16
hsa-miR-3164	0	0	0	0	0	0	0	0	0	0	2	0	0	0	0	2	0	0	0	0	0	0	2	0	0	0	0	0	0	7	0	0	0	0	0	0	0	0	5	0	0	0
hsa-miR-425-3p	0	0	0	4	0	0	3	0	0	0	6	7	0	4	2	119	152	7	111	137	15	2	280	0	0	5	0	0	0	21	0	5	6	126	9	7	13	3	2	0	12	0
hsa-miR-3163	0	0	0	0	0	0	0	0	0	0	0	0	0	0	0	0	0	0	0	0	0	0	0	0	0	0	0	0	0	5	0	0	0	0	0	0	0	0	0	0	0	0
hsa-miR-4662a-5p	0	0	0	0	0	0	0	0	0	0	0	0	0	0	0	0	0	0	0	0	0	0	0	0	0	0	0	0	0	0	0	0	0	0	3	0	0	0	0	0	0	0
hsa-miR-3161	0	0	0	0	0	0	0	0	0	0	0	0	0	0	0	0	0	0	0	3	0	0	4	0	0	0	0	0	0	0	0	0	0	0	0	0	0	0	0	0	0	0
hsa-miR-501-3p	0	7	8	5	27	9	69	0	10	0	9	2	0	19	7	28	31	22	30	31	26	18	57	6	46	46	0	0	0	92	2	10	24	31	6	22	45	0	14	6	24	0
hsa-miR-6716-3p	0	0	0	0	0	0	0	0	0	0	0	0	0	0	0	4	0	2	0	0	0	0	2	0	0	0	0	0	0	0	0	0	2	0	0	0	2	0	0	0	0	0
hsa-miR-24-3p	254	50	248	69	283	54	906	16	56	23	692	559	54	669	566	7050	10054	1432	7258	10989	1368	663	12381	232	656	454	37	113	52	1484	12	1135	1105	4707	1144	1162	1217	170	291	252	1823	17
hsa-miR-664b-5p	0	0	0	0	0	0	0	0	0	0	2	2	2	3	0	7	4	0	6	6	0	0	8	0	3	4	0	0	0	0	0	0	4	0	0	0	3	0	0	0	0	0
hsa-miR-133a-3p	2	0	0	0	0	0	13	0	0	0	0	0	0	0	0	15	22	0	0	6	0	2	12	0	9	0	0	0	0	0	0	0	0	36	0	0	0	0	0	0	0	0
hsa-miR-338-5p	0	0	0	0	0	0	14	0	0	0	2	4	2	0	0	14	20	0	34	22	5	2	50	0	0	0	0	0	0	36	0	10	4	21	4	0	0	0	2	0	4	0
hsa-miR-190b-5p	0	0	0	0	0	0	2	0	0	0	0	0	0	0	0	4	0	0	0	6	0	0	2	0	0	0	0	0	0	9	0	0	0	0	0	0	0	0	2	0	2	0
hsa-miR-4653-3p	0	0	0	0	0	0	0	0	0	0	0	0	0	0	0	0	0	0	0	0	0	0	0	0	0	0	0	0	0	0	0	0	0	0	0	0	0	0	0	0	2	0
hsa-miR-4659b-5p	0	0	0	0	0	0	0	0	0	0	0	0	0	0	0	0	0	0	0	0	0	0	0	0	3	0	0	0	0	0	0	0	0	0	0	0	0	0	0	0	0	0
hsa-miR-3127-3p	0	0	0	0	0	0	0	0	0	0	0	0	0	4	0	2	0	0	0	0	0	0	0	0	0	0	0	0	0	0	0	0	0	0	0	0	0	0	0	0	0	0
hsa-miR-3180-3p	0	0	0	0	0	0	0	0	0	0	3	0	0	0	2	2	3	0	3	3	0	0	3	0	0	2	0	0	0	0	0	0	0	4	3	0	0	0	0	0	0	0
hsa-miR-1307-5p	0	0	4	0	0	0	2	0	0	0	0	0	0	0	0	46	31	2	17	39	2	5	23	0	0	6	0	0	0	0	0	0	7	26	0	0	3	0	3	0	2	0
hsa-miR-769-5p	2	2	0	2	2	0	7	0	0	0	7	0	0	7	0	53	77	6	22	67	12	4	64	7	5	5	0	0	0	2	0	15	7	74	20	9	9	0	0	0	15	0
hsa-miR-100-5p	38	4	15	17	12	9	179	0	0	12	13	8	0	0	16	97	28	55	14	48	80	46	951	0	116	113	0	0	13	534	4	51	24	70	13	25	59	5	70	3	101	5
hsa-miR-6507-5p	0	0	0	0	0	0	0	0	0	0	0	0	0	0	0	0	0	0	0	0	0	0	0	0	0	0	0	0	0	4	0	0	0	0	0	0	0	0	0	0	0	0
hsa-miR-376c-3p	0	0	0	0	0	0	0	0	0	0	0	0	0	0	0	6	2	0	0	0	4	0	5	0	0	0	0	0	0	7	0	0	3	0	0	0	3	0	0	0	0	0
hsa-miR-542-3p	0	3	0	0	0	0	0	0	0	0	0	0	0	0	0	0	0	0	3	8	0	0	4	0	0	0	0	0	0	4	0	0	0	0	0	0	0	0	0	0	0	0
hsa-miR-379-5p	0	0	8	0	4	0	3	0	0	0	27	11	3	37	8	357	111	24	82	138	30	38	503	4	5	3	5	6	0	8	0	3	31	68	51	48	4	0	0	35	51	0
hsa-miR-30d-3p	0	0	0	0	0	0	0	0	0	0	0	0	0	0	0	2	2	0	0	2	0	0	0	0	0	0	0	0	0	0	0	0	0	0	0	0	0	0	0	0	0	0
hsa-miR-455-5p	0	0	0	0	0	0	8	0	0	0	0	0	0	0	0	0	0	0	10	0	0	0	0	0	0	3	0	0	0	5	0	0	0	0	0	0	0	0	0	0	0	0
hsa-miR-301b-3p	0	0	0	0	0	0	0	0	0	0	0	0	0	0	0	0	0	0	0	3	0	0	2	0	0	0	0	0	0	0	0	0	0	0	0	0	0	0	0	0	0	0
hsa-miR-152-3p	2	0	0	0	2	2	10	0	0	0	2	2	0	14	2	52	50	9	71	92	16	7	50	0	2	0	0	0	0	10	0	4	10	23	11	3	7	0	0	4	9	0
hsa-miR-3148	0	0	0	0	0	0	0	0	0	0	0	0	0	0	0	0	0	0	0	0	0	0	2	0	0	0	0	0	0	0	0	0	0	0	0	0	0	0	0	0	0	0
hsa-miR-9-5p	0	0	0	0	0	0	0	0	0	0	0	0	0	0	0	0	2	0	0	0	0	0	2	0	0	0	0	0	0	2	0	0	0	0	0	0	0	0	0	0	0	0
hsa-miR-10a-5p	174	5	17	21	60	48	1626	15	14	35	451	144	25	150	193	645	486	635	908	2033	457	274	1259	43	608	463	12	66	16	2364	22	527	581	490	431	256	343	101	287	161	604	6
hsa-miR-6511a-3p	5	0	0	0	0	0	0	0	0	0	0	0	5	0	0	0	0	5	6	0	0	0	0	0	0	0	0	0	0	3	0	0	0	0	0	0	2	0	0	0	2	0
hsa-miR-550a-5p	2	0	0	0	5	0	23	1	0	0	0	0	0	4	1	14	7	2	18	4	6	7	14	0	0	9	0	0	0	35	2	19	5	5	2	6	3	0	10	0	12	0
hsa-miR-10527-5p	5	0	0	0	3	2	0	0	0	0	3	0	0	4	0	4	0	4	0	7	0	2	8	13	3	0	0	0	0	3	0	0	6	3	0	4	4	0	0	0	8	0
hsa-miR-3143	0	0	0	0	0	0	0	0	0	0	0	0	0	0	0	2	0	0	0	0	0	0	0	0	0	0	0	0	0	0	0	0	0	0	0	0	0	0	0	0	0	0
hsa-miR-7854-3p	0	0	0	0	0	0	2	0	0	0	0	0	0	0	0	2	2	4	0	2	0	0	2	0	5	0	0	0	0	0	0	0	0	0	2	0	0	0	0	0	0	0
hsa-miR-92b-5p	4	5	0	8	20	0	56	4	14	0	7	6	3	13	0	7	2	6	7	8	6	12	11	11	32	16	2	14	0	28	0	7	8	10	0	2	5	6	18	16	22	0
hsa-miR-664b-3p	0	0	0	0	0	0	0	0	0	0	0	0	0	0	0	0	0	0	0	0	0	0	2	0	0	0	0	0	0	0	0	0	0	0	0	0	0	0	0	0	0	0
hsa-miR-3157-5p	0	0	0	0	0	0	0	0	0	0	0	0	0	0	0	2	0	0	0	0	0	0	0	0	0	0	0	0	0	0	0	0	0	0	0	0	0	0	0	0	0	0
hsa-miR-338-3p	0	0	0	0	0	0	0	0	0	0	0	0	0	0	0	2	0	0	0	5	0	0	0	0	0	0	0	0	0	0	0	0	0	0	2	0	0	0	0	0	0	0
hsa-miR-6793-5p	0	0	0	0	0	0	0	0	0	0	0	0	0	0	0	0	0	0	2	0	0	0	0	6	0	0	0	0	0	0	0	0	0	0	0	0	0	0	0	0	0	0
hsa-miR-222-3p	14	2	11	2	15	0	168	0	3	5	231	73	18	380	142	932	572	270	660	448	97	105	2426	26	63	32	2	21	7	78	0	140	283	356	265	123	131	49	20	125	285	0
hsa-miR-4659b-3p	0	0	0	0	0	0	0	0	0	0	0	0	0	0	0	2	2	3	3	2	2	0	2	0	0	0	0	0	0	0	0	0	0	2	0	0	0	0	0	0	0	0
hsa-miR-6513-3p	0	0	0	0	0	0	0	0	0	0	0	0	0	0	0	0	0	2	0	2	0	0	0	0	0	0	0	0	0	0	0	0	0	0	0	0	0	0	0	0	0	0
hsa-miR-3617-5p	0	0	0	0	0	0	0	0	0	0	0	0	0	0	0	0	2	0	0	2	0	0	7	0	0	0	0	0	0	3	0	0	0	0	0	0	0	0	0	0	0	0
hsa-miR-3675-3p	0	0	0	0	0	0	0	0	0	0	0	0	0	0	0	0	0	0	0	0	2	0	0	0	0	0	0	0	0	0	0	0	0	0	0	0	0	0	0	0	0	0
hsa-miR-7848-3p	0	0	0	2	0	0	0	0	0	0	0	0	0	0	0	0	0	0	0	0	0	0	2	0	0	0	0	0	0	0	0	0	0	0	0	0	0	0	0	0	0	0
hsa-miR-4753-5p	0	0	0	0	0	0	0	0	0	0	0	0	0	0	0	0	0	4	0	0	0	0	3	0	0	0	0	0	0	0	0	0	0	0	0	0	0	0	0	0	0	0
hsa-miR-380-5p	0	0	0	0	0	0	0	0	0	0	0	0	0	0	0	0	0	0	0	2	0	0	0	0	0	0	0	0	0	0	0	0	0	0	0	0	0	0	0	0	0	0
hsa-miR-3138	0	0	0	0	0	0	0	0	0	0	4	7	4	8	0	9	0	0	5	12	2	2	4	6	0	0	0	0	2	2	0	2	0	12	0	0	0	0	2	0	0	0
hsa-miR-211-5p	0	0	0	0	0	0	0	0	0	0	0	0	0	0	0	0	0	0	0	0	0	0	0	3	0	0	0	0	0	0	0	0	0	2	0	0	0	0	0	0	0	0
hsa-miR-769-3p	0	0	0	0	0	0	0	0	0	0	0	0	0	0	0	0	0	0	0	0	0	0	0	0	0	0	0	0	0	0	0	0	0	0	0	0	2	0	0	0	0	0
hsa-miR-1307-3p	86	45	116	77	134	11	318	2	32	10	293	287	56	818	202	1327	1025	316	1573	1362	496	226	1793	124	227	123	9	65	32	434	0	685	468	1674	477	373	462	160	82	296	967	2
hsa-miR-6502-5p	0	0	0	0	0	0	0	0	0	0	0	0	0	0	0	0	0	0	3	0	0	0	0	0	0	0	0	0	0	0	0	0	0	0	0	0	0	0	0	0	0	0
hsa-miR-129-5p	0	0	0	0	0	0	0	0	0	0	0	0	0	0	0	0	0	3	0	0	0	0	0	0	0	2	2	0	0	3	0	0	0	0	0	0	0	0	0	0	4	0
hsa-miR-182-5p	4	0	0	0	0	2	132	0	2	2	9	0	0	2	6	31	68	14	40	59	10	8	100	2	16	3	0	0	0	70	2	5	16	7	5	9	3	0	18	15	23	0
hsa-miR-187-3p	0	0	0	0	0	0	0	0	0	0	0	0	0	0	0	0	0	0	0	0	0	0	0	0	0	0	0	0	0	0	0	0	0	3	0	0	0	0	0	0	0	0
hsa-miR-205-5p	0	0	0	0	0	0	0	0	0	0	0	0	0	0	0	0	0	2	0	0	0	0	0	0	3	5	0	0	0	2	0	0	5	0	2	0	0	0	0	0	0	0
hsa-miR-429	0	0	0	0	0	0	0	0	0	0	0	0	0	0	0	0	0	0	0	4	0	0	2	0	10	0	0	0	0	2	0	9	0	0	0	0	0	0	0	0	0	0
hsa-miR-6741-5p	0	0	0	0	0	0	0	3	0	0	0	2	0	14	0	6	4	5	15	13	3	0	10	0	3	0	0	0	0	0	0	0	0	7	7	2	0	0	0	2	0	0
hsa-miR-421	0	0	0	0	0	0	16	3	0	0	0	3	0	2	0	16	22	6	20	33	2	5	41	5	0	0	0	0	0	22	0	10	0	20	2	12	2	0	7	3	5	0
hsa-miR-10a-3p	0	0	0	0	0	0	0	0	0	0	0	0	0	0	0	0	0	0	0	4	0	0	0	0	2	0	0	0	0	0	0	0	0	0	0	0	0	0	2	0	0	0
hsa-miR-550a-3p	0	0	0	0	0	0	7	0	0	0	0	0	0	0	0	0	0	0	0	0	0	0	0	0	0	0	0	0	0	0	0	0	0	0	0	0	0	0	0	0	3	0
hsa-miR-193b-5p	0	0	4	5	5	0	5	0	2	0	0	2	5	0	0	2	0	8	0	2	4	2	0	3	22	40	0	11	0	10	0	16	13	4	2	0	4	2	0	0	2	0
hsa-miR-374a-5p	0	0	0	0	0	0	0	0	0	0	0	0	0	0	0	14	11	0	10	26	2	0	9	0	0	0	0	0	0	3	0	0	0	3	2	0	0	0	0	0	0	0
hsa-miR-141-3p	0	0	0	0	0	0	0	0	0	0	4	0	0	0	0	0	0	0	0	0	2	0	0	0	0	0	0	0	0	0	0	0	0	0	0	0	0	0	0	0	0	0
hsa-miR-92b-3p	24	0	4	7	29	5	251	7	39	24	35	100	21	65	31	28	38	66	95	55	48	53	114	23	86	30	2	43	11	193	0	56	35	25	49	53	33	60	57	75	81	0
hsa-miR-6735-5p	0	0	0	0	2	0	0	0	0	0	0	0	0	0	0	0	0	3	0	0	0	0	0	0	0	0	0	0	0	0	0	0	0	0	0	0	0	0	0	0	0	0
hsa-miR-3157-3p	0	0	0	0	0	0	0	0	0	0	0	0	0	0	0	0	0	0	0	0	0	0	0	0	0	0	0	0	0	0	0	0	0	4	0	0	0	0	0	0	0	0
hsa-miR-1185-2-3p	0	0	0	0	0	0	0	0	0	0	0	0	0	0	0	0	0	0	0	0	0	0	0	0	0	0	0	0	0	0	0	0	0	2	0	0	0	0	0	0	0	0
hsa-miR-4485-3p	0	0	0	0	0	0	0	0	0	0	0	5	0	6	0	0	0	0	0	0	0	0	2	4	0	0	0	0	0	0	0	0	0	0	0	0	0	0	0	0	0	0
hsa-miR-7843-3p	0	0	0	0	0	0	0	0	0	0	0	0	0	0	0	0	0	0	0	0	0	0	0	0	0	0	0	0	0	0	0	0	0	2	0	0	0	0	0	0	0	0
hsa-miR-4677-3p	0	0	0	0	0	0	0	0	0	0	0	0	0	0	0	4	4	0	0	8	0	0	0	0	0	0	0	0	0	0	0	0	0	0	0	0	3	0	0	0	0	0
hsa-miR-491-5p	0	0	0	0	0	0	0	0	0	0	0	0	0	0	0	0	0	0	0	0	0	0	2	0	0	0	0	0	0	0	0	0	0	0	0	0	0	0	0	0	0	0
hsa-miR-1226-3p	0	0	0	0	0	0	0	0	0	0	0	0	0	0	0	0	0	0	0	0	0	0	0	0	0	0	0	0	0	2	0	0	0	0	0	0	0	0	0	0	0	0
hsa-miR-211-3p	0	0	0	0	0	0	0	0	0	0	0	0	0	0	0	0	0	0	0	0	3	0	0	0	0	0	0	0	0	0	0	0	0	0	0	0	0	0	0	0	0	0
hsa-miR-487a-5p	0	0	0	0	0	0	0	0	0	0	0	0	0	0	0	0	0	0	0	0	0	0	2	0	0	0	0	0	0	0	0	0	0	2	0	0	0	0	0	0	0	0
hsa-miR-95-3p	0	0	0	0	0	0	0	0	0	0	0	0	0	0	0	0	0	0	0	0	0	0	2	0	0	0	0	0	0	2	0	2	0	0	0	0	0	0	0	0	0	0
hsa-miR-6805-5p	0	0	0	0	0	0	0	0	0	2	0	0	0	0	0	0	0	0	0	0	0	0	0	0	0	0	0	0	0	7	0	0	0	4	0	0	0	0	0	0	5	0
hsa-let-7e-5p	7	0	0	0	4	0	7	1	0	0	73	22	6	80	14	61	68	40	19	92	38	26	111	10	7	15	5	10	0	32	0	40	42	50	37	59	13	7	0	20	70	2
hsa-miR-485-5p	15	12	28	15	12	2	43	0	0	0	64	87	28	159	82	394	45	36	61	94	127	51	372	15	84	9	3	14	3	32	2	47	106	183	121	141	38	2	24	99	107	0
hsa-miR-3909	0	0	0	0	0	0	0	0	0	0	0	0	0	0	0	0	0	0	0	0	0	0	3	0	0	0	0	0	0	0	0	0	0	0	4	0	2	0	0	0	0	0
hsa-miR-5582-3p	0	0	0	0	0	0	0	0	0	0	0	0	0	0	0	2	0	0	0	0	0	0	0	0	0	0	0	0	0	0	0	0	0	0	0	0	0	0	0	0	0	0
hsa-miR-758-3p	0	0	2	0	0	0	0	0	0	0	2	0	0	0	0	11	4	3	8	0	0	0	16	0	0	0	0	0	0	0	0	0	0	4	2	0	0	0	0	0	0	0
hsa-miR-6852-5p	0	0	3	0	5	0	0	0	0	0	6	21	2	30	6	124	189	15	88	122	11	10	235	12	7	2	0	3	0	10	0	6	14	144	23	10	12	0	0	6	28	0
hsa-miR-6857-3p	0	0	0	0	0	0	8	0	0	0	0	0	0	0	0	0	0	0	0	0	0	0	0	0	0	0	0	0	0	3	0	3	0	0	0	0	0	0	0	0	0	0
hsa-miR-147b-3p	0	0	0	0	0	0	0	0	0	0	0	0	0	0	0	0	0	0	0	0	0	0	0	0	0	0	0	0	0	5	0	0	0	0	0	0	0	0	0	0	0	0
hsa-miR-6741-3p	0	0	0	0	4	0	6	0	0	0	0	5	0	4	4	0	3	4	11	4	4	2	4	0	2	0	0	0	2	6	0	2	4	4	6	6	3	0	0	5	8	0
hsa-miR-363-5p	0	0	0	0	0	5	0	0	0	0	0	0	0	0	0	2	0	0	0	0	0	0	0	0	0	0	0	0	0	11	0	0	0	0	0	0	0	0	2	0	6	0
hsa-miR-760	0	0	0	0	0	0	4	0	0	0	2	3	2	16	0	19	17	8	19	28	3	5	33	4	12	8	0	0	0	5	0	15	5	46	2	6	7	0	6	9	14	0
hsa-miR-193b-3p	0	0	0	0	0	0	0	0	0	0	0	0	0	0	0	0	0	0	0	0	0	0	3	0	8	0	0	0	0	0	0	0	0	0	0	0	0	0	0	0	0	0
hsa-miR-939-5p	2	0	0	0	3	0	0	4	3	2	7	3	2	0	0	3	3	6	10	11	0	7	12	2	13	3	0	3	0	0	0	9	2	10	0	0	2	6	2	0	4	0
hsa-miR-1343-3p	0	0	0	0	0	0	3	0	0	0	0	0	0	7	0	0	2	0	0	8	0	0	0	2	0	0	0	0	0	0	0	0	0	0	0	0	2	0	0	4	0	0
hsa-miR-5193	0	0	0	0	0	0	0	0	0	0	2	2	0	0	0	2	0	0	0	0	0	0	0	0	0	0	0	0	0	0	0	0	0	0	0	0	0	0	0	3	0	0
hsa-miR-374a-3p	0	0	0	0	0	0	5	0	0	0	0	0	0	0	0	0	0	0	0	0	2	0	0	0	0	0	0	0	0	3	0	0	0	0	0	0	0	0	0	0	0	0
hsa-miR-6730-5p	0	0	0	0	0	0	0	0	0	0	0	0	0	0	0	0	0	0	0	0	0	0	2	0	0	0	0	0	0	0	0	0	0	0	0	0	0	0	0	0	0	0
hsa-miR-1914-5p	0	0	0	0	0	0	0	0	0	0	0	0	0	0	0	0	0	0	0	0	2	0	0	0	0	0	0	0	0	0	0	6	0	0	0	0	0	5	0	0	0	0
hsa-miR-146a-5p	87	32	81	18	29	5	105	4	0	0	194	104	15	153	128	1663	4469	272	2042	5184	404	194	5151	64	145	81	8	29	7	247	0	263	314	1894	300	225	373	60	48	111	314	0
hsa-miR-20a-5p	38	2	3	0	24	6	172	2	10	12	35	48	0	27	29	255	368	140	201	595	66	54	416	7	63	37	3	9	0	774	5	51	56	124	109	69	52	5	103	34	128	2
hsa-miR-4433b-5p	2	2	0	8	10	0	7	0	5	0	21	132	20	133	47	46	338	75	115	149	74	10	474	36	9	3	0	43	8	31	0	59	43	124	82	84	32	36	7	76	125	0
hsa-miR-1294	0	0	0	0	2	0	2	0	0	0	0	0	0	0	0	0	0	10	0	8	0	4	0	0	0	0	0	0	0	17	0	0	0	5	0	0	2	0	0	0	4	0
hsa-miR-548ap-5p	0	0	0	0	0	0	0	0	0	0	0	0	0	0	0	1	0	0	0	0	0	0	0	0	0	0	0	0	0	0	0	0	0	0	0	0	0	0	0	0	0	0
hsa-miR-3065-5p	0	0	0	0	0	0	0	0	0	0	0	0	0	0	0	0	0	0	0	0	0	0	2	0	0	0	0	0	0	0	0	0	0	0	0	0	0	0	0	0	0	0
hsa-miR-625-5p	0	0	0	0	0	2	0	0	0	0	0	0	0	0	0	6	3	0	0	7	0	0	10	0	0	2	0	0	0	0	0	3	2	2	0	0	0	0	2	2	2	0
hsa-miR-1908-5p	0	0	0	2	4	0	15	0	0	0	2	4	0	10	0	37	24	4	55	14	5	0	28	0	6	8	0	6	3	5	0	9	4	32	5	0	2	0	7	9	8	0
hsa-miR-32-5p	0	0	0	0	0	0	8	0	0	0	2	0	0	0	3	21	20	4	15	44	3	0	27	0	2	0	0	0	0	27	0	0	4	3	7	0	5	0	4	0	6	0
hsa-miR-5006-5p	0	0	0	0	0	0	0	0	0	0	0	0	0	0	0	0	0	0	0	0	0	0	0	0	0	0	0	0	0	0	0	0	0	2	0	0	0	0	0	0	0	0
hsa-miR-487a-3p	0	0	0	0	0	0	0	0	0	0	0	0	0	0	0	2	0	0	0	0	0	0	0	0	0	0	0	0	0	0	0	0	0	0	0	0	0	0	0	0	0	0
hsa-miR-3150b-5p	0	0	0	0	0	0	0	0	0	0	0	0	0	0	0	0	0	0	0	0	0	0	0	0	0	0	0	0	0	0	0	0	0	3	0	0	0	0	0	0	0	0
hsa-miR-5188	0	0	0	0	0	0	0	0	0	0	0	0	0	0	0	0	0	0	0	0	0	0	0	0	0	0	0	0	0	0	0	5	0	0	0	0	0	0	0	0	0	0
hsa-let-7e-3p	0	0	0	0	0	0	0	0	0	0	0	0	0	0	0	0	2	0	0	0	0	0	0	0	0	0	0	0	0	2	0	3	0	0	0	0	0	0	0	0	0	0
hsa-miR-550a-3-5p	0	0	0	0	0	0	12	1	0	0	0	0	0	0	1	0	0	0	3	4	2	0	1	0	0	3	0	0	0	19	0	3	0	13	0	1	0	0	4	0	3	0
hsa-miR-4661-5p	0	0	0	0	0	0	0	0	0	0	0	0	0	0	0	0	0	0	3	0	0	0	0	0	0	2	0	0	0	0	0	0	0	0	0	0	0	0	0	0	0	0
hsa-miR-2277-5p	0	0	0	0	0	0	0	0	0	0	0	0	0	0	0	2	0	0	0	0	0	0	0	0	0	0	0	0	0	0	0	0	0	2	0	0	0	0	0	0	0	0
hsa-miR-548j-5p	0	0	0	0	0	0	0	0	0	0	0	0	0	0	0	6	8	0	4	13	2	0	16	0	0	0	0	0	0	0	0	6	0	5	0	2	3	0	0	0	2	0
hsa-miR-548o-3p	0	0	0	0	0	0	0	0	0	0	0	0	0	4	0	15	4	0	6	10	0	2	7	0	0	0	0	0	0	0	0	0	2	7	0	0	0	0	0	0	0	0
hsa-miR-124-3p	0	0	0	0	0	0	4	0	0	0	2	0	0	0	0	0	0	0	0	0	0	0	0	0	0	0	0	0	0	0	0	0	0	0	0	0	0	0	0	0	0	0
hsa-miR-485-3p	0	0	0	0	3	0	11	0	0	0	12	26	0	18	26	77	12	16	6	12	22	9	146	4	0	5	3	5	2	12	0	25	20	24	28	50	4	23	0	18	23	0
hsa-miR-4742-3p	0	0	0	0	0	0	5	0	0	0	0	0	0	0	0	0	0	2	0	0	0	0	0	0	0	0	0	0	0	3	0	0	0	0	0	0	0	0	0	0	0	0
hsa-miR-503-5p	4	0	0	0	0	0	20	0	0	0	0	0	0	0	0	6	15	8	0	13	2	8	22	0	7	5	0	0	0	23	0	0	0	2	0	0	8	0	3	0	10	0
hsa-miR-4535	0	0	0	0	0	0	0	0	0	0	0	0	0	0	0	0	0	0	0	0	0	0	0	0	0	0	0	0	0	0	0	0	0	0	2	0	0	0	0	0	0	0
hsa-miR-1284	0	0	0	0	0	0	0	0	0	0	0	2	0	0	0	0	4	0	0	2	0	0	2	0	0	8	0	0	0	3	0	0	0	0	0	0	0	0	3	0	0	0
hsa-miR-4533	0	0	0	0	0	0	0	0	0	0	5	0	0	9	0	0	5	0	7	10	0	0	8	0	5	2	0	0	0	0	0	0	11	0	0	0	3	0	0	6	2	0
ebv-miR-BART13-5p	0	0	0	0	0	0	0	0	0	0	0	0	0	0	0	0	0	0	0	0	0	0	0	0	0	0	0	0	0	2	0	0	0	0	0	0	0	0	0	0	2	0
hsa-miR-122b-3p	0	0	0	0	0	0	0	0	0	0	0	3	0	0	0	0	0	0	0	0	0	0	0	0	0	0	0	2	0	0	0	0	0	0	0	0	0	0	0	0	0	0
hsa-miR-6852-3p	2	0	0	0	0	0	0	0	0	0	0	2	0	3	3	12	0	3	0	7	0	0	12	0	0	0	0	15	0	0	0	0	0	7	2	0	5	0	0	0	4	0
hsa-miR-196b-5p	0	0	0	0	0	0	0	0	3	0	0	0	0	8	0	0	2	0	8	2	0	0	0	0	0	0	0	0	0	9	0	0	0	0	0	0	3	0	0	0	5	0
hsa-miR-642b-3p	1	0	0	0	0	0	0	0	0	0	0	0	0	0	0	0	0	0	0	0	0	0	0	0	0	0	0	0	0	0	0	0	0	0	0	0	0	0	0	0	0	0
hsa-miR-4731-5p	0	0	0	0	0	0	0	0	0	0	0	0	0	0	0	0	0	0	0	0	0	0	0	0	0	0	0	0	0	0	0	0	0	0	0	0	0	0	0	0	3	0
hsa-miR-363-3p	19	2	7	2	0	0	140	0	7	0	19	3	2	0	5	93	132	43	16	119	65	23	161	2	35	23	0	2	0	274	0	30	22	48	17	5	21	0	20	8	41	0
hsa-miR-451a	5816	455	1853	832	3107	3241	33451	557	750	870	2701	1299	261	617	1981	12010	9554	7656	8195	11704	7177	5789	16217	1005	9309	13302	182	841	215	74071	611	3686	3561	4121	3343	3917	6055	383	9221	785	11090	70
hsa-miR-6765-5p	0	0	0	0	2	0	0	0	0	0	0	0	0	0	0	0	0	0	0	0	0	0	0	0	0	0	0	0	0	0	0	0	0	0	0	0	0	0	0	0	0	0
hsa-miR-3187-3p	0	0	0	4	2	2	4	0	0	0	2	2	0	0	2	0	0	0	4	2	0	0	5	0	0	0	0	0	0	3	0	0	0	0	0	2	0	0	0	0	3	0
hsa-miR-216b-5p	0	0	0	0	0	0	0	0	0	0	0	0	0	0	0	0	0	0	0	0	0	0	0	0	0	2	0	0	0	0	0	5	0	0	0	0	3	0	0	0	0	0
hsa-miR-514a-3p	0	0	0	0	0	0	0	0	0	0	0	0	0	0	0	0	0	0	3	0	0	0	0	0	0	0	0	0	0	0	0	0	0	0	0	0	0	0	0	0	0	0
hsa-miR-939-3p	0	0	0	0	0	0	0	0	0	0	0	0	0	0	0	0	0	0	0	0	0	0	0	0	0	0	0	0	0	0	0	0	0	0	0	0	0	0	0	3	0	0
hsa-miR-146a-3p	0	0	0	0	0	0	0	0	0	0	0	0	0	0	0	6	0	0	27	0	0	0	0	0	0	0	0	0	0	0	0	0	2	0	0	0	0	0	0	0	2	0
hsa-miR-1278	0	0	0	0	0	0	3	0	0	0	0	0	0	0	0	0	0	0	0	7	0	0	0	0	0	0	0	0	0	8	0	0	0	2	0	0	0	0	0	0	0	0
hsa-miR-4525	0	0	0	0	0	0	0	0	0	4	0	2	0	0	0	0	0	0	0	0	0	0	0	0	0	0	0	0	0	0	0	0	0	0	0	0	0	3	0	0	2	0
hsa-miR-378i	0	0	0	0	0	0	0	0	0	0	0	0	0	0	0	0	0	0	0	0	0	0	0	0	0	0	0	0	0	0	0	0	0	0	0	0	3	0	0	0	0	0
hsa-miR-1275	0	0	0	0	0	0	0	0	0	0	0	0	0	0	0	0	5	0	8	7	0	0	4	0	0	0	0	0	0	0	0	0	0	3	0	0	0	0	0	0	0	0
hsa-miR-4433b-3p	12	28	7	11	6	0	12	0	4	4	34	124	58	142	35	698	233	15	464	234	83	37	675	35	13	3	14	96	2	4	0	140	74	465	107	36	33	40	0	173	27	0
hsa-miR-378g	0	0	0	0	0	0	2	0	0	0	0	0	0	0	0	0	0	0	0	4	0	0	4	0	0	0	0	3	0	13	0	3	0	0	0	0	0	0	0	0	3	0
hsa-miR-6759-5p	0	0	0	0	0	0	0	0	0	0	0	0	0	0	0	0	0	0	0	0	0	0	0	0	0	0	0	0	0	0	0	0	0	0	0	0	0	0	0	0	5	0
hsa-miR-1270	0	0	3	0	0	0	0	0	0	0	0	0	0	0	0	0	0	0	0	0	0	0	0	0	0	0	0	0	0	0	0	4	0	0	0	2	0	0	0	0	3	0
hsa-miR-378d	0	0	3	0	0	0	3	0	0	0	0	0	0	0	0	3	4	0	0	1	0	0	3	0	0	0	0	0	0	4	0	7	0	2	0	0	0	0	0	0	0	0
hsa-miR-378c	0	2	1	0	3	0	5	0	0	0	0	0	0	0	0	4	13	2	2	5	0	2	10	0	0	0	2	0	0	17	0	4	3	5	4	0	0	0	6	0	2	0
hsa-miR-433-3p	2	6	14	4	0	0	0	0	2	0	2	14	6	22	4	48	38	10	31	51	21	11	228	5	8	0	0	0	0	12	0	0	14	43	13	45	5	0	0	15	19	0
hsa-miR-378b	2	0	0	0	0	0	10	0	0	0	0	0	0	0	0	8	13	6	8	9	0	2	10	0	5	2	0	0	0	0	0	4	2	8	0	2	2	0	4	0	0	0
hsa-miR-625-3p	63	0	4	5	9	0	219	0	3	19	84	363	31	300	321	1006	373	313	1041	583	254	84	2871	93	76	20	4	32	21	133	3	321	283	415	472	145	86	176	24	508	467	0
hsa-miR-32-3p	0	0	0	0	0	0	0	0	0	0	2	0	0	0	0	0	2	0	0	0	0	0	0	0	0	0	0	0	0	0	0	0	0	0	2	0	0	0	0	0	0	0
hsa-miR-154-5p	0	0	0	0	0	0	0	0	0	0	0	0	0	0	0	2	0	0	0	0	0	0	2	0	0	0	0	0	0	0	0	0	0	0	3	0	0	0	0	0	0	0
hsa-miR-5001-5p	0	0	0	0	0	0	0	0	0	0	0	0	0	0	0	0	0	0	0	0	0	0	0	0	0	0	0	0	0	0	0	0	0	4	0	0	0	0	0	0	0	0
hsa-miR-4772-5p	0	0	0	0	0	0	0	0	0	0	0	0	0	0	0	0	0	0	0	0	0	0	0	0	0	0	0	0	0	2	0	0	0	0	0	0	0	0	0	0	0	0
hsa-miR-5006-3p	0	0	0	0	0	0	0	0	0	0	0	0	0	0	0	2	0	0	0	0	0	0	0	0	0	0	0	0	0	0	0	0	0	0	0	0	0	0	0	0	0	0
hsa-miR-4777-3p	0	0	0	0	0	0	0	0	0	0	0	0	0	0	0	0	3	0	0	0	0	0	0	0	0	0	0	0	0	0	0	0	0	0	0	0	0	0	0	0	0	0
hsa-miR-3150b-3p	0	0	0	0	2	0	0	0	0	0	0	0	0	0	2	0	0	0	0	0	0	0	0	0	0	0	0	0	0	0	0	2	0	2	0	0	0	0	0	0	0	0
hsa-miR-548j-3p	0	0	0	0	0	0	0	0	0	0	0	0	0	0	0	3	2	0	3	3	0	0	0	0	0	0	0	0	0	8	0	0	0	0	0	0	0	0	0	0	0	0
hsa-miR-6882-5p	0	0	0	0	0	0	0	0	0	0	0	0	0	0	0	0	0	0	0	0	0	0	2	0	0	0	0	0	0	0	0	0	0	0	0	0	0	0	0	0	0	0
hsa-miR-125b-5p	4	0	0	0	0	2	71	0	0	2	0	9	4	6	3	17	26	22	33	18	28	11	37	0	20	25	0	0	0	46	2	18	11	31	10	4	22	0	8	3	18	0
hsa-miR-21-5p	723	136	426	94	311	127	1932	43	94	37	3339	1982	267	2291	3045	31079	24836	4866	17510	43363	5563	2675	38904	1065	1203	775	151	626	268	4677	62	5182	4806	6281	6705	3235	3010	703	819	1638	7998	92
hsa-miR-4516	0	0	0	0	0	0	0	0	0	0	0	0	0	0	0	2	0	0	0	0	0	0	0	0	0	0	0	0	0	0	0	0	0	0	0	0	0	0	0	0	4	0
hsa-miR-24-1-5p	0	0	0	0	0	0	0	0	0	0	0	0	0	0	0	2	0	0	0	0	0	0	0	0	0	0	0	0	0	0	0	0	0	0	0	0	0	0	0	0	0	0
hsa-miR-3688-3p	0	0	0	0	0	0	0	0	0	0	0	0	0	0	0	0	0	0	0	0	0	0	2	0	0	0	0	0	0	0	0	0	0	0	0	0	0	0	0	0	0	0
hsa-miR-4513	0	0	0	0	0	2	0	0	0	0	0	0	0	0	0	0	0	0	0	0	0	0	0	0	0	0	0	0	0	0	0	0	0	0	0	0	0	0	0	0	0	0
hsa-miR-1273h-3p	2	4	3	0	0	0	18	2	0	0	9	8	8	22	8	82	67	18	41	98	21	25	131	4	5	0	0	0	5	2	0	38	15	89	30	13	19	9	0	2	7	0
hsa-miR-4511	0	0	0	0	0	0	0	0	0	0	0	0	0	0	0	4	0	0	0	0	0	0	0	0	0	0	0	0	0	20	0	0	0	0	0	0	0	0	0	0	0	0
hsa-miR-1292-5p	0	0	0	0	0	0	4	0	0	0	0	0	3	2	0	7	8	4	5	12	4	2	25	0	10	3	0	0	0	25	0	0	2	8	3	9	4	9	0	0	6	0
hsa-miR-4510	0	0	0	0	0	0	0	0	0	0	0	2	0	1	0	0	0	0	0	1	0	0	0	0	0	0	0	0	0	1	0	0	0	0	0	0	0	0	0	0	1	0
hsa-miR-224-5p	13	4	3	0	3	0	31	0	4	0	67	60	9	94	132	255	446	67	185	370	122	66	829	21	36	14	5	7	4	68	0	170	177	286	183	99	62	64	11	125	223	0
hsa-miR-6515-5p	0	0	0	0	0	0	0	0	0	0	0	0	0	0	0	0	0	0	0	0	0	0	0	0	0	0	0	0	0	0	0	4	0	0	0	0	0	0	0	0	0	0
hsa-miR-23a-5p	0	0	4	0	0	0	0	0	0	0	2	0	0	2	0	10	3	0	2	0	4	0	5	0	0	0	0	0	0	0	0	0	0	6	0	0	0	0	0	3	9	0
hsa-miR-195-5p	0	0	0	0	0	0	0	0	0	0	0	0	0	0	0	0	0	3	0	0	0	0	0	0	0	0	0	0	0	0	0	0	0	0	0	0	0	0	0	0	0	0
hsa-miR-579-5p	0	0	0	0	0	0	0	0	0	0	0	0	0	0	0	0	0	0	3	2	0	0	0	0	0	0	0	0	0	7	0	0	0	0	0	0	0	0	0	0	0	0
hsa-miR-218-5p	2	0	0	0	0	0	0	0	0	0	0	0	0	0	0	6	0	0	7	3	0	0	0	0	0	0	0	0	0	3	0	0	0	0	0	0	6	0	0	0	0	0
hsa-miR-4508	5	2	16	14	16	5	25	2	2	0	11	2	0	2	5	7	3	16	0	8	22	6	10	0	30	23	0	0	0	35	0	30	9	26	3	2	8	4	10	0	7	0
hsa-miR-1258	0	0	0	0	0	0	0	0	0	0	0	0	0	0	0	0	0	0	0	0	0	0	0	0	0	2	0	0	0	0	0	0	0	0	0	0	0	0	0	0	0	0
hsa-miR-6509-5p	0	0	0	0	0	0	0	0	0	0	0	0	0	0	0	0	0	0	0	0	0	0	0	4	0	0	0	0	0	0	0	0	0	0	0	6	0	0	0	0	0	0
hsa-miR-4504	0	0	0	0	0	0	5	0	0	0	0	0	0	0	0	0	3	0	6	0	0	0	0	0	0	0	0	0	0	9	0	0	0	0	0	0	0	0	0	0	0	0
hsa-miR-1273c	0	0	0	0	0	0	0	0	0	0	0	0	0	0	0	2	0	0	0	0	0	0	0	0	9	0	0	0	0	11	0	0	0	0	0	0	0	0	0	0	0	0
hsa-miR-549a-3p	0	0	0	0	0	0	0	0	0	0	0	0	0	0	0	0	0	0	0	0	0	0	0	0	0	0	0	0	0	0	0	0	0	2	0	0	0	0	0	0	0	0
hsa-miR-30a-5p	15	3	6	0	38	9	153	0	2	4	23	23	0	23	24	127	191	77	188	399	70	21	432	2	162	70	0	0	2	390	0	94	76	105	95	35	58	8	35	13	86	5
hsa-miR-4446-5p	0	0	0	0	0	0	0	0	0	0	0	0	0	0	0	0	0	0	0	0	0	0	2	0	0	0	0	0	0	0	0	0	0	0	0	0	0	0	0	0	0	0
hsa-miR-154-3p	0	0	0	0	0	0	0	0	0	0	0	0	0	0	0	0	0	0	0	0	0	0	0	0	0	0	0	0	0	0	0	0	0	2	0	0	0	0	0	0	0	0
hsa-miR-4772-3p	0	0	0	0	0	0	0	0	0	0	0	0	0	0	0	0	0	0	0	0	0	0	0	0	0	0	0	0	0	0	0	0	0	0	0	0	0	0	0	0	2	0
hsa-miR-106b-5p	6	0	2	2	5	7	49	3	0	0	2	0	0	0	8	39	51	12	14	40	16	14	24	0	9	8	0	2	0	208	0	7	7	29	9	12	16	11	16	0	35	0
hsa-miR-27b-5p	0	0	0	0	0	0	0	0	0	0	0	0	0	0	0	0	0	0	0	8	0	0	2	0	0	0	0	0	0	0	0	2	0	0	0	6	0	0	0	2	0	0
hsa-miR-548e-3p	0	0	0	0	0	0	0	0	0	0	0	0	0	0	0	7	9	0	7	13	0	3	8	0	0	0	2	0	0	9	0	2	0	2	2	0	0	0	2	0	0	0
hsa-miR-548u	0	0	0	0	0	0	0	0	0	0	0	0	0	0	0	4	0	0	0	0	0	0	0	0	0	0	0	0	0	0	0	0	0	0	0	0	0	0	0	0	0	0
hsa-miR-548q	0	0	0	2	0	0	0	0	0	0	0	0	0	0	0	0	0	2	0	0	0	0	0	0	0	0	0	0	0	10	0	0	0	0	0	0	0	0	0	0	0	0
hsa-miR-3130-3p	0	0	0	0	0	0	0	0	0	0	0	0	0	0	0	0	2	0	0	0	0	0	0	0	0	0	0	0	0	0	0	0	0	0	0	0	0	0	0	0	0	0
hsa-miR-199b-5p	0	0	0	0	0	0	0	0	0	0	0	0	0	0	0	2	5	2	7	1	0	0	7	0	0	0	0	0	0	0	0	0	0	4	0	0	0	0	0	0	0	0
hsa-miR-21-3p	0	0	0	0	0	0	2	0	0	0	0	0	0	0	2	13	9	0	28	14	6	0	14	0	0	0	0	0	0	0	0	0	0	12	0	0	0	0	0	0	2	0
hsa-miR-143-5p	0	0	0	0	0	0	10	0	0	0	0	0	0	0	0	0	4	0	0	0	2	0	4	0	0	0	0	0	0	0	0	3	0	2	0	0	2	0	0	0	0	0
hsa-miR-1246	0	0	0	0	0	0	0	0	0	0	4	0	0	0	0	0	0	2	0	0	0	0	0	0	0	4	0	0	0	2	0	2	0	2	0	0	0	0	0	0	0	0
hsa-miR-548l	0	0	0	0	0	0	0	0	0	0	0	0	0	0	0	0	0	3	0	0	0	0	0	0	0	0	0	0	0	10	0	0	0	4	0	0	0	0	0	0	0	0
hsa-miR-335-5p	0	0	0	0	0	0	0	0	0	0	0	0	0	0	0	4	8	0	0	16	0	0	17	0	0	0	0	0	0	5	0	0	0	4	0	2	0	0	0	0	5	0
hsa-miR-548k	0	0	0	0	0	0	0	0	0	0	0	0	0	0	0	2	0	0	0	10	0	0	3	0	0	0	0	0	0	0	0	0	0	0	0	0	0	0	0	0	0	0
hsa-miR-411-5p	0	0	0	0	0	0	0	0	0	0	6	0	0	2	3	49	19	3	7	33	7	5	125	2	0	0	0	0	0	0	0	0	0	16	10	4	5	0	4	0	6	0
hsa-miR-6818-5p	0	0	0	0	0	0	0	0	0	0	0	0	0	0	0	0	0	0	0	0	0	0	0	0	0	0	0	0	0	0	0	0	0	0	0	0	2	0	0	0	0	0
hsa-miR-219b-5p	0	0	0	0	0	0	0	0	0	0	0	0	0	0	0	0	3	0	0	0	0	0	0	0	0	0	0	0	0	0	0	0	0	0	0	0	0	0	0	0	0	0
hsa-miR-500b-3p	0	0	0	0	0	0	0	0	0	0	0	0	0	0	0	0	2	0	0	0	0	0	0	0	0	0	0	0	0	0	0	0	0	0	0	0	0	0	0	0	0	0
hsa-miR-23a-3p	14	4	2	0	0	0	11	0	353	0	14	1954	0	26	2	408	505	22	261	499	37	22	1110	4	6	13	4	2	0	42	0	33	10	115	31	10	34	0	8	8	23	0
hsa-miR-4755-5p	0	0	0	0	0	0	0	0	0	0	0	0	0	0	0	0	0	0	0	3	0	0	2	0	0	0	0	0	0	0	0	2	0	0	0	0	0	0	2	0	0	0
hsa-miR-1228-5p	3	6	9	10	16	2	24	8	14	56	2	14	36	5	9	0	0	4	0	2	9	0	0	7	27	9	0	2	4	19	0	9	0	2	16	0	0	85	10	2	12	0
hsa-miR-329-5p	0	0	0	0	0	0	0	0	0	0	0	0	0	0	0	0	4	0	0	0	0	0	3	0	0	0	0	0	0	0	0	0	0	0	0	0	0	0	0	6	0	0
hsa-miR-382-5p	0	0	2	2	4	0	4	0	0	0	10	8	0	26	4	229	35	11	8	39	10	12	121	4	3	2	0	0	0	5	0	6	10	66	13	3	5	0	0	2	15	0
hsa-miR-195-3p	0	0	0	0	0	0	5	0	0	0	0	0	0	0	0	0	2	0	0	6	0	0	2	0	2	6	2	0	0	2	0	2	0	0	0	3	0	0	0	0	0	0
hsa-miR-4436b-3p	0	0	0	0	0	0	0	0	0	0	0	0	0	0	0	0	0	0	0	0	0	0	0	0	0	0	0	0	0	0	0	0	0	3	0	0	0	0	0	0	0	0
hsa-miR-3940-5p	0	0	0	0	0	0	0	0	0	0	0	0	0	0	0	0	0	0	0	0	0	0	0	0	0	0	0	0	0	0	0	0	2	0	0	0	0	0	0	0	0	0
hsa-miR-6789-5p	0	0	0	0	0	0	0	0	0	0	0	0	0	0	0	0	0	0	0	3	0	0	0	0	0	0	0	0	0	0	0	0	0	0	0	0	0	0	0	0	0	0
hsa-miR-1304-5p	0	0	0	0	2	0	0	0	0	0	0	0	0	3	0	3	0	5	0	5	4	0	5	0	0	2	0	0	0	2	0	2	2	0	0	6	2	0	0	0	4	0
hsa-miR-766-5p	0	2	0	0	0	0	0	0	0	0	4	8	0	31	2	25	21	2	8	28	10	2	40	0	0	2	0	0	0	0	0	4	4	19	0	5	6	0	0	16	10	0
hsa-miR-655-3p	0	0	0	0	0	0	0	0	0	0	0	0	0	0	0	0	0	0	0	0	0	0	2	0	0	0	0	0	0	0	0	0	0	2	0	0	0	0	0	0	0	0
hsa-miR-5584-5p	0	0	0	0	0	0	0	0	0	0	0	0	0	0	0	0	0	0	0	0	3	0	0	0	0	0	0	0	0	0	0	0	0	2	0	0	0	0	0	0	0	0
hsa-miR-30a-3p	2	0	0	0	2	0	0	0	0	0	0	2	0	0	0	0	3	6	0	7	1	0	6	0	18	9	0	0	0	12	0	0	3	0	0	0	0	0	0	2	2	0
hsa-miR-3934-5p	0	0	0	0	0	0	4	0	0	0	0	0	0	0	0	0	0	0	0	0	2	0	2	0	0	0	0	0	0	0	0	2	0	0	2	0	0	0	0	0	0	0
hsa-miR-4446-3p	9	0	10	0	0	0	4	0	0	0	25	37	3	91	10	75	88	12	113	85	20	14	170	22	4	2	2	6	7	22	0	22	42	93	33	53	38	12	3	73	50	0
hsa-miR-452-5p	0	0	0	0	2	0	0	0	0	0	0	0	0	0	2	0	23	0	4	5	4	0	5	0	0	0	0	0	0	0	0	7	4	8	3	0	0	0	0	0	0	0
hsa-miR-320a-3p	1275	413	1373	484	3583	203	3202	49	126	109	1315	835	158	3713	921	4545	5774	3427	2635	6395	2946	1028	9982	610	3847	4689	47	406	62	18529	73	4041	2200	6958	1734	4817	2694	210	1358	804	5089	43
hsa-miR-6859-5p	0	0	0	0	0	0	2	0	0	0	0	0	0	0	0	4	0	2	0	3	0	0	8	0	0	0	0	0	0	3	0	2	0	11	0	0	0	0	0	0	0	0
hsa-miR-106b-3p	11	0	0	0	5	14	153	2	2	4	48	21	0	35	4	217	195	47	98	233	27	43	284	11	31	4	0	3	2	198	3	35	25	136	18	27	41	9	36	9	80	0
hsa-miR-27b-3p	16	3	16	2	25	15	202	5	6	2	44	35	4	67	12	461	535	101	345	623	72	45	610	26	67	93	5	5	8	322	4	89	79	214	61	33	87	6	42	41	111	0
hsa-miR-4796-5p	0	0	0	0	0	0	0	0	0	0	0	0	0	0	0	0	0	0	0	0	0	0	0	0	0	0	0	0	0	0	0	3	0	0	0	0	0	0	0	0	0	0
hsa-miR-4685-3p	0	0	0	0	0	0	9	0	5	2	0	0	0	8	0	0	0	3	0	0	0	3	2	0	0	0	0	0	0	0	0	0	0	0	0	3	0	0	9	0	2	0
hsa-miR-199b-3p	2	1	2	0	1	1	7	0	0	0	4	20	0	11	5	114	96	12	67	113	15	7	204	2	8	2	1	0	1	13	0	9	11	54	24	8	6	0	5	5	17	0
hsa-miR-330-5p	0	3	0	2	0	2	2	0	0	0	0	4	0	0	0	13	26	0	0	9	0	0	22	0	0	0	0	0	0	5	0	0	4	17	5	0	4	0	0	0	3	0
hsa-miR-143-3p	58	17	45	2	18	21	365	0	23	8	230	158	22	47	170	1484	1412	236	1158	564	371	78	1541	12	151	109	13	15	15	984	17	254	260	995	332	119	137	37	79	125	295	4
hsa-miR-335-3p	2	0	0	0	0	0	0	0	0	0	6	3	0	19	2	136	19	7	98	227	6	10	337	0	0	3	0	0	0	3	0	17	14	35	21	3	9	0	0	12	13	0
hsa-miR-548ac	0	0	2	0	0	0	2	0	0	0	0	0	0	0	0	0	0	0	0	0	0	0	0	0	0	0	0	0	0	3	0	0	0	0	0	0	4	0	0	0	0	0
hsa-miR-6790-5p	0	0	0	0	0	0	0	0	0	0	0	0	0	0	0	0	0	0	0	0	0	0	0	0	0	0	0	0	0	0	0	0	2	0	0	0	0	0	0	0	0	0
hsa-miR-26a-5p	207	43	113	37	119	46	863	20	22	13	1408	735	126	909	1021	10939	9983	1849	8763	25108	2147	1365	20644	321	419	252	37	189	77	1560	29	1902	2113	4769	2388	1041	1450	234	306	607	2815	22
hsa-miR-580-3p	0	0	0	0	0	0	2	0	0	0	0	0	0	0	0	2	0	2	0	0	0	0	0	0	0	0	0	0	0	0	0	0	0	0	0	0	0	0	0	0	0	0
hsa-miR-411-3p	0	0	0	0	0	0	0	0	0	0	0	0	0	0	0	14	3	0	4	3	0	0	44	0	0	0	0	0	0	0	0	0	0	0	0	0	2	0	3	0	0	0
hsa-miR-6813-5p	0	0	0	0	0	0	0	0	0	0	0	0	0	3	0	0	0	3	0	0	0	0	0	0	0	0	0	0	0	0	0	0	0	0	0	0	0	0	0	0	0	0
hsa-miR-6510-3p	0	0	0	0	0	0	2	0	0	0	0	0	0	0	0	0	0	0	0	0	0	0	0	0	0	0	0	0	0	0	0	0	0	0	0	0	0	0	0	0	0	0
hsa-miR-3614-5p	0	0	0	0	3	0	5	0	0	0	0	0	0	0	0	0	0	0	0	4	0	0	0	0	0	2	0	0	0	0	0	0	0	0	0	0	0	0	2	0	0	0
hsa-miR-181b-5p	9	0	2	0	7	0	10	2	0	0	15	10	0	11	0	100	94	4	126	95	45	4	143	6	11	15	0	0	0	12	0	30	19	55	13	10	10	0	4	0	12	0
hsa-miR-493-5p	0	0	0	0	0	0	0	0	0	0	30	4	0	13	9	81	31	10	32	66	9	7	264	3	0	6	0	0	0	10	0	0	12	17	21	15	2	0	10	7	13	0
hsa-miR-132-5p	0	0	3	0	0	0	0	0	7	0	0	0	0	0	0	8	4	0	0	2	0	0	7	0	0	2	0	0	0	3	0	0	2	0	0	0	0	0	0	0	0	0
hsa-miR-4750-5p	0	0	0	0	0	0	0	0	0	0	0	0	0	0	2	4	0	0	0	2	0	0	0	0	0	0	0	0	0	0	0	3	0	6	0	0	2	0	0	0	2	0
hsa-miR-324-5p	0	0	0	0	0	0	3	0	0	0	0	0	0	0	0	4	30	2	2	14	7	3	13	0	0	0	0	0	0	13	0	3	0	8	0	0	0	0	2	0	0	0
hsa-miR-1228-3p	0	0	0	0	0	0	0	0	0	0	0	0	0	0	0	0	0	2	0	0	0	0	0	0	0	0	0	0	0	0	0	0	0	0	0	0	0	0	0	0	0	0
hsa-miR-329-3p	0	0	0	0	0	0	0	0	0	0	0	3	0	0	0	5	0	0	0	7	0	0	36	0	0	0	0	0	0	0	0	0	0	11	0	2	0	0	0	0	0	0
hsa-miR-877-5p	0	0	2	0	0	0	16	0	2	0	0	0	0	6	0	7	9	0	20	5	5	2	11	0	0	6	0	0	0	7	0	10	2	7	0	2	0	0	0	0	4	0
hsa-miR-382-3p	0	0	0	0	0	0	0	0	0	0	2	0	0	0	0	34	10	0	19	7	0	0	28	0	0	0	0	0	0	0	0	0	0	18	4	0	0	0	0	0	0	0
hsa-miR-3940-3p	2	0	0	0	0	0	0	0	0	0	0	0	0	0	0	0	0	2	0	0	0	0	0	0	0	0	0	0	0	0	0	0	0	0	0	0	0	0	0	0	0	0
hsa-miR-574-3p	0	2	0	0	0	0	2	0	0	0	5	6	0	6	4	21	19	12	35	17	3	4	55	0	2	0	0	0	0	2	0	6	5	23	5	5	23	0	0	11	11	0
hsa-miR-1304-3p	0	0	0	0	0	0	7	0	0	0	0	0	0	9	0	23	16	2	34	33	4	2	51	0	0	0	0	0	0	0	0	0	0	12	2	3	5	0	5	0	9	0
hsa-miR-766-3p	0	0	0	0	0	0	0	0	0	0	0	0	0	0	0	10	49	2	20	18	0	2	65	0	0	0	0	0	0	0	0	0	0	5	0	0	0	0	0	0	2	0
hsa-miR-6807-5p	0	0	0	0	0	0	0	0	0	0	0	0	0	0	0	0	0	0	0	0	0	0	0	0	4	0	0	0	0	0	0	0	0	0	0	0	0	0	0	0	0	0
hsa-let-7g-5p	150	2	23	12	39	213	1510	92	235	108	574	475	74	913	178	1265	1209	761	1077	3012	568	515	2828	337	207	226	71	189	65	6391	55	368	635	534	236	318	281	239	582	490	1045	16
hsa-miR-33a-5p	0	0	0	0	0	0	0	0	0	0	0	0	0	0	0	3	5	0	0	2	0	0	0	0	0	0	0	0	0	0	0	0	0	0	0	0	0	0	0	0	0	0
hsa-miR-16-2-3p	100	12	111	24	96	132	661	21	106	66	102	41	10	49	80	710	400	248	320	1110	283	222	566	32	139	190	7	20	18	2550	28	155	131	185	107	218	230	60	413	44	304	6
hsa-miR-126-5p	22	2	0	0	3	0	23	4	2	0	55	31	9	21	25	719	423	78	361	1239	77	44	598	27	2	22	0	0	5	123	0	55	75	193	76	51	29	6	16	25	100	2
hsa-miR-323a-5p	0	0	0	0	0	0	0	0	0	0	0	0	0	0	0	0	0	2	0	0	2	0	0	0	0	0	0	0	0	0	0	0	0	2	0	5	0	0	0	0	5	0
hsa-miR-4749-3p	0	0	0	0	0	0	0	0	0	2	0	0	0	0	0	0	0	0	0	0	0	0	0	0	0	0	0	0	0	0	0	0	0	0	0	0	0	0	0	0	0	0
hsa-miR-202-5p	0	0	0	0	0	0	0	0	0	0	0	0	0	0	0	0	0	0	0	0	0	0	0	0	0	0	0	0	0	0	0	0	0	0	3	0	0	0	0	0	0	0
hsa-miR-19a-3p	9	0	3	0	9	0	0	2	0	7	0	2	0	0	5	51	31	14	57	114	21	5	59	0	6	26	0	0	0	174	0	15	8	26	12	10	8	0	10	4	14	0
hsa-miR-6743-3p	0	0	0	0	0	0	0	0	0	0	0	0	0	0	0	0	0	0	0	0	0	0	0	0	0	0	0	0	0	0	0	0	0	0	0	0	0	0	3	0	0	0
hsa-miR-181a-2-3p	0	0	5	5	7	2	25	0	0	0	15	9	2	32	2	43	69	27	62	110	25	17	186	0	5	8	0	0	0	34	0	12	22	58	26	5	12	0	10	17	36	0
hsa-miR-4796-3p	0	0	0	0	0	0	0	0	0	0	0	0	0	0	0	0	0	0	0	0	0	0	2	0	0	0	0	0	0	0	0	0	0	0	0	0	0	0	0	0	0	0
hsa-miR-3928-3p	0	0	0	0	0	0	0	0	0	0	0	0	0	0	0	0	2	0	3	0	0	0	0	0	0	2	0	0	0	0	0	0	0	6	0	0	0	0	0	0	0	0
hsa-miR-5100	0	0	0	0	0	0	0	0	0	0	0	0	0	3	0	0	0	0	0	0	0	0	0	0	0	0	0	0	0	0	0	0	0	0	0	0	0	0	0	0	0	0
hsa-miR-1537-3p	0	0	0	0	0	0	0	0	2	0	0	0	0	0	0	0	0	0	0	0	0	0	0	0	0	0	0	0	0	0	0	0	0	0	0	0	0	0	0	0	0	0
hsa-miR-330-3p	5	0	0	3	13	0	39	0	0	0	49	9	4	60	34	287	329	71	307	504	67	38	690	24	10	12	4	7	2	27	0	84	64	296	70	107	94	18	9	19	75	0
hsa-miR-135a-2-3p	0	0	0	0	0	0	0	0	0	0	0	0	0	0	0	0	0	0	0	0	0	0	0	0	0	0	0	0	0	3	0	0	0	0	0	0	0	0	0	0	0	0
hsa-miR-627-5p	0	0	0	0	0	0	0	0	0	0	0	0	0	0	0	0	0	0	0	2	0	0	0	0	0	0	0	0	0	0	0	0	0	0	0	0	0	0	0	0	0	0
hsa-miR-493-3p	0	2	7	7	3	4	7	0	0	0	13	10	2	41	3	250	136	16	41	196	24	16	531	4	0	0	3	0	0	18	0	4	32	81	30	47	8	0	2	20	22	0
hsa-miR-132-3p	0	0	0	0	0	0	2	0	0	0	0	0	0	3	0	13	13	0	7	25	0	0	20	2	4	0	0	0	0	0	0	0	0	3	0	0	0	0	3	0	3	0
hsa-miR-6895-5p	0	0	0	0	0	0	0	0	0	0	0	0	0	0	0	0	0	0	0	0	0	0	0	0	0	0	0	0	0	0	0	0	0	0	0	0	0	0	0	0	2	0
hsa-miR-511-5p	0	0	0	0	0	0	11	0	0	0	0	0	0	0	0	0	0	0	0	0	0	0	0	0	0	2	2	0	0	8	0	0	2	0	0	0	0	7	0	0	0	0
hsa-miR-324-3p	0	0	0	0	0	0	9	0	0	0	0	4	0	4	0	8	6	2	17	12	3	0	11	0	4	0	0	0	0	0	2	2	2	12	3	0	5	0	0	8	3	0
hsa-miR-877-3p	0	0	0	0	0	0	0	0	0	0	0	0	0	7	0	0	0	0	0	0	0	0	0	0	0	0	0	0	0	0	0	0	0	3	0	0	0	0	0	0	0	0
hsa-miR-708-3p	0	0	0	0	0	0	0	0	0	0	2	0	0	0	0	0	6	0	0	0	0	0	2	0	0	0	0	0	0	0	0	0	0	0	0	0	0	0	0	0	2	0
hsa-let-7b-5p	1832	221	563	732	1270	1245	7814	1460	3809	1202	2487	2930	1309	4657	1414	4215	2843	4163	4533	7429	4343	2701	7270	2192	3499	3613	730	2596	542	24701	391	2714	3490	3131	1421	3577	2447	5148	4256	2915	6016	70
hsa-let-7f-2-3p	0	0	0	0	0	0	0	0	0	0	0	0	0	0	0	5	2	0	3	11	0	0	0	0	0	0	0	0	0	3	0	0	0	2	0	0	0	0	0	3	0	0
hsa-miR-598-5p	0	0	0	0	0	0	0	0	0	0	0	0	0	0	0	0	0	0	0	0	0	0	0	0	0	0	0	0	0	0	0	0	0	2	0	0	0	0	0	0	0	0
hsa-miR-126-3p	411	74	188	52	142	89	1279	8	20	31	882	710	100	653	671	15018	16755	1350	9588	20521	2302	846	17060	289	1196	562	23	178	75	2427	30	1939	1794	4734	1763	1250	1169	140	293	383	2192	40
hsa-miR-2355-5p	0	0	0	0	0	0	0	0	0	0	0	0	0	0	0	0	0	0	5	0	0	0	0	0	0	0	0	0	0	0	0	0	0	0	0	0	0	0	0	0	0	0
hsa-miR-581	0	0	0	0	0	0	0	0	0	0	0	0	0	0	0	2	0	0	0	2	0	0	0	0	0	0	0	0	0	0	0	0	0	0	0	0	0	0	0	0	0	0
hsa-miR-323a-3p	2	0	0	0	0	0	0	0	0	0	6	3	0	5	4	23	7	2	8	32	2	6	71	0	4	0	0	0	0	0	0	2	17	23	13	15	5	0	0	2	8	0
hsa-miR-505-5p	7	0	0	2	0	0	6	0	0	0	6	20	5	22	10	3	7	11	4	7	11	2	37	9	13	2	0	0	0	39	0	17	6	4	7	18	10	0	5	0	2	0
hsa-miR-28-5p	4	0	0	0	4	0	10	0	0	0	15	14	0	13	14	160	249	42	173	248	39	10	292	0	0	0	0	0	0	0	0	27	29	89	17	19	34	4	5	0	44	2
hsa-miR-202-3p	0	0	0	0	0	0	0	0	0	0	0	0	0	0	0	0	0	2	0	0	0	0	0	0	5	0	0	0	0	0	0	0	0	0	0	0	0	0	0	0	0	0
hsa-miR-450a-5p	0	0	0	0	0	0	10	0	0	0	0	0	0	0	0	4	2	0	12	17	0	0	2	0	0	0	0	0	0	0	0	2	0	2	0	0	0	0	0	0	0	0
hsa-miR-942-5p	5	0	0	0	0	0	21	0	0	0	8	0	2	2	2	40	24	2	33	61	10	3	66	0	7	0	0	0	0	41	0	2	6	13	0	4	0	0	0	0	15	0
hsa-miR-200a-5p	0	0	0	0	0	0	0	0	0	0	0	0	0	0	0	0	0	3	4	0	0	0	0	0	0	0	0	0	0	4	0	0	2	0	0	0	0	0	0	0	0	0
hsa-miR-7977	0	0	0	0	0	0	0	0	0	0	0	0	2	0	0	2	0	0	0	0	0	0	2	0	0	0	0	0	0	0	0	0	0	4	0	0	0	0	0	0	0	0
hsa-miR-7976	0	0	0	0	0	0	4	0	0	0	0	0	0	0	0	0	0	0	0	7	0	0	5	0	0	2	0	0	0	11	0	0	0	0	0	0	0	0	0	0	0	0
hsa-miR-1-3p	0	0	0	0	0	0	0	0	0	0	14	0	0	0	0	22	6	2	0	13	3	0	34	0	4	6	0	5	0	78	0	0	10	28	2	23	0	0	14	0	14	0
hsa-miR-4738-3p	0	0	0	0	0	0	0	0	0	0	0	0	0	0	0	0	2	0	4	0	0	2	0	0	5	0	0	0	0	0	0	0	0	0	3	5	0	0	0	0	0	0
hsa-miR-6767-5p	0	0	0	0	0	0	0	0	0	0	0	0	0	5	0	0	0	0	0	0	0	0	0	0	0	0	0	0	0	7	0	0	0	0	0	0	0	0	0	0	0	0
hsa-miR-744-5p	75	44	82	41	127	11	150	2	7	2	323	168	32	975	190	1707	2326	373	1605	1927	513	238	3550	127	148	51	0	31	21	146	4	666	307	2006	422	400	510	54	46	204	525	2
hsa-miR-6732-3p	0	0	0	0	0	0	0	0	0	0	0	0	0	0	0	0	0	0	0	0	0	0	0	0	0	0	0	0	0	0	0	0	0	0	0	0	0	0	0	2	0	0
hsa-miR-2116-3p	0	0	0	0	0	0	0	0	0	0	0	0	0	0	0	0	0	0	0	0	0	0	0	0	0	0	0	2	2	0	0	0	0	0	0	0	0	0	0	0	0	0
hsa-miR-6837-5p	0	0	0	0	0	0	0	0	0	0	0	0	0	0	0	0	0	0	0	2	0	0	0	0	0	0	0	0	0	0	0	0	0	0	0	0	0	0	0	0	0	0
hsa-miR-6721-5p	2	0	0	0	0	0	0	0	0	0	0	0	2	35	5	7	0	2	13	2	2	0	15	4	0	0	0	0	0	0	0	0	0	0	0	3	0	0	0	0	0	0
hsa-miR-3691-5p	0	0	0	0	5	0	7	0	0	0	0	0	0	0	0	0	2	0	7	0	0	0	0	0	5	0	0	3	0	3	0	0	0	0	3	0	3	0	0	0	0	0
hsa-miR-6726-3p	0	0	0	0	0	0	0	0	0	0	0	0	0	0	0	0	0	0	0	0	0	0	0	0	0	0	0	0	0	2	0	0	0	0	0	0	0	0	0	0	0	0
hsa-miR-6802-3p	0	0	0	0	0	0	0	0	0	0	0	0	0	0	0	0	0	0	0	0	0	0	2	0	0	0	0	0	0	0	0	0	0	0	0	0	0	0	0	0	0	0
hsa-let-7b-3p	2	0	0	2	3	0	26	0	0	0	5	0	0	0	2	3	5	9	0	10	5	2	24	0	5	3	0	2	0	33	0	3	2	11	0	4	2	0	6	0	15	0
hsa-miR-424-5p	0	0	0	0	0	0	0	0	0	0	0	0	0	0	0	0	0	0	0	0	0	0	0	0	0	0	0	0	0	0	0	0	0	0	0	0	0	0	0	0	4	0
hsa-miR-598-3p	0	0	0	0	0	0	0	0	0	0	0	0	0	0	0	0	7	0	4	27	0	0	12	0	0	0	0	0	0	16	0	0	0	5	0	0	0	0	2	0	4	0
hsa-miR-206	14	3	0	0	2	0	13	0	0	0	11	0	0	0	0	0	0	6	2	3	2	3	0	0	27	2	0	6	0	49	3	29	3	2	17	16	4	2	55	0	10	0
hsa-miR-616-5p	0	0	0	0	0	0	0	0	0	0	0	0	0	0	0	0	0	0	0	6	0	0	0	0	0	0	0	0	0	0	0	0	0	0	0	0	0	0	0	0	0	0
hsa-miR-7113-5p	0	0	0	0	0	0	0	0	0	0	0	0	0	0	0	0	0	0	0	0	0	0	4	0	0	0	0	0	0	0	0	0	0	2	0	0	0	0	0	2	0	0
hsa-miR-1538	0	0	0	2	0	0	0	0	0	0	0	0	0	0	0	0	0	0	5	0	0	0	0	0	0	0	0	0	0	0	0	0	3	0	0	0	0	0	0	0	0	0
hsa-miR-6884-5p	2	0	2	0	4	0	3	0	0	0	0	0	0	0	0	0	0	2	0	0	0	4	0	0	8	0	0	0	0	5	0	0	0	3	0	0	0	0	0	0	0	0
hsa-miR-2355-3p	0	0	0	0	0	0	0	0	0	0	0	3	0	0	0	22	14	0	15	34	2	0	25	0	0	0	0	0	0	0	0	2	0	9	0	2	0	0	0	0	0	0
hsa-miR-505-3p	0	0	0	0	0	0	0	0	0	0	6	0	0	10	0	9	11	0	19	15	0	4	49	0	0	2	0	0	0	0	0	2	0	5	0	0	0	0	0	0	2	0
hsa-miR-3190-3p	0	0	0	0	0	0	0	0	0	0	0	0	0	0	0	6	2	0	0	9	0	0	4	2	3	0	0	0	0	0	0	2	0	3	0	0	0	0	0	0	0	0
hsa-miR-28-3p	25	2	14	6	9	2	59	0	0	0	93	30	6	127	24	1216	1248	80	913	1589	99	68	2002	15	50	26	5	10	0	101	0	121	68	743	93	72	120	4	10	19	128	0
hsa-miR-942-3p	0	0	0	0	0	0	0	0	0	0	0	0	0	0	0	0	0	0	0	0	0	0	0	0	0	0	0	0	0	0	0	2	0	0	0	0	0	0	0	0	0	0
hsa-miR-200a-3p	0	0	2	0	0	0	7	0	0	0	0	0	0	0	0	10	0	0	0	15	0	0	0	0	0	0	0	0	0	8	0	0	2	7	0	0	0	0	3	0	0	0
hsa-miR-668-3p	0	0	0	0	0	0	0	0	0	0	0	0	0	0	0	2	0	0	0	0	0	0	0	0	0	0	0	0	0	0	0	0	0	2	0	0	0	0	0	0	0	0
hsa-miR-151b	0	0	2	0	0	0	4	1	0	0	6	1	1	5	2	11	58	5	18	39	5	3	40	0	3	2	0	0	0	3	0	1	2	12	3	2	9	0	2	3	3	0
hsa-miR-6762-5p	0	0	0	0	0	0	0	0	0	0	0	0	0	0	0	0	0	0	0	2	0	0	0	0	0	0	0	0	0	0	0	0	0	0	0	0	0	0	0	0	0	0
hsa-miR-3679-5p	0	0	0	0	0	0	0	0	0	0	0	0	0	0	0	2	3	0	0	0	0	0	2	0	0	0	0	0	0	4	0	0	0	0	0	0	0	0	0	0	0	0
hsa-miR-17-5p	2	0	0	0	6	2	36	0	0	0	7	13	4	10	3	43	78	28	41	97	27	4	157	0	8	2	0	0	0	122	0	30	18	34	21	4	22	11	6	7	41	0
hsa-miR-552-3p	0	0	0	0	0	0	0	0	0	0	0	0	0	0	2	2	0	0	3	5	0	0	6	0	0	0	0	0	0	2	0	0	0	0	0	4	0	0	0	0	0	0
hsa-miR-744-3p	0	0	0	0	0	0	0	0	0	0	0	0	0	0	0	7	3	0	0	2	0	0	3	0	0	0	0	0	0	0	0	0	0	0	0	0	0	0	0	6	0	0
hsa-miR-29a-3p	2	0	0	0	0	0	50	0	0	3	12	3	0	4	6	57	161	14	67	161	20	4	193	2	15	18	0	0	0	66	0	18	11	49	15	9	31	0	6	2	17	0
hsa-miR-197-5p	0	0	0	0	0	0	0	0	0	0	0	0	0	4	0	0	2	0	0	0	0	0	0	0	0	0	0	4	0	0	0	0	0	2	0	0	0	0	0	2	0	0
hsa-miR-6843-3p	0	0	0	0	0	0	0	0	0	0	0	0	0	0	0	10	0	0	7	0	0	0	3	0	0	0	0	0	0	0	0	0	0	4	0	0	0	0	0	0	0	0
hsa-miR-4646-5p	4	0	0	0	0	0	0	0	0	0	0	0	0	0	0	0	0	0	0	0	0	0	0	0	0	0	0	0	0	0	0	0	0	0	0	0	0	0	0	0	0	0
hsa-miR-3173-5p	0	0	0	0	0	2	10	0	3	0	0	0	0	0	0	2	0	3	4	0	0	3	0	0	0	0	0	0	0	8	0	2	4	0	0	0	0	0	0	0	0	0
hsa-miR-3912-3p	0	0	0	0	0	0	0	0	0	0	0	0	0	0	0	0	0	0	0	2	0	0	0	0	0	0	0	0	0	9	0	0	0	0	0	0	0	0	0	0	0	0
hsa-miR-30c-5p	2	0	2	0	0	0	39	0	0	0	16	12	0	39	4	144	265	37	66	321	31	16	759	0	20	10	0	7	0	41	2	28	15	30	19	5	29	0	9	0	45	0
hsa-miR-6837-3p	0	0	0	0	0	0	0	0	0	0	0	0	0	0	0	7	4	0	0	2	0	0	2	0	0	0	0	0	0	0	0	0	0	0	0	0	0	0	0	0	0	0
hsa-miR-301a-5p	0	0	0	0	0	0	0	0	0	0	0	0	0	0	0	0	0	0	4	2	0	0	2	0	0	0	0	0	0	0	0	0	0	0	2	0	0	0	0	0	0	0
hsa-miR-30c-1-3p	0	0	0	0	0	0	0	0	0	0	0	0	0	0	0	0	0	3	5	0	0	0	0	0	0	0	0	0	0	0	0	0	0	0	0	0	0	0	0	0	0	0
hsa-miR-4529-3p	0	0	0	0	0	0	0	0	0	0	0	0	0	0	0	0	0	0	0	0	0	0	0	0	0	0	0	0	0	0	0	0	0	0	0	0	0	3	0	0	0	0
hsa-miR-424-3p	7	0	0	0	9	2	78	0	0	0	19	3	0	0	4	19	28	15	69	27	20	8	68	0	9	14	0	0	0	64	0	38	14	27	16	4	15	4	27	9	45	0
hsa-miR-616-3p	0	0	0	0	0	0	0	0	0	0	2	0	0	0	0	0	0	0	3	0	0	0	0	0	0	0	0	0	0	0	0	2	0	0	0	0	0	0	0	0	0	0
hsa-miR-6884-3p	0	0	0	0	0	0	0	0	0	0	0	0	0	0	0	0	0	2	0	0	0	0	0	0	0	0	0	0	0	0	0	0	0	0	0	0	0	0	0	0	0	0
hsa-miR-543	13	5	24	2	5	2	22	0	0	4	82	181	17	114	112	809	124	133	347	464	204	135	1344	20	23	11	7	15	8	65	0	79	193	402	213	197	48	27	34	91	180	2
hsa-miR-145-5p	0	0	0	0	0	0	0	0	0	0	0	0	0	0	0	0	4	0	0	0	0	0	5	0	0	0	0	0	0	0	0	0	0	0	0	0	0	0	0	0	0	0
hsa-miR-664a-5p	0	2	0	2	4	0	0	0	3	0	9	17	0	18	9	38	33	18	21	41	12	16	106	6	11	2	0	0	0	28	0	23	2	56	5	26	9	0	5	0	26	0
hsa-miR-190a-5p	0	0	0	0	0	0	0	0	0	0	0	0	0	4	0	0	0	0	0	2	0	0	0	0	0	0	0	0	0	0	0	0	0	0	0	0	0	0	0	0	0	0
hsa-miR-221-5p	0	0	0	0	0	0	0	0	0	0	2	2	0	0	0	40	25	5	0	17	4	4	56	2	9	0	0	2	0	17	0	10	6	3	2	0	0	0	0	0	5	2
hsa-miR-4688	0	0	0	0	0	0	0	0	0	0	0	0	0	0	0	0	0	0	0	0	0	0	0	0	0	0	0	0	0	0	0	0	0	2	0	0	0	0	0	0	0	0
hsa-miR-605-5p	0	0	0	0	0	0	0	0	0	0	0	0	0	0	0	0	0	0	0	0	0	0	5	0	0	0	0	0	0	0	0	0	0	0	0	0	0	0	0	0	2	0
hsa-miR-15b-5p	4	0	4	0	0	0	10	0	0	0	0	0	0	0	0	10	15	2	4	14	0	3	34	0	0	3	0	0	0	21	0	0	2	0	2	0	5	4	0	0	2	0
hsa-miR-4326	0	0	2	0	0	0	4	0	0	0	8	6	0	0	5	0	47	17	19	71	8	6	77	0	0	0	0	0	0	22	0	17	6	48	0	7	9	10	8	0	0	0
hsa-miR-4683	0	0	0	0	0	0	0	0	0	0	0	0	0	0	0	0	0	0	0	0	0	0	0	0	0	0	0	0	0	2	0	0	0	0	0	0	0	0	0	0	0	0
hsa-miR-17-3p	0	0	0	0	0	0	0	0	0	0	0	0	0	0	0	0	0	0	0	0	0	0	4	0	0	0	0	0	0	0	0	2	0	0	0	0	5	0	0	0	0	0
hsa-miR-1255a	0	0	0	0	0	0	0	0	0	0	0	0	0	0	4	2	3	0	0	8	0	0	19	0	0	2	0	0	0	0	0	0	0	3	0	0	0	0	4	0	5	0
hsa-miR-139-5p	15	0	6	2	13	2	97	0	2	8	32	25	3	76	9	620	272	96	344	923	96	68	1605	21	49	56	3	7	6	86	0	109	48	307	127	42	50	8	18	38	84	0
hsa-miR-151a-5p	9	4	2	3	0	0	22	1	0	2	70	19	9	72	33	333	530	70	181	562	123	48	898	13	20	13	0	17	3	18	0	79	40	170	110	32	54	5	5	23	140	0
hsa-miR-192-5p	83	16	44	13	77	36	522	2	13	13	80	34	0	2	59	281	236	253	175	376	264	93	335	9	263	337	5	15	5	1666	12	192	410	146	125	115	170	31	113	33	153	0
hsa-miR-197-3p	4	0	0	0	8	0	58	0	0	0	10	33	2	35	9	40	37	9	50	35	21	6	142	19	22	4	0	0	0	24	0	36	18	35	7	37	15	8	0	25	14	0
hsa-miR-215-5p	5	0	0	0	8	0	23	0	0	0	0	1	0	0	0	6	0	10	0	0	0	0	4	0	7	7	0	0	0	26	0	11	18	0	0	0	1	0	2	0	0	0
hsa-miR-1288-3p	0	0	0	0	0	0	0	0	0	0	0	0	0	0	0	3	2	0	0	0	4	0	4	0	0	0	0	0	0	2	0	0	0	0	0	0	0	0	0	0	2	0
hsa-miR-576-5p	0	0	0	0	0	0	2	0	0	0	0	0	0	0	0	3	0	4	0	11	0	0	8	0	0	0	0	0	0	11	0	0	0	0	0	3	0	0	8	0	0	0
hsa-miR-1306-5p	0	0	0	0	0	0	23	0	0	4	0	0	0	14	0	3	0	2	10	0	2	0	2	0	5	3	0	3	0	10	0	5	0	0	2	0	0	0	3	0	0	0
hsa-miR-4646-3p	0	0	0	0	0	0	0	0	3	0	0	0	0	0	0	0	0	0	0	0	0	0	0	0	0	0	0	0	0	0	0	0	0	0	0	0	0	0	0	0	0	0
hsa-miR-516b-5p	0	0	0	0	0	0	0	0	0	0	0	0	0	0	0	0	0	0	0	0	3	0	0	0	7	0	0	0	0	0	0	0	0	0	0	0	0	0	0	0	0	0
hsa-miR-148b-5p	0	0	2	0	0	0	11	0	0	0	0	2	0	0	0	7	0	0	2	2	0	0	2	0	0	0	0	0	0	2	0	0	0	2	2	0	0	0	2	0	0	0
hsa-miR-541-3p	0	0	0	0	0	0	0	0	0	0	0	0	0	0	0	2	0	4	0	3	0	0	0	0	0	0	0	0	0	0	0	0	0	3	0	0	0	0	0	0	0	0
hsa-miR-186-5p	21	0	10	2	22	11	215	2	5	21	25	3	0	19	36	286	393	118	195	562	74	61	488	7	62	40	0	12	4	683	5	48	60	188	50	48	82	0	91	17	88	0
hsa-miR-454-5p	0	0	0	0	0	0	3	0	0	0	2	0	0	0	0	0	3	0	0	2	0	0	3	0	0	0	0	0	0	9	0	8	2	0	0	0	0	0	0	0	2	0
hsa-miR-301a-3p	0	0	0	0	0	0	0	0	0	0	0	0	0	0	0	2	0	0	0	0	0	0	4	0	0	0	0	0	0	0	0	0	0	0	0	0	0	0	0	0	0	0
hsa-miR-203a-3p	6	0	3	0	6	4	12	2	5	0	0	0	4	0	0	0	2	0	7	0	0	0	2	5	2	7	3	5	0	16	0	0	0	5	2	6	4	6	0	0	0	0
hsa-miR-140-5p	2	0	0	0	5	0	9	0	0	0	5	0	0	0	0	53	77	7	43	110	14	2	74	0	0	7	0	0	0	56	0	13	13	21	8	7	15	0	12	0	6	0
hsa-miR-145-3p	0	0	0	0	0	0	9	0	0	0	3	0	0	0	0	4	2	0	0	2	0	0	4	0	0	0	0	0	0	9	0	2	0	0	0	0	0	0	0	0	0	0
hsa-miR-664a-3p	0	0	0	0	0	0	0	0	0	0	0	0	0	0	0	5	4	0	0	0	2	5	22	0	0	0	0	0	0	0	0	0	0	0	0	2	0	0	0	0	0	0
hsa-miR-885-5p	0	0	0	0	0	0	30	0	0	0	0	0	0	0	0	0	0	2	0	0	0	0	0	0	10	5	0	0	0	15	0	9	2	0	0	0	0	13	0	3	0	0
hsa-miR-337-3p	0	0	0	0	0	0	4	0	0	0	0	0	0	0	0	4	0	0	10	2	0	0	14	0	0	0	0	0	0	0	0	0	0	3	0	0	0	0	0	0	0	0
hsa-miR-582-3p	0	0	0	0	0	0	6	0	0	0	0	0	0	0	0	0	2	0	0	5	0	0	0	0	0	0	0	0	0	9	0	2	0	3	0	0	0	0	0	0	0	0
hsa-miR-221-3p	12	7	16	13	9	0	83	0	6	3	60	21	3	133	27	779	1000	53	434	1035	44	59	1560	9	22	17	0	4	7	70	0	62	65	556	56	39	88	28	14	45	108	0
hsa-miR-4659a-3p	0	0	0	0	0	0	0	0	0	0	0	0	0	0	0	0	0	0	0	0	0	0	0	0	0	0	0	0	0	0	0	0	0	2	0	0	0	0	0	0	0	0
hsa-miR-4669	2	0	3	0	8	0	0	0	0	0	0	0	0	0	0	0	0	2	0	0	0	0	2	0	0	0	0	3	0	35	0	0	2	0	0	4	0	0	0	0	0	0
hsa-miR-6815-5p	0	0	0	0	0	0	0	0	0	0	0	0	3	0	0	0	0	0	0	0	0	0	0	0	0	0	0	0	0	2	0	0	0	0	0	0	2	0	0	0	3	0
hsa-miR-605-3p	0	0	0	0	0	0	0	0	0	0	0	0	0	0	0	2	0	0	0	0	0	0	0	0	0	0	0	0	0	0	0	0	2	0	0	0	2	0	0	0	0	0
hsa-miR-15b-3p	0	0	2	0	0	0	11	0	0	0	4	0	0	0	0	25	22	0	18	55	5	0	20	0	0	6	0	2	0	16	0	0	0	7	0	4	0	0	6	3	5	0
hsa-miR-4306	0	1	2	2	0	1	3	0	0	0	1	0	0	0	0	0	0	3	3	0	0	3	0	0	0	0	0	1	0	15	0	1	1	0	0	0	0	0	3	0	3	0
hsa-miR-4676-5p	0	0	0	0	0	0	0	0	0	0	0	0	0	0	0	0	0	0	0	2	0	0	0	0	0	6	0	0	0	0	0	0	0	0	0	0	0	0	0	0	0	0
hsa-miR-134-5p	28	85	134	16	44	4	36	0	5	0	85	165	22	290	118	2033	422	107	238	347	215	72	1281	46	79	19	2	33	2	70	0	209	172	1357	328	301	111	28	3	113	164	2
hsa-miR-320e	2	0	0	0	0	0	0	0	0	0	0	0	0	1	0	0	0	3	0	7	1	2	12	0	0	2	0	0	0	25	0	4	0	3	0	6	0	0	1	0	0	0
hsa-miR-181d-5p	0	0	0	0	0	0	0	0	0	0	7	0	0	11	0	12	17	0	27	64	6	3	49	0	0	2	0	0	0	11	0	6	6	10	0	8	11	0	7	0	0	0
hsa-miR-320d	10	0	10	8	12	2	5	0	0	0	1	1	0	7	2	9	12	8	1	13	11	0	6	7	5	15	0	3	1	68	0	5	1	3	2	16	3	0	9	0	3	0
hsa-miR-320c	11	6	26	9	21	3	40	0	0	0	12	14	1	20	10	19	19	17	10	20	19	8	43	13	37	62	0	1	1	118	0	37	8	28	10	26	9	6	21	4	27	0
hsa-miR-139-3p	9	0	26	14	26	4	131	3	0	5	36	57	8	89	23	339	101	80	232	468	95	61	526	37	34	29	0	18	3	73	0	125	100	261	104	67	59	46	17	81	69	0
hsa-miR-320b	45	16	65	33	90	13	113	0	1	2	34	23	3	53	11	58	94	78	29	82	71	36	127	32	123	200	0	10	1	623	4	116	44	107	40	102	56	2	42	13	115	0
hsa-miR-151a-3p	135	39	160	43	141	22	1412	9	12	20	548	151	22	466	362	7665	7581	854	5293	10154	734	583	13479	89	495	142	6	43	26	677	10	678	683	3583	828	704	779	28	193	146	1347	4
hsa-miR-4757-3p	0	0	0	0	0	0	0	0	0	0	0	0	0	0	0	3	0	0	0	0	0	0	0	0	0	0	0	0	0	0	0	0	0	0	0	0	0	0	0	0	0	0
hsa-miR-1306-3p	0	0	4	0	2	0	9	0	0	0	0	2	0	6	0	5	5	0	18	5	4	2	13	0	0	0	0	0	0	11	0	0	3	6	2	3	0	0	0	7	2	0
hsa-let-7i-5p	385	54	199	51	241	127	1817	142	402	157	1069	1433	347	3704	560	8187	4770	1268	4423	13623	1750	983	8956	918	615	624	92	540	203	6484	56	1115	1409	2257	1078	868	1218	747	644	1512	2244	33
hsa-miR-6862-5p	0	0	0	0	0	0	0	0	0	0	0	0	0	0	0	2	0	0	0	0	0	0	2	0	2	0	3	0	0	2	0	0	0	0	0	0	0	0	0	2	0	0
hsa-miR-652-3p	0	0	2	0	2	0	27	0	0	4	3	4	0	22	3	226	443	15	151	336	31	17	523	2	0	0	0	0	0	34	0	12	4	202	31	21	26	0	12	0	62	0
hsa-miR-3663-5p	0	0	0	0	0	0	0	0	0	0	0	0	0	0	0	3	0	0	0	0	0	0	0	0	0	0	0	0	0	0	0	0	0	0	0	0	0	0	0	0	0	0
hsa-miR-148b-3p	13	3	9	0	9	2	63	5	3	0	11	2	0	48	14	174	136	28	55	276	40	13	255	8	28	31	0	0	0	165	0	34	37	60	46	10	21	2	15	10	47	0
hsa-miR-1843	0	0	0	0	3	0	8	0	0	0	5	3	0	15	2	60	63	6	32	94	0	5	92	6	11	3	6	5	0	5	0	4	12	39	12	12	6	0	2	11	14	0
hsa-miR-4746-5p	3	0	0	0	7	0	7	0	0	0	6	3	0	3	3	39	22	7	18	11	4	5	28	0	10	10	0	0	0	27	0	11	7	25	3	11	9	0	0	2	2	0
hsa-miR-204-5p	2	0	0	0	0	0	0	0	0	0	0	0	0	0	3	8	0	5	0	2	0	0	0	3	0	0	0	0	0	13	0	4	2	0	0	0	0	0	0	0	0	0
hsa-miR-4657	0	0	0	0	0	0	0	0	0	0	0	0	0	0	0	0	0	2	0	0	0	0	0	0	0	0	0	0	0	6	0	0	0	0	0	0	0	0	0	0	0	0
hsa-miR-454-3p	0	0	0	0	0	0	0	0	0	0	0	0	0	0	0	2	0	4	0	10	0	0	12	0	0	0	0	2	0	4	0	0	0	0	0	0	0	0	3	0	0	0
hsa-miR-4654	0	0	0	0	0	0	0	0	0	0	0	4	0	0	0	2	0	0	0	2	0	0	3	0	0	0	0	0	0	0	0	0	2	0	0	0	0	0	0	0	0	0
hsa-miR-130b-5p	3	0	2	0	0	2	24	0	0	0	33	16	0	17	22	148	56	24	167	172	47	37	198	13	2	4	0	0	0	31	0	23	51	81	54	28	38	5	0	26	48	2
hsa-miR-193a-5p	11	0	24	16	25	3	94	8	9	5	10	2	5	14	11	31	31	60	20	12	62	13	20	18	65	169	0	0	0	85	3	93	38	29	29	17	34	4	13	12	40	0
hsa-miR-18b-5p	0	0	0	0	0	0	0	0	0	0	0	0	0	0	0	0	0	0	0	0	0	0	0	0	0	0	0	0	0	0	0	0	0	0	0	0	0	0	0	0	1	0
hsa-miR-92a-3p	1982	50	375	224	2106	726	21369	397	1291	1039	3344	1950	235	2803	2306	3549	3087	5667	4446	6031	3652	3440	12035	1130	7423	4366	98	526	274	19376	255	3677	3738	3118	2905	3761	3433	968	5148	2040	7120	57
hsa-miR-140-3p	200	11	123	34	348	76	1202	8	21	21	347	117	13	404	310	3835	4819	557	2881	5651	513	373	7777	48	579	489	5	37	28	2672	26	654	507	2849	468	490	653	42	362	101	648	0
hsa-miR-6734-5p	0	0	0	0	0	0	0	0	0	0	0	0	0	0	0	2	0	2	0	0	0	0	2	0	0	0	0	0	0	3	0	0	0	5	0	0	3	0	0	0	0	0
hsa-miR-885-3p	0	0	0	2	0	0	0	0	0	0	0	0	2	0	0	0	0	0	0	0	0	0	0	0	0	2	0	0	0	8	0	5	0	0	0	0	0	0	0	3	0	0
hsa-miR-6810-5p	0	0	0	0	0	0	0	0	0	0	0	0	0	2	0	0	0	0	0	0	0	0	0	0	0	0	0	0	0	0	0	2	0	0	0	0	0	0	0	0	0	0
hsa-miR-1185-1-3p	0	0	0	0	0	0	0	0	0	0	2	3	0	0	0	8	9	0	9	12	2	0	40	0	6	0	0	0	0	0	0	0	0	4	7	8	0	0	0	0	0	0
hsa-miR-4647	0	0	0	0	0	0	0	0	0	0	0	0	0	0	0	3	3	4	10	9	0	0	4	0	0	0	0	0	0	0	0	0	2	0	3	0	0	0	0	0	0	0
hsa-miR-4676-3p	0	0	0	0	0	0	0	0	0	0	0	0	0	0	0	0	2	0	0	0	0	0	2	0	0	0	0	0	0	0	0	0	0	0	0	0	0	0	0	0	0	0
hsa-miR-4644	0	0	0	0	0	0	0	0	0	0	0	0	0	0	0	0	0	0	0	0	0	5	0	0	0	0	0	0	0	0	0	0	0	0	0	0	0	0	0	0	0	0
hsa-miR-629-5p	45	7	32	19	60	4	337	0	30	8	30	23	10	116	13	140	87	63	105	133	38	47	160	35	82	86	3	7	8	386	4	58	33	114	53	36	38	54	81	16	115	2
hsa-miR-9985	0	0	0	0	0	0	0	0	0	0	0	0	0	0	0	0	0	0	0	0	0	0	0	0	0	0	0	0	0	3	0	0	0	1	1	0	0	1	1	0	0	0
hsa-miR-134-3p	0	0	0	0	0	0	0	0	0	0	0	0	0	0	0	0	0	0	0	0	4	0	2	0	0	0	0	0	0	0	0	0	0	0	0	0	0	0	0	0	0	0
hsa-miR-495-3p	2	0	7	0	0	0	3	0	0	0	2	5	0	17	5	133	23	10	28	97	49	4	229	0	7	0	0	0	2	17	0	12	22	22	27	23	10	0	5	5	16	0
hsa-miR-210-3p	4	5	0	0	0	0	35	0	0	0	2	0	0	27	0	40	16	3	34	37	4	2	22	0	16	0	0	0	0	4	0	2	5	14	8	8	3	0	7	0	2	0
hsa-miR-6786-3p	0	0	0	0	0	0	2	0	0	0	0	0	0	5	0	0	0	0	0	0	0	0	0	0	0	0	0	0	0	0	0	0	0	0	0	0	0	0	0	0	0	0
hsa-miR-1301-3p	3	0	0	0	3	0	4	0	0	0	4	4	0	17	13	58	71	11	88	109	24	3	186	0	6	0	0	0	0	25	0	14	18	51	27	24	21	3	0	15	22	0
hsa-miR-6804-5p	0	0	0	0	0	0	0	0	0	0	0	0	0	0	0	0	0	0	2	0	0	0	0	0	0	0	0	0	0	3	0	0	0	3	0	0	0	0	0	0	0	0
hsa-let-7d-5p	27	2	9	3	30	30	136	2	14	6	157	135	44	551	69	454	510	251	310	1000	160	160	1160	137	39	90	4	38	19	413	5	188	119	314	128	125	117	72	58	206	378	0
hsa-let-7i-3p	0	0	0	0	0	0	4	0	0	0	0	0	0	0	0	0	7	0	7	0	0	0	0	0	0	0	0	0	0	5	0	0	0	0	0	0	2	0	0	0	0	0
hsa-miR-3605-5p	0	0	0	0	0	0	5	0	0	0	2	0	0	2	0	0	0	4	0	0	2	0	0	0	0	2	0	0	0	13	0	0	0	8	0	2	2	0	0	0	3	0
hsa-miR-2110	13	2	19	5	11	2	107	0	4	4	17	9	2	56	14	63	48	36	90	76	19	42	113	8	41	12	0	0	3	81	0	50	23	52	13	57	49	0	17	9	50	0
hsa-miR-4665-5p	0	0	0	0	0	0	0	0	0	0	2	4	0	10	0	3	7	0	3	7	2	4	11	0	0	0	0	0	3	0	0	9	3	5	4	0	0	0	0	5	5	0
hsa-miR-128-3p	208	15	90	27	101	64	893	16	45	36	673	555	40	547	601	2815	2150	915	3891	6216	854	732	7254	155	312	241	16	76	55	1538	24	829	888	1822	1055	906	693	110	395	387	1512	4
hsa-miR-378a-5p	0	0	0	0	2	0	0	0	0	0	0	0	0	0	0	0	4	0	7	2	0	0	0	0	0	0	0	0	0	10	0	0	0	6	0	0	0	0	0	0	0	0
hsa-miR-204-3p	2	0	0	0	0	0	6	0	0	0	0	0	0	0	0	0	0	3	0	0	3	0	2	0	8	0	0	0	0	5	0	0	0	0	0	0	0	0	0	0	3	0
hsa-miR-130b-3p	3	6	0	0	0	0	0	0	0	0	3	0	0	0	0	0	2	0	9	5	0	0	7	0	5	4	0	0	0	2	0	0	2	0	3	0	4	0	0	0	0	0
hsa-miR-362-5p	0	0	0	0	0	0	0	0	0	0	0	0	0	0	0	2	2	0	0	0	0	0	2	0	0	0	0	0	0	0	0	3	0	0	0	0	0	0	0	0	3	0
hsa-miR-29c-5p	0	0	0	0	0	0	0	0	2	0	0	0	0	0	0	6	0	2	0	4	3	0	0	0	0	0	0	0	0	2	0	0	0	0	0	0	0	0	0	0	2	0
hsa-miR-18b-3p	0	0	0	0	0	0	0	0	0	0	0	0	0	0	0	0	0	0	0	0	0	0	0	0	0	0	0	0	0	0	0	2	0	0	0	0	0	0	0	0	0	0
hsa-miR-92a-1-5p	0	0	0	0	0	0	0	0	0	0	0	0	0	0	0	3	0	0	7	0	0	0	5	0	0	0	0	0	0	0	0	0	0	0	0	0	0	0	0	4	0	0
hsa-miR-6810-3p	0	0	0	0	0	0	0	0	0	0	0	0	0	0	0	0	0	0	0	0	0	0	0	0	0	0	0	0	0	0	0	0	4	0	0	0	0	0	0	0	0	0
hsa-miR-3064-5p	0	0	0	0	0	0	2	0	0	0	0	0	0	6	0	2	2	0	2	2	0	0	4	0	0	0	0	0	0	0	0	0	0	4	0	0	4	0	0	0	0	0
hsa-miR-432-5p	6	3	7	2	13	0	30	0	14	4	61	53	27	192	21	272	67	29	118	176	49	35	859	30	7	3	6	61	5	32	0	0	81	81	63	97	44	2	14	117	82	0
hsa-miR-6839-5p	0	0	0	0	0	0	0	0	0	0	0	0	0	0	0	0	0	0	0	0	0	0	0	0	0	0	0	0	0	0	0	0	0	0	0	0	0	0	0	0	2	0
hsa-miR-490-3p	0	0	0	0	0	0	0	0	0	0	0	0	0	0	0	2	0	0	0	2	0	0	0	0	0	0	0	0	0	0	0	4	0	0	0	0	0	0	0	0	0	0
hsa-miR-6892-5p	0	0	0	0	0	0	0	0	0	0	0	0	0	0	0	0	0	0	0	2	0	0	0	0	0	0	0	0	0	0	0	0	0	0	0	0	0	0	0	0	0	0
hsa-miR-629-3p	0	0	0	0	0	0	0	0	0	0	0	0	0	0	0	0	2	0	0	0	0	0	0	0	0	0	0	0	0	0	0	0	0	0	0	0	0	0	0	0	0	0
hsa-miR-31-5p	0	0	0	0	0	0	0	0	0	0	0	0	0	0	0	0	0	0	0	0	0	0	11	0	0	0	0	0	0	0	0	0	0	0	0	0	0	0	0	0	0	0
hsa-miR-874-3p	0	0	2	0	6	0	0	0	0	0	0	0	0	0	0	14	23	11	20	14	11	0	23	0	3	0	0	0	0	0	0	3	5	17	0	3	4	0	2	0	0	0
hsa-miR-99b-5p	79	7	65	13	83	8	393	3	7	18	442	175	26	419	260	417	871	474	796	1066	702	292	1473	52	298	181	12	42	29	338	7	620	428	370	418	351	257	64	75	197	332	5
hsa-miR-3150a-5p	0	0	0	0	0	0	0	0	0	0	0	3	0	0	0	0	0	2	5	0	0	0	0	0	0	0	0	0	0	3	0	0	0	0	0	0	2	0	0	2	0	0
hsa-let-7d-3p	134	3	33	20	140	40	1030	28	61	51	189	313	70	376	254	322	241	416	275	680	324	204	868	91	207	247	17	65	28	1051	15	408	244	402	389	336	221	96	287	279	493	2
hsa-miR-3605-3p	0	0	0	0	0	2	2	0	0	0	2	0	0	37	0	0	0	4	0	2	3	2	0	2	0	4	0	0	0	3	0	2	3	2	0	0	6	0	0	4	4	0
hsa-miR-10399-5p	4	0	2	0	0	0	0	0	0	0	0	0	0	0	0	0	2	0	0	0	0	0	0	0	0	0	0	0	0	0	0	0	0	5	0	0	0	0	0	0	0	0
hsa-miR-671-5p	0	0	0	0	6	0	0	0	0	0	0	0	0	0	2	5	20	0	14	14	0	0	19	0	6	0	0	0	0	4	0	0	0	21	5	2	0	0	0	2	2	0
hsa-miR-502-5p	0	0	0	0	0	0	0	0	0	0	0	0	0	0	0	0	2	0	0	0	0	0	0	0	0	0	0	0	0	2	0	0	0	0	0	0	0	0	0	0	0	0
hsa-miR-378a-3p	98	36	162	53	239	38	482	2	27	9	101	54	16	83	69	576	766	258	278	610	90	120	646	34	493	386	2	17	2	1199	2	300	203	528	110	235	230	35	217	20	285	0
hsa-miR-25-5p	0	0	0	0	9	0	6	0	0	0	0	5	0	2	6	0	0	2	0	2	0	4	7	6	10	2	0	0	0	27	0	0	0	4	4	4	2	0	9	0	7	0
hsa-miR-1296-5p	0	0	0	0	0	0	0	0	0	0	0	0	0	0	0	6	11	0	0	10	0	0	15	0	0	0	0	0	0	0	0	0	0	2	0	0	0	0	0	0	0	0
hsa-miR-200c-3p	3	0	0	0	0	0	0	0	2	0	5	0	0	5	2	20	66	10	32	41	3	6	80	4	15	3	0	0	0	8	0	0	4	13	8	2	8	0	4	0	11	0
hsa-miR-589-5p	0	0	0	0	0	0	0	0	0	0	0	0	0	0	0	12	34	4	7	24	0	0	41	0	0	0	0	0	0	0	0	0	5	7	0	0	0	0	4	0	0	0
hsa-miR-642a-3p	8	0	0	0	2	0	0	0	0	0	0	0	0	0	0	0	0	0	0	0	0	0	0	0	0	0	0	0	0	0	0	2	0	0	0	0	0	0	0	0	0	0
hsa-miR-6764-5p	0	0	0	0	0	0	0	0	0	0	0	0	0	0	0	0	2	0	0	0	0	0	2	0	0	0	0	0	0	0	0	0	0	0	0	0	0	0	0	0	0	0
hsa-miR-8072	0	0	0	0	0	0	0	0	0	0	0	0	0	0	0	0	0	0	0	0	0	0	0	0	0	4	0	0	0	0	0	0	0	0	0	0	0	0	0	0	0	0
hsa-miR-29c-3p	0	0	0	0	0	0	12	0	0	0	3	0	0	0	0	3	0	0	0	0	0	0	6	0	4	4	0	0	0	2	0	0	2	0	2	0	0	0	0	0	0	0
hsa-miR-6840-5p	0	0	0	0	0	0	0	0	0	0	0	0	0	0	0	0	0	0	0	0	2	0	0	0	0	0	0	0	0	0	0	0	0	0	0	0	0	0	0	0	0	0
hsa-miR-125b-2-3p	0	0	0	0	0	0	0	0	0	0	2	0	0	0	0	0	0	0	0	3	2	0	2	0	0	0	0	0	0	3	0	0	0	0	0	0	0	0	0	0	0	0
hsa-miR-659-5p	0	0	0	0	0	0	0	0	0	0	0	0	0	0	0	4	4	0	0	2	0	0	0	0	0	0	0	2	0	0	0	0	0	3	0	0	0	0	2	3	0	0
hsa-miR-1250-5p	0	0	0	0	0	0	0	0	0	0	0	0	0	0	0	0	0	0	0	0	2	0	3	0	10	0	0	0	0	0	0	0	0	0	0	0	0	0	0	0	0	0
hsa-miR-4433a-3p	0	0	0	0	0	0	0	0	0	0	0	6	0	0	0	0	2	0	0	0	0	0	2	0	0	0	0	0	0	0	0	0	0	2	0	0	0	0	0	0	0	0
hsa-miR-6758-5p	0	0	0	0	0	0	0	0	0	0	0	0	0	0	0	0	0	0	0	0	2	0	0	0	0	0	0	0	0	0	0	0	0	0	0	0	0	0	0	0	0	0
hsa-miR-30e-5p	121	17	47	9	99	29	819	2	22	46	206	49	8	64	168	1443	1541	283	1079	3223	383	161	2244	27	248	178	3	41	18	2403	19	408	321	940	387	241	346	33	249	25	415	4
hsa-miR-345-5p	2	0	2	0	2	5	18	0	0	3	4	3	0	3	2	42	56	3	32	95	5	0	81	0	9	6	0	0	0	9	0	6	5	30	0	11	13	0	0	0	2	0
hsa-miR-99b-3p	5	0	2	0	0	0	6	0	0	3	16	3	0	2	2	14	47	4	14	57	11	0	58	3	0	0	0	0	0	6	0	17	7	29	13	4	2	0	0	0	7	0
hsa-miR-1249-3p	0	0	0	0	0	0	0	0	0	0	0	0	0	6	0	0	4	0	0	0	0	0	0	0	0	4	0	0	0	0	0	0	0	0	0	7	0	12	0	0	2	0
hsa-miR-590-5p	0	0	0	0	0	0	0	0	0	0	0	0	0	0	0	0	0	0	0	0	3	0	0	0	0	0	0	0	0	0	0	0	0	0	0	0	0	0	0	0	0	0
hsa-miR-11401	0	0	5	0	2	0	15	0	3	0	0	0	0	0	0	13	30	0	26	0	0	0	47	0	8	6	0	0	0	0	0	0	0	26	5	5	6	0	3	2	12	0
hsa-miR-11400	0	2	0	2	2	0	8	0	0	0	25	11	4	19	14	228	220	9	123	659	23	0	204	9	4	0	2	0	12	13	0	43	47	185	14	28	21	5	0	4	18	0
hsa-miR-7110-5p	0	0	0	0	0	0	0	0	0	0	0	0	0	0	0	3	0	0	0	0	0	0	0	0	0	0	0	0	0	0	0	0	0	2	0	0	0	0	0	0	0	0
hsa-miR-125a-5p	10	0	13	2	0	0	37	4	0	0	25	31	5	15	31	163	318	60	289	286	88	26	332	0	0	26	0	16	3	29	0	88	37	120	36	37	55	22	0	16	23	0
hsa-miR-10399-3p	0	0	2	0	2	0	0	0	0	0	0	0	0	0	0	22	10	2	26	38	7	4	36	0	3	5	0	10	0	2	0	2	2	0	2	2	0	0	0	0	6	0
hsa-miR-671-3p	0	0	5	2	12	0	9	0	0	10	44	68	3	200	37	142	44	87	99	208	40	46	287	15	15	0	3	20	3	34	0	86	79	128	87	82	51	14	21	101	99	0
hsa-miR-7855-5p	0	0	0	0	0	0	0	0	0	0	0	0	0	0	0	0	3	0	0	0	0	0	2	0	0	0	0	0	0	0	0	0	0	2	0	0	0	0	0	0	0	0
hsa-miR-103a-3p	52	13	30	6	44	22	168	1	14	6	101	30	13	203	53	758	1290	169	433	1293	234	117	1828	22	55	59	0	5	8	382	6	132	141	573	143	116	153	5	95	17	218	2
hsa-miR-502-3p	0	0	1	0	1	0	11	0	0	0	0	0	0	2	0	6	13	0	1	5	0	2	16	0	7	2	0	0	0	28	0	7	0	11	0	13	7	0	3	0	6	0
hsa-miR-6770-3p	0	0	0	0	0	0	0	0	0	0	0	0	0	0	0	0	0	0	0	0	0	0	0	0	0	0	0	0	0	0	0	0	0	3	0	0	0	0	0	0	0	0
hsa-miR-25-3p	84	11	58	14	104	97	955	23	65	44	113	48	16	77	78	537	697	318	340	736	171	186	1127	28	285	226	0	14	4	1933	11	176	157	267	100	161	216	19	273	42	414	4
hsa-miR-339-5p	5	0	2	0	7	0	4	0	4	0	8	5	0	31	4	170	360	33	148	279	13	17	477	0	2	2	2	0	0	5	0	33	15	131	12	20	10	0	14	13	49	0
hsa-miR-584-5p	87	4	66	8	75	26	357	8	22	23	288	319	47	455	345	1966	851	482	1891	1492	357	378	3609	127	148	71	21	29	34	599	10	625	419	845	606	320	504	153	95	260	799	8
hsa-miR-223-5p	5	0	5	3	2	0	130	0	0	0	18	22	0	31	7	502	342	30	156	493	39	24	379	9	29	15	0	0	0	110	0	43	37	161	18	19	7	0	6	40	65	0
hsa-miR-589-3p	0	0	0	0	0	0	0	0	0	0	0	0	0	0	0	0	2	0	0	0	0	0	4	0	0	0	0	0	0	0	0	0	0	0	0	0	0	0	0	0	0	0
hsa-miR-1180-3p	20	2	17	8	56	20	160	4	42	25	12	6	0	43	10	26	31	63	20	26	39	26	59	16	79	86	0	0	3	294	0	32	32	36	26	49	50	8	76	2	41	0
hsa-miR-660-5p	2	0	0	0	7	0	16	2	4	0	4	5	0	0	6	15	30	5	18	34	17	3	18	2	15	7	0	2	0	63	0	4	6	17	0	9	4	0	4	0	4	0
hsa-miR-6875-5p	0	0	0	0	3	0	0	0	0	0	0	0	0	0	0	2	0	0	0	0	2	0	0	0	0	0	0	0	0	0	0	0	0	0	0	0	0	0	0	0	0	0
hsa-miR-6514-5p	0	2	0	0	0	0	7	0	0	0	0	0	0	0	0	0	0	0	0	0	0	0	6	0	0	0	0	0	0	0	0	0	2	2	0	0	2	0	0	0	0	0
hsa-miR-194-5p	0	0	0	0	0	0	66	0	0	0	0	3	0	0	0	11	2	3	0	5	0	0	11	0	0	9	0	0	0	11	0	0	8	0	0	0	0	0	7	0	0	0
hsa-miR-217-5p	0	0	7	0	0	0	0	0	0	0	0	0	0	0	0	0	0	0	0	0	0	0	0	0	0	0	0	0	0	0	0	0	0	0	0	0	0	0	0	0	0	0
hsa-miR-409-5p	0	0	0	0	2	0	0	0	0	0	2	4	0	0	0	9	2	4	0	0	0	0	24	0	3	0	0	0	0	0	0	0	0	2	2	0	0	0	0	0	2	0
hsa-miR-101-5p	0	0	0	0	0	0	0	0	0	0	0	0	0	0	0	0	0	0	0	0	0	0	0	0	0	0	0	0	0	0	0	0	0	4	0	0	0	0	0	0	0	0
hsa-miR-654-5p	2	0	6	0	7	0	0	0	0	0	31	22	0	61	5	176	35	18	67	94	29	20	327	7	9	0	0	12	0	19	0	5	36	103	55	52	5	2	9	23	40	0
hsa-miR-7151-5p	0	0	0	0	0	0	0	0	0	0	0	0	0	0	0	0	0	0	0	0	0	0	5	0	0	0	0	0	0	0	0	0	0	0	0	0	0	0	0	0	0	0
hsa-miR-188-5p	0	0	0	0	2	0	0	0	0	0	0	0	0	0	0	0	0	0	0	0	0	0	0	0	0	0	0	0	0	4	0	0	0	0	0	0	0	0	0	0	0	0
hsa-miR-5588-5p	0	0	0	0	0	0	0	0	0	0	2	0	0	0	0	0	0	0	0	0	0	0	0	0	0	0	0	0	0	0	0	0	0	0	0	0	0	0	0	0	0	0
hsa-miR-30e-3p	0	0	0	0	5	0	17	0	0	0	3	0	0	10	2	136	55	16	34	174	6	7	114	5	0	2	0	0	0	17	0	5	18	29	5	10	7	0	0	7	12	0
hsa-miR-340-5p	8	0	3	0	0	0	41	6	0	0	37	6	0	10	23	276	256	28	198	496	42	16	264	2	37	12	0	9	0	147	0	32	55	72	52	37	33	0	5	4	24	0
hsa-miR-532-5p	101	3	65	24	116	21	696	5	31	42	134	60	6	83	62	531	390	277	349	711	257	174	907	33	236	176	3	16	11	1659	15	198	197	389	161	160	262	22	238	20	324	0
hsa-miR-106a-5p	0	0	0	0	0	0	13	0	0	0	0	0	0	0	1	10	8	8	3	11	5	2	11	0	4	3	0	0	0	23	0	6	7	1	5	0	3	0	0	2	12	0
hsa-miR-27a-5p	0	0	0	0	0	0	0	0	0	0	0	0	0	0	0	2	7	2	2	4	0	0	3	0	0	0	0	0	0	0	0	0	0	0	4	0	2	0	0	0	0	0
hsa-miR-590-3p	0	0	0	0	0	0	0	0	0	0	0	0	0	0	0	0	0	0	0	2	0	0	0	0	0	0	0	0	0	0	0	0	0	0	0	0	0	0	0	0	0	0
hsa-miR-10b-5p	165	5	27	13	35	33	1663	12	8	17	213	19	11	18	91	37	28	319	76	196	275	83	292	30	766	386	0	18	0	1829	28	407	186	116	158	125	125	12	208	40	267	3
hsa-miR-6511b-3p	0	0	0	0	0	0	0	0	0	0	0	0	0	11	0	0	2	0	0	0	0	0	0	0	0	0	0	0	0	0	0	0	0	0	0	0	0	0	0	0	0	0
hsa-miR-7110-3p	0	0	0	0	0	0	0	0	0	0	0	0	0	0	0	0	0	2	0	0	0	0	0	0	0	0	0	0	0	0	0	0	0	0	0	0	0	0	0	4	2	0
hsa-miR-125a-3p	0	0	0	0	0	0	0	0	0	0	0	2	0	0	0	2	0	0	0	0	0	0	4	0	0	0	0	0	0	0	0	0	0	0	0	2	0	0	0	0	0	0
hsa-miR-6881-3p	0	0	0	0	2	0	13	0	0	0	0	0	0	0	0	0	0	0	0	0	0	0	0	0	0	0	0	0	0	0	0	0	0	0	0	0	0	0	0	0	0	0
hsa-miR-199a-5p	7	2	11	2	9	0	8	0	0	0	21	3	0	17	22	580	725	32	331	786	64	23	1054	7	5	0	0	0	2	30	0	45	26	394	80	53	56	15	0	4	56	0
hsa-miR-3682-3p	0	0	0	0	0	0	0	0	0	0	0	0	0	0	0	0	0	0	0	0	0	0	0	0	0	0	0	0	0	2	0	0	0	5	0	0	0	0	0	0	0	0
hsa-miR-142-5p	27	4	6	2	19	16	228	3	2	0	13	12	2	0	5	241	156	38	117	312	31	15	200	3	30	37	0	0	0	286	5	19	18	47	18	18	32	0	21	0	36	0
hsa-miR-550b-2-5p	0	0	0	0	0	0	0	0	0	0	0	0	0	0	0	0	0	0	0	0	0	0	5	0	0	0	0	0	0	0	0	0	0	0	0	0	0	0	0	0	0	0
hsa-miR-1238-3p	0	0	0	0	0	0	3	0	0	0	0	0	0	0	0	0	0	0	0	0	0	0	0	0	0	0	0	0	0	4	0	0	0	0	0	0	0	0	0	0	0	0
hsa-miR-339-3p	0	2	4	0	3	0	26	0	0	0	0	0	0	2	0	24	95	7	37	41	11	5	102	0	8	2	2	0	0	17	0	14	4	68	4	8	6	0	0	0	11	0
hsa-miR-223-3p	8	0	0	0	6	0	32	0	0	0	22	4	0	6	25	265	386	28	238	484	40	15	680	6	5	10	0	8	0	21	0	23	16	129	62	7	28	4	2	6	33	0
hsa-miR-500a-3p	0	0	1	0	1	0	2	0	0	0	0	0	6	4	0	16	11	0	3	4	0	0	3	0	8	0	0	0	0	28	0	8	2	12	2	4	6	0	0	0	3	0
hsa-miR-660-3p	0	0	0	0	0	0	0	0	0	0	0	0	0	0	0	0	2	0	0	0	0	0	0	0	0	0	0	0	0	0	0	0	0	2	0	0	0	0	0	0	0	0
hsa-miR-6514-3p	0	0	0	0	0	0	0	0	0	0	0	0	0	0	0	0	0	0	0	0	0	0	0	0	0	0	0	0	0	2	0	0	0	0	0	0	0	0	0	0	0	0
hsa-miR-7849-3p	0	0	0	0	0	0	0	0	0	0	0	0	0	0	0	0	0	0	0	2	0	0	0	0	0	0	0	0	0	0	0	0	0	0	0	0	0	0	0	0	2	0
hsa-miR-497-5p	0	0	4	0	0	0	0	0	0	0	0	0	0	0	0	0	0	0	0	0	0	0	0	0	0	0	0	0	0	0	0	0	0	0	0	0	0	0	0	0	0	0
hsa-miR-136-5p	0	0	6	0	6	0	0	0	0	0	0	0	0	0	0	32	9	6	0	22	7	0	19	0	0	0	0	0	0	0	0	0	5	0	4	3	2	0	2	3	0	0
hsa-miR-194-3p	0	0	0	0	0	0	0	0	0	0	0	0	0	0	0	0	2	0	0	0	0	0	0	0	0	0	0	0	0	0	0	5	0	0	0	0	0	0	0	2	0	0
hsa-miR-212-5p	0	0	0	0	0	0	0	0	0	0	0	0	0	0	0	0	0	0	0	6	0	0	0	0	0	0	0	0	0	0	0	0	0	0	0	0	0	0	0	0	0	0
hsa-miR-4498	0	0	0	0	0	0	0	0	0	0	2	0	0	3	0	0	0	0	6	0	2	0	0	0	0	0	0	0	0	0	0	0	0	0	0	0	0	0	0	0	0	0
hsa-miR-4497	2	0	0	0	0	0	0	0	0	3	0	0	0	0	0	0	0	0	0	0	0	0	0	0	0	0	0	0	0	0	0	0	0	4	0	0	0	0	0	0	0	0
hsa-miR-96-5p	0	0	0	0	0	0	0	0	0	0	0	0	0	0	0	0	0	0	0	0	0	0	0	0	2	0	0	0	0	8	0	0	0	0	0	4	0	0	2	0	0	0
hsa-miR-409-3p	15	4	34	12	24	0	74	0	0	0	102	98	19	194	109	1070	108	106	299	338	144	113	1217	16	43	18	2	0	4	102	0	129	225	433	303	280	106	0	24	49	101	4
hsa-miR-101-3p	256	12	155	22	311	150	1823	34	41	66	346	120	17	28	165	1306	1353	843	616	1770	504	351	1442	63	699	518	14	56	17	6529	59	303	524	585	452	360	486	87	672	69	705	2
hsa-miR-6503-5p	0	0	0	0	0	0	0	0	0	0	0	0	0	0	0	0	0	0	0	2	0	0	0	0	0	0	0	0	0	0	0	0	0	0	0	0	0	0	0	0	0	0
hsa-miR-4492	0	0	0	0	0	0	0	0	0	0	1	3	0	0	0	0	0	0	0	0	0	0	0	0	0	0	0	0	0	0	0	0	0	3	0	0	0	0	0	0	0	0
hsa-miR-654-3p	4	0	4	0	2	0	3	0	0	0	22	19	0	19	12	482	88	14	100	166	24	37	818	2	5	4	0	0	2	8	0	11	14	183	42	33	9	0	4	16	25	0
hsa-miR-299-5p	0	0	0	0	0	0	0	0	0	0	0	0	0	0	0	0	0	0	2	0	0	0	0	0	0	0	0	0	0	0	0	0	0	0	0	0	0	0	0	0	0	0
hsa-miR-6753-3p	0	0	0	0	0	0	0	0	0	0	0	0	0	0	2	0	0	0	0	0	0	0	0	0	0	0	0	0	0	0	0	0	0	0	0	0	0	0	0	0	0	0
hsa-miR-183-5p	13	0	5	0	4	11	400	4	4	8	48	25	0	13	41	12	15	68	18	51	57	71	62	6	33	31	0	10	5	512	5	20	52	32	33	6	37	16	187	2	166	0
hsa-miR-4690-3p	0	0	0	0	0	0	0	0	0	0	0	0	0	0	0	3	0	0	0	0	0	0	0	0	0	0	0	0	0	0	0	0	0	0	0	6	0	0	0	0	0	0
hsa-miR-340-3p	0	0	0	0	0	0	18	0	0	0	16	7	0	15	9	67	61	20	79	152	2	14	199	12	0	6	0	8	0	26	0	8	19	6	10	0	10	0	2	16	26	0
hsa-miR-532-3p	0	0	0	4	0	0	0	0	0	0	0	0	0	0	0	6	2	0	2	2	0	0	6	0	0	3	0	0	0	0	0	0	0	2	0	0	0	0	0	0	2	0
hsa-miR-6747-3p	2	0	0	0	0	0	0	0	0	0	0	0	0	2	0	0	0	2	0	0	2	0	0	0	0	0	0	0	0	0	0	2	0	0	0	0	0	0	0	0	4	0
hsa-miR-27a-3p	43	1	20	2	26	34	196	1	7	2	42	34	2	21	54	328	476	172	351	771	88	57	719	21	112	102	3	14	0	577	6	104	49	259	97	47	67	23	108	34	166	0
hsa-miR-4489	0	0	0	0	0	0	0	0	0	0	0	0	0	0	0	3	0	3	0	0	0	0	0	0	0	4	0	0	0	0	0	10	3	0	0	0	0	0	0	0	2	0
hsa-miR-10b-3p	0	0	0	0	0	0	0	0	0	0	0	0	0	0	0	0	0	0	0	0	2	0	0	0	0	0	0	0	0	0	0	0	0	0	0	0	0	0	0	0	0	0
hsa-miR-4488	2	0	0	0	4	0	3	0	0	0	0	0	0	0	0	0	0	0	0	2	0	0	0	0	0	3	0	0	0	0	0	0	0	0	0	3	0	0	0	0	0	0
hsa-miR-369-5p	0	0	0	0	0	0	0	0	0	0	0	0	0	0	2	76	20	0	32	24	3	5	90	2	5	0	0	0	0	2	0	2	5	30	15	13	2	0	0	2	2	0
hsa-miR-550b-3p	0	0	0	0	0	0	0	0	0	0	0	0	0	0	0	0	0	0	0	0	0	0	0	0	4	0	0	0	0	0	0	0	0	0	0	0	0	0	0	0	0	0
hsa-miR-199a-3p	5	3	4	0	1	2	15	0	0	0	7	41	0	21	11	227	192	25	135	226	29	13	411	3	15	3	3	0	1	27	0	18	21	109	48	16	11	0	11	17	33	0
hsa-miR-374b-5p	0	0	0	0	0	0	0	0	0	0	4	5	0	9	8	29	57	5	50	53	9	0	89	0	0	0	0	0	0	3	0	2	0	9	5	0	3	0	0	0	11	0
hsa-miR-142-3p	0	0	2	0	0	0	0	0	0	0	3	4	0	16	6	80	85	11	11	124	4	8	95	0	0	2	0	0	0	28	0	6	10	23	13	2	5	0	9	0	25	0
hsa-miR-6736-5p	0	0	0	0	0	0	0	0	0	0	0	0	0	0	0	0	0	0	0	0	0	0	0	0	0	0	0	0	0	0	0	0	0	2	0	0	0	0	0	0	3	0
hsa-miR-3158-3p	6	6	11	4	36	11	113	0	8	0	10	5	0	0	6	61	59	48	8	36	31	21	64	3	45	28	0	0	0	194	2	8	28	45	8	10	57	5	44	2	39	0
hsa-miR-5187-5p	0	0	0	0	0	0	0	0	0	0	0	0	0	3	0	7	4	0	0	6	5	0	6	0	0	0	0	0	0	0	0	0	0	2	0	0	4	0	0	0	5	0
hsa-miR-410-3p	0	0	0	0	0	0	0	0	0	0	0	0	0	0	0	9	4	0	0	5	0	0	10	0	0	0	0	0	0	0	0	0	0	2	0	0	0	0	0	0	2	0
hsa-miR-3613-5p	0	0	0	0	0	0	2	0	0	0	0	0	0	6	0	3	4	0	12	8	0	0	6	0	0	0	0	0	0	6	0	0	0	0	3	0	0	0	0	0	4	0
hsa-miR-181a-5p	57	11	36	12	39	25	224	2	13	5	206	61	3	68	114	1253	1596	124	1056	872	222	133	1688	36	110	149	2	7	4	368	5	202	222	469	271	149	259	32	80	7	245	0
hsa-miR-136-3p	0	0	6	0	0	0	8	0	0	0	0	0	0	0	0	20	9	3	0	13	0	0	21	0	0	0	0	0	0	0	0	0	0	3	2	2	0	0	0	0	4	0
hsa-miR-328-3p	21	7	34	6	41	5	33	0	4	8	85	130	10	257	101	385	287	125	336	542	200	101	635	42	69	20	10	6	15	85	3	185	146	284	238	165	167	36	26	134	215	2
hsa-miR-381-3p	4	2	6	4	9	0	23	0	0	0	21	5	0	0	13	429	174	14	70	324	26	21	590	0	5	4	0	0	0	29	0	4	42	146	99	44	23	0	3	5	28	0
hsa-miR-487b-5p	0	0	0	0	0	0	0	0	0	0	0	0	0	0	0	0	0	0	0	0	0	0	0	0	0	0	0	0	0	0	0	0	0	0	0	0	2	0	0	0	0	0
hsa-miR-6788-3p	0	0	0	0	0	0	0	0	0	0	0	0	0	0	0	0	0	0	0	0	0	0	0	0	0	0	2	0	0	0	0	0	0	0	0	0	0	0	0	0	0	0
hsa-let-7f-5p	173	13	28	8	39	129	729	22	89	26	997	832	170	1510	364	2429	1558	1169	1754	4843	834	631	5687	599	251	254	62	313	94	3852	25	613	1165	588	508	545	447	294	299	968	1616	18
hsa-miR-4473	0	0	0	0	0	0	0	0	0	0	0	6	0	0	0	2	3	2	2	4	0	0	6	0	0	0	0	0	0	6	0	0	0	3	0	0	0	0	0	0	0	0
hsa-miR-6503-3p	0	0	0	0	0	0	4	0	0	0	0	0	0	0	0	0	2	2	7	0	0	0	2	0	0	0	0	0	0	6	0	0	0	0	0	0	0	0	0	0	4	0
hsa-miR-4667-5p	0	0	0	0	0	0	0	0	0	0	0	0	0	0	0	2	0	0	0	0	0	0	0	0	0	0	0	0	0	0	0	0	0	0	0	0	0	0	0	2	0	0
hsa-miR-4470	0	0	0	0	0	0	0	0	0	0	0	0	0	0	0	4	7	0	0	0	0	0	4	0	0	0	0	0	0	0	0	0	0	4	0	3	0	0	0	0	2	0
hsa-miR-486-5p	8720	450	2308	1592	16024	2588	123023	1937	7248	5490	4873	4556	678	5092	6052	8239	8241	16921	5846	6608	9044	9007	18050	3392	19728	17822	355	1589	627	55428	886	12347	8025	7573	6521	13845	12704	2800	15362	3493	19125	119
hsa-miR-4743-5p	0	0	0	0	0	0	0	0	0	0	0	0	0	0	0	0	0	0	0	0	0	0	0	0	6	3	0	0	0	0	0	3	0	0	0	0	0	0	0	0	0	0
hsa-miR-183-3p	0	0	0	0	0	0	0	0	0	0	0	0	0	0	0	0	0	0	0	0	0	0	0	2	0	0	0	0	0	4	0	0	0	0	0	0	0	0	0	0	3	0
hsa-miR-370-5p	0	0	0	0	0	0	0	0	0	0	0	0	0	0	0	0	0	0	0	0	0	0	4	0	0	0	0	0	0	0	0	0	0	0	0	0	0	0	0	0	0	0
hsa-miR-326	0	0	0	4	4	0	12	0	0	0	0	6	0	5	0	74	202	3	39	106	12	3	159	2	2	0	0	2	0	2	0	10	3	132	12	4	15	0	2	7	13	0
hsa-miR-375-3p	45	2	16	10	90	13	617	17	17	5	132	18	8	9	28	50	8	152	9	22	120	20	67	5	438	200	9	7	8	255	3	124	180	6	30	8	17	3	46	16	60	0
hsa-miR-6777-5p	0	0	0	0	0	0	0	0	0	0	0	0	0	0	0	0	0	0	0	0	0	0	0	0	0	0	0	0	0	0	0	0	0	2	0	0	0	0	0	0	0	0
hsa-miR-556-5p	0	0	0	0	0	0	0	0	0	0	0	0	0	0	0	0	0	0	0	0	0	0	3	0	0	0	0	0	0	3	0	0	0	0	0	0	0	0	0	0	0	0
hsa-miR-369-3p	0	0	0	0	0	0	0	0	0	0	0	0	0	0	0	6	0	0	2	0	0	2	7	0	0	0	0	0	0	0	0	0	0	0	0	2	0	0	0	0	0	0
hsa-miR-4466	0	0	2	0	0	0	4	0	3	3	0	0	0	6	0	0	0	0	0	0	0	0	0	0	0	0	0	0	0	0	0	0	0	2	0	0	0	9	0	0	0	0
hsa-miR-6847-5p	0	0	0	0	0	0	0	0	0	0	0	0	0	0	0	0	0	0	0	2	0	0	0	0	0	0	0	0	0	0	0	0	0	0	0	0	0	0	0	0	0	0
hsa-miR-20b-5p	0	0	0	0	5	0	42	0	0	0	0	0	0	0	5	16	4	17	1	13	11	2	20	0	16	8	0	0	0	49	0	6	2	2	4	2	4	0	7	0	5	0
hsa-miR-146b-5p	39	12	40	23	40	10	380	3	6	9	241	81	15	210	121	2498	3342	236	1907	5463	331	150	5907	31	188	140	5	13	25	874	4	383	506	1750	384	226	285	12	42	173	277	4
hsa-miR-135a-3p	0	0	0	0	0	0	0	0	0	0	0	0	0	2	0	0	0	0	0	0	0	0	3	0	0	0	0	0	0	0	0	0	0	0	0	0	0	0	0	0	0	0
hsa-miR-3613-3p	0	0	0	0	0	0	0	0	0	0	0	0	0	0	0	0	0	0	2	3	0	0	0	0	0	0	0	0	0	0	0	0	0	0	0	0	0	0	0	0	0	0
hsa-miR-10401-3p	0	0	0	0	2	0	0	0	0	0	0	0	0	0	0	0	0	0	0	0	0	0	0	0	0	0	0	0	0	0	0	0	0	0	0	0	0	0	0	0	0	0
hsa-miR-181a-3p	0	0	0	0	0	0	4	0	0	0	4	0	0	0	0	16	23	0	37	4	0	0	13	0	0	0	0	0	0	3	0	0	0	5	0	0	0	0	0	0	0	0
hsa-miR-487b-3p	0	0	0	0	0	0	0	0	0	0	3	0	0	0	0	7	8	0	9	7	0	0	55	0	0	0	0	0	0	0	0	0	2	5	5	2	0	0	0	0	2	0
hsa-let-7a-5p	325	14	43	16	106	244	1333	96	223	90	1535	1561	423	4948	475	2101	1587	2288	1861	4520	1386	1242	6995	1481	415	713	95	667	172	7223	72	1001	1306	987	592	897	747	689	781	1541	3332	34
hsa-let-7f-1-3p	0	0	0	0	0	0	0	0	0	0	0	0	0	0	0	9	11	5	7	32	0	3	25	0	0	0	0	0	0	0	0	0	2	6	0	3	0	0	0	0	0	0
hsa-miR-7706	2	2	4	0	25	0	67	0	0	4	2	9	0	0	3	12	11	22	16	16	5	2	35	0	14	22	0	2	0	101	2	22	8	23	6	15	23	0	9	2	22	0
hsa-miR-7704	0	0	0	0	0	0	0	0	0	0	0	0	0	0	0	0	0	0	0	2	0	0	0	0	0	0	0	0	0	0	0	0	0	0	0	0	0	0	0	0	2	0
hsa-miR-6806-3p	0	0	0	0	0	0	0	0	0	0	0	0	0	0	0	0	0	2	0	2	0	0	0	0	0	0	0	0	0	0	0	0	0	0	0	0	0	0	0	0	0	0
hsa-miR-486-3p	53	0	15	5	38	20	616	10	27	23	63	20	8	48	36	43	40	123	18	43	80	65	159	34	81	96	2	7	0	446	5	53	38	60	31	88	88	19	116	22	190	0
hsa-miR-504-5p	0	0	0	0	0	0	0	0	0	0	0	4	0	0	0	0	0	0	0	0	0	0	0	0	0	0	0	0	0	0	0	0	0	0	0	0	0	0	0	0	0	0
hsa-miR-370-3p	18	14	98	3	17	0	25	0	0	0	116	33	3	111	50	1395	533	122	384	782	176	123	2277	19	32	19	3	14	3	66	0	38	273	634	283	300	117	2	31	91	270	0
hsa-miR-6772-5p	0	0	0	0	0	0	0	0	0	0	0	0	0	0	0	2	0	0	0	3	0	0	0	0	0	0	0	0	0	0	0	0	0	0	0	0	0	0	0	0	0	0
hsa-miR-665	0	0	0	0	0	0	0	0	0	0	0	0	0	0	0	0	0	0	0	0	0	0	4	0	0	0	0	0	0	0	0	0	0	5	0	0	0	0	0	0	0	0
hsa-miR-1298-5p	0	0	0	0	0	0	0	0	0	0	0	0	0	0	0	0	2	0	0	0	0	0	0	0	0	0	0	0	0	0	0	0	0	0	0	0	0	0	0	0	0	0
hsa-miR-4732-5p	13	0	8	0	35	5	71	0	0	0	4	4	0	0	3	6	0	35	3	2	13	2	5	2	19	49	0	2	0	78	0	13	7	10	2	14	24	0	29	0	13	0
hsa-miR-4449	0	0	0	3	0	0	0	0	0	4	0	0	0	0	0	0	0	0	0	0	2	0	0	0	0	0	0	0	0	0	0	0	0	0	0	0	0	0	0	0	0	0
hsa-miR-6766-5p	0	0	0	0	0	0	0	0	0	0	0	0	0	0	0	0	0	0	0	0	0	0	0	0	0	0	0	0	0	0	0	0	0	2	0	0	0	0	0	0	0	0
hsa-miR-5090	0	0	0	0	0	0	0	0	2	0	0	0	0	3	0	0	0	0	0	0	0	0	0	0	0	0	0	0	0	0	0	0	0	0	0	0	0	0	0	0	0	0
hsa-miR-1197	0	0	0	0	0	0	0	0	0	0	0	0	0	0	0	2	0	0	0	0	0	0	0	0	0	0	0	0	0	0	0	0	0	0	0	0	0	0	0	0	0	0
hsa-miR-6842-5p	0	0	0	0	0	0	0	0	0	0	0	0	0	2	0	0	3	0	0	0	4	2	2	0	0	0	0	0	0	0	0	0	0	2	0	2	0	0	0	0	2	0
hsa-miR-4443	0	0	0	0	0	0	0	0	0	0	0	0	0	2	0	0	0	0	0	0	0	0	0	0	0	0	0	0	0	0	0	6	0	0	0	0	0	0	2	0	0	0
hsa-miR-1193	0	0	0	0	0	0	0	0	0	0	0	0	0	0	0	2	0	0	0	0	0	0	0	0	0	0	0	0	0	0	0	0	0	0	0	0	0	0	0	0	0	0
hsa-miR-20b-3p	0	0	0	0	0	0	0	0	0	0	0	0	0	0	0	0	0	0	0	0	0	0	0	0	0	0	0	0	0	4	0	0	0	0	0	0	0	0	0	0	0	0
hsa-miR-146b-3p	0	0	0	0	3	0	0	0	0	0	0	0	0	0	0	5	11	0	0	4	0	0	27	0	0	0	0	0	0	0	0	9	0	7	0	0	0	0	0	0	2	0
hsa-miR-2278	0	0	0	0	0	0	0	0	0	0	2	0	4	0	0	0	0	0	0	0	0	0	0	0	0	0	0	0	0	0	0	0	0	0	0	0	0	0	0	0	0	0
hsa-miR-2115-3p	0	0	0	0	0	0	0	0	0	0	0	0	0	0	0	0	0	0	0	0	0	0	0	0	0	4	0	0	0	0	0	0	0	0	0	0	0	0	0	0	0	0
hsa-miR-6894-3p	0	0	0	0	0	0	6	0	0	0	0	0	0	0	0	0	0	0	0	0	0	0	0	0	0	0	0	0	0	0	0	2	0	0	0	0	0	0	0	0	0	0
hsa-miR-155-5p	0	0	0	0	0	0	17	0	0	0	15	2	0	19	7	28	50	10	20	94	5	9	128	0	0	2	0	23	4	6	0	4	8	17	10	4	8	0	2	7	22	0
hsa-miR-4437	0	0	0	0	0	0	0	0	0	0	0	0	0	0	0	0	0	0	0	2	0	0	0	0	0	0	0	0	0	0	0	0	0	0	0	0	0	0	0	0	6	0
hsa-let-7a-3p	0	0	0	0	0	0	4	0	0	0	0	2	0	0	3	107	48	11	39	151	3	0	64	0	3	10	0	2	0	50	0	4	12	10	0	2	8	0	0	0	9	0
hsa-miR-539-5p	0	0	0	0	0	0	0	0	0	0	0	0	2	0	0	0	0	0	0	0	0	0	0	0	0	0	0	0	0	0	0	2	0	0	0	0	0	0	0	0	0	0
hsa-miR-4435	0	0	0	2	0	0	0	0	0	2	0	0	0	0	0	0	0	4	3	4	0	0	8	0	0	0	0	0	0	0	0	0	0	0	0	0	0	0	0	0	3	0
hsa-miR-597-3p	0	0	0	0	0	0	0	0	0	0	2	0	0	0	0	0	0	0	0	0	0	0	3	0	0	0	0	0	0	0	0	0	0	0	0	0	0	0	0	0	0	0
hsa-miR-423-5p	2462	841	2054	2060	4281	636	12546	307	892	572	2482	2383	650	8055	2096	9771	6631	3852	8267	12667	3612	3558	15405	2293	7885	5598	169	1002	333	11772	230	5878	3500	9997	3316	3335	4909	1179	3055	3357	5872	68
hsa-miR-4791	0	0	0	0	0	0	0	0	0	0	0	0	0	0	0	0	0	0	0	0	0	0	2	0	0	0	0	0	0	0	0	0	0	3	0	0	0	0	0	0	0	0
hsa-miR-22-5p	6	2	2	0	0	0	13	0	7	0	8	6	8	24	5	74	34	13	22	67	11	2	46	0	13	17	0	0	2	51	0	4	8	48	6	4	14	0	7	8	6	0
hsa-miR-24-2-5p	2	0	0	0	0	0	0	0	3	0	2	0	0	0	0	38	52	5	28	58	6	3	37	0	6	0	0	0	0	9	0	2	0	4	4	0	9	0	5	3	10	0
hsa-miR-6772-3p	0	0	0	2	0	0	0	0	0	0	0	0	2	6	0	0	2	0	0	5	5	0	4	0	0	0	0	0	0	0	0	0	5	0	0	5	3	0	0	0	0	0
hsa-miR-149-5p	0	0	0	0	0	0	0	0	0	0	0	0	0	0	0	0	0	0	0	0	0	0	0	0	0	0	0	0	0	0	0	0	0	0	0	0	2	0	0	0	0	0
hsa-miR-1976	0	0	0	0	0	0	0	0	0	0	0	0	0	0	0	0	0	0	0	0	0	0	0	0	2	0	0	0	0	6	0	0	0	0	0	0	0	0	0	0	0	0
hsa-miR-641	0	0	0	0	0	0	0	0	0	0	0	0	0	0	0	4	7	2	8	10	0	0	14	0	0	0	0	0	0	3	0	0	3	0	0	0	0	0	0	0	0	0
hsa-miR-6877-5p	0	0	0	0	0	0	0	0	0	0	0	0	0	0	0	0	0	0	2	0	0	0	7	0	0	0	0	0	0	0	0	0	0	0	0	0	0	0	0	0	2	0
hsa-miR-6516-5p	0	0	0	0	0	0	0	0	0	0	0	0	0	0	0	2	2	0	6	0	3	0	0	0	0	0	0	0	0	2	0	0	0	0	0	9	0	0	0	0	0	0
hsa-miR-4732-3p	2	0	0	3	13	5	32	0	2	3	0	3	0	3	0	2	2	3	0	0	2	4	0	6	13	9	0	0	0	45	0	0	3	0	0	8	6	0	6	0	12	0
hsa-miR-23b-5p	0	0	0	0	0	0	0	0	0	0	0	0	0	4	0	3	2	0	5	10	2	0	10	0	0	0	0	0	0	2	0	0	2	0	0	4	3	0	0	9	4	0
hsa-miR-16-5p	31	0	12	0	20	16	243	2	21	0	15	0	2	20	15	94	169	36	79	242	25	27	260	25	22	18	0	2	0	393	0	28	32	67	21	30	21	10	93	16	64	0
hsa-miR-4429	0	0	0	0	4	1	0	0	0	0	0	0	0	2	0	0	3	0	0	1	0	0	5	0	0	1	0	0	0	9	0	4	0	4	0	3	0	0	0	0	0	0
hsa-miR-6766-3p	0	0	0	0	0	0	0	0	0	0	0	0	0	0	0	0	0	0	0	0	0	0	0	0	0	0	0	0	0	2	0	0	0	0	0	0	0	0	0	0	0	0
hsa-miR-4424	0	0	0	0	0	0	0	0	0	0	0	0	0	0	0	0	0	0	0	0	0	0	2	0	0	0	0	0	0	0	0	0	0	0	0	0	0	0	0	0	0	0
hsa-miR-1287-5p	0	0	0	0	0	0	0	0	0	0	0	0	0	0	0	2	3	0	5	2	2	0	2	0	0	0	0	0	0	5	0	0	0	2	0	0	2	0	3	0	0	0
hsa-miR-4784	0	0	0	0	0	0	0	0	0	0	0	0	0	0	0	0	0	0	0	0	0	0	0	0	0	0	0	0	0	5	0	0	0	0	0	0	0	0	0	0	0	0
hsa-miR-6842-3p	0	0	0	0	0	0	0	0	0	0	2	0	0	18	0	43	60	0	18	40	9	0	40	0	0	0	0	0	0	11	0	2	5	24	0	3	4	0	2	2	11	0
hsa-miR-3135a	0	0	0	0	0	0	0	0	0	0	3	0	0	0	0	0	0	0	0	0	0	0	0	0	0	0	0	0	0	0	0	0	2	0	0	0	0	0	0	0	0	0
hsa-miR-376a-5p	0	0	0	0	0	0	0	0	0	0	0	0	0	0	0	0	0	0	0	0	0	0	0	0	0	0	0	0	0	0	0	0	0	0	4	0	0	0	0	0	0	0
hsa-miR-6755-5p	0	0	0	0	0	0	0	0	0	0	0	0	0	0	0	0	0	0	0	0	0	0	2	0	0	0	0	0	0	0	0	0	0	0	0	0	0	0	0	0	0	0
hsa-miR-636	0	0	0	0	7	0	0	0	0	0	0	0	0	0	0	0	0	0	0	0	9	0	0	0	0	2	0	0	0	2	0	0	0	3	0	0	0	0	0	0	0	0
hsa-miR-3177-3p	2	0	0	0	0	0	15	0	0	0	0	5	0	0	0	26	19	0	59	21	9	0	48	0	0	2	0	0	0	4	0	8	2	26	8	5	8	0	3	3	8	0
hsa-miR-30b-5p	0	0	0	0	0	0	0	0	0	0	6	0	0	0	0	43	91	0	23	49	2	10	92	0	0	0	0	0	0	5	0	0	0	7	4	0	0	0	1	0	7	0
hsa-miR-4639-5p	0	0	0	0	0	0	0	0	0	0	0	0	0	0	0	0	0	0	0	0	0	0	0	0	0	0	0	0	0	0	0	0	0	0	0	0	2	0	0	0	0	0
hsa-miR-219a-1-3p	0	0	0	0	0	0	0	0	0	0	0	0	0	0	0	0	0	0	0	3	0	0	2	0	3	0	0	0	0	0	0	0	0	2	0	0	0	0	0	0	0	0
hsa-miR-150-5p	36	2	5	3	18	9	151	0	0	2	20	9	0	11	23	124	1500	73	149	613	74	57	4015	7	100	99	0	18	0	92	0	83	38	480	27	51	90	12	28	31	54	0
hsa-miR-342-5p	21	0	7	5	13	4	102	0	10	7	19	69	8	49	13	104	203	61	109	141	65	30	495	22	48	32	0	30	0	112	0	54	51	90	25	18	49	5	26	33	77	0
hsa-miR-6780a-5p	0	0	0	0	0	0	0	0	0	0	0	0	0	0	0	0	0	0	15	0	2	0	0	0	2	0	0	0	0	0	0	6	0	0	0	0	2	0	0	0	0	0
hsa-miR-539-3p	0	0	0	0	0	0	0	0	0	0	0	0	0	0	0	2	0	2	0	0	0	0	9	0	0	0	0	0	0	0	0	0	0	0	0	0	0	0	2	0	0	0
hsa-miR-423-3p	158	44	128	59	282	50	987	8	60	42	447	310	36	928	424	2005	2358	882	1873	3314	610	546	4547	143	451	233	20	98	39	929	16	1085	631	1817	910	698	782	120	207	404	1114	2
hsa-miR-6825-5p	0	0	0	0	0	0	0	0	0	0	0	0	0	0	0	0	0	0	0	0	0	0	5	0	0	0	0	0	0	0	0	2	0	0	0	0	0	0	0	0	2	0
hsa-miR-615-3p	0	0	0	0	0	0	13	0	0	0	0	0	0	0	0	2	0	0	0	0	0	0	0	0	10	2	0	0	0	7	0	0	0	0	0	0	0	4	0	0	3	0
hsa-miR-6883-3p	0	0	0	0	0	0	0	0	0	0	0	3	0	0	0	0	0	0	0	0	0	0	0	0	0	0	0	0	0	0	0	0	0	0	0	0	0	0	0	0	0	0
hsa-miR-22-3p	895	376	1248	302	914	232	4149	41	112	93	862	363	57	668	652	9037	10023	1586	6453	12951	2350	1133	10054	206	2134	1814	20	105	49	8419	56	1848	1307	8629	2039	1631	2459	175	1151	214	2369	23
hsa-miR-144-5p	0	0	0	0	0	0	9	0	0	0	0	0	0	0	0	0	0	7	0	2	4	0	0	0	0	0	0	0	0	34	0	0	0	0	3	0	2	0	2	0	5	0
hsa-miR-412-5p	0	0	0	0	0	0	0	0	0	0	0	0	0	0	0	9	0	0	0	0	0	0	0	0	0	0	0	0	0	0	0	0	0	0	0	0	0	0	0	0	0	0
hsa-miR-15a-5p	0	0	0	0	0	2	15	0	0	2	7	0	0	0	0	3	0	2	0	0	6	0	16	0	0	0	0	0	0	27	0	4	0	3	0	0	2	0	0	0	6	0
hsa-miR-3685	0	0	0	0	0	0	0	0	0	0	0	0	0	0	0	0	0	0	0	6	0	0	0	0	0	0	0	0	0	0	0	0	0	0	0	0	0	0	0	0	0	0
hsa-miR-3120-5p	0	0	0	0	0	0	0	0	0	0	2	0	0	0	0	11	0	0	0	6	0	2	13	0	0	0	0	0	0	0	0	0	0	8	4	0	0	3	0	0	2	0
hsa-miR-6516-3p	0	0	0	0	0	0	0	0	0	0	0	0	0	0	0	2	0	0	0	0	0	0	0	0	0	0	0	0	0	0	0	0	0	0	0	0	0	0	0	0	0	0
hsa-miR-3622a-5p	0	0	0	0	0	0	4	0	0	0	0	0	0	0	0	0	0	0	0	0	0	0	0	0	0	0	0	0	0	0	0	0	0	0	0	0	0	0	0	0	0	0
hsa-miR-23b-3p	0	0	0	0	0	0	0	0	351	0	0	1954	0	36	0	29	30	3	3	27	0	0	102	4	0	0	4	0	0	6	0	0	2	0	3	0	3	0	0	4	5	0
hsa-miR-191-5p	151	50	104	68	141	41	660	12	16	24	588	298	23	639	573	7657	12040	1098	5619	11422	1327	894	19936	156	205	148	15	115	42	1227	9	1459	897	5833	1062	881	1232	138	318	204	1353	7
hsa-miR-1229-5p	0	0	0	0	0	0	0	0	0	0	0	0	0	0	0	0	0	0	0	4	0	0	0	0	0	0	0	0	0	0	0	0	0	0	0	0	0	0	0	0	0	0
hsa-miR-184	0	0	5	0	0	0	19	0	0	0	11	10	0	5	4	0	0	5	4	0	5	4	4	5	6	0	2	0	0	25	0	2	7	0	0	5	6	0	19	0	11	0
